0 0.04140625 0.2777777777777778 0.0828125 0.2361111111111111
0 0.17578125 0.20555555555555555 0.06015625 0.16527777777777777
0 0.24296875 0.16666666666666666 0.04296875 0.1375
0 0.31328125 0.1361111111111111 0.02265625 0.08888888888888889
0 0.27890625 0.14583333333333334 0.0328125 0.11388888888888889
2 0.9734375 0.24166666666666667 0.053125 0.2263888888888889
2 0.85546875 0.18055555555555555 0.0546875 0.16527777777777777
2 0.7796875 0.15555555555555556 0.0484375 0.13194444444444445
2 0.73046875 0.1361111111111111 0.034375 0.11388888888888889
1 0.32890625 0.13055555555555556 0.01875 0.08333333333333333
1 0.64921875 0.10555555555555556 0.0140625 0.06388888888888888
1 0.634375 0.1 0.0140625 0.058333333333333334
1 0.6703125 0.1125 0.0171875 0.07083333333333333
1 0.35 0.11944444444444445 0.015625 0.07361111111111111