0 0.1234375 0.25833333333333336 0.07265625 0.17916666666666667
2 0.87109375 0.23472222222222222 0.06484375 0.16527777777777777
1 0.69453125 0.16111111111111112 0.028125 0.08194444444444444
0 0.2078125 0.21805555555555556 0.04921875 0.14305555555555555
1 0.2453125 0.20694444444444443 0.04140625 0.13194444444444445
2 0.80390625 0.20277777777777778 0.05390625 0.13472222222222222
1 0.29140625 0.18055555555555555 0.03515625 0.10972222222222222
1 0.66875 0.15 0.0234375 0.07083333333333333
1 0.34296875 0.15694444444444444 0.025 0.07361111111111111
1 0.77734375 0.19444444444444445 0.03671875 0.12361111111111112
1 0.73046875 0.1763888888888889 0.03984375 0.09027777777777778
1 0.31875 0.16666666666666666 0.0296875 0.09305555555555556