0 0.87265625 0.26666666666666666 0.0796875 0.19305555555555556
2 0.11796875 0.24305555555555555 0.06953125 0.17916666666666667
2 0.20703125 0.20694444444444443 0.05 0.1361111111111111
2 0.259375 0.18055555555555555 0.0390625 0.10694444444444444
0 0.73203125 0.19027777777777777 0.0421875 0.11527777777777778
2 0.30390625 0.1638888888888889 0.02890625 0.09583333333333334
0 0.68828125 0.17222222222222222 0.02890625 0.09583333333333334
2 0.32890625 0.15 0.02421875 0.08055555555555556
0 0.6625 0.15833333333333333 0.02265625 0.08055555555555556
0 0.64140625 0.14722222222222223 0.01640625 0.06944444444444445
0 0.77109375 0.21666666666666667 0.0484375 0.1388888888888889