2 0.83515625 0.22083333333333333 0.0390625 0.15
0 0.06484375 0.30972222222222223 0.0953125 0.2652777777777778
0 0.175 0.24166666666666667 0.040625 0.18194444444444444
2 0.9453125 0.26805555555555555 0.09765625 0.2375
2 0.7203125 0.17222222222222222 0.02734375 0.1125
0 0.23984375 0.1986111111111111 0.0390625 0.14583333333333334
0 0.28125 0.18472222222222223 0.02734375 0.10694444444444444
2 0.76171875 0.19305555555555556 0.0390625 0.12777777777777777
2 0.68828125 0.15555555555555556 0.021875 0.09722222222222222
2 0.66484375 0.14722222222222223 0.01875 0.08194444444444444
0 0.3171875 0.16944444444444445 0.0203125 0.06944444444444445