2 0.95078125 0.25833333333333336 0.0859375 0.2
2 0.7625 0.17916666666666667 0.0375 0.11388888888888889
2 0.8265625 0.20972222222222223 0.05 0.14722222222222223
2 0.72109375 0.1625 0.0328125 0.09722222222222222
2 0.6921875 0.1486111111111111 0.03125 0.08055555555555556
2 0.66875 0.1375 0.021875 0.075
0 0.07734375 0.2972222222222222 0.0953125 0.2222222222222222
0 0.21171875 0.2263888888888889 0.0546875 0.1527777777777778
0 0.275 0.19444444444444445 0.04375 0.12222222222222222
0 0.31875 0.1736111111111111 0.03125 0.09722222222222222
0 0.36484375 0.14722222222222223 0.0203125 0.07222222222222222
0 0.34140625 0.1597222222222222 0.0265625 0.08611111111111111
0 0.38203125 0.14027777777777778 0.0171875 0.058333333333333334
0 0.39453125 0.13472222222222222 0.0140625 0.05277777777777778