0 0.92421875 0.2625 0.08671875 0.2152777777777778
0 0.82109375 0.20555555555555555 0.059375 0.1638888888888889
0 0.67890625 0.13194444444444445 0.021875 0.0875
0 0.7484375 0.16666666666666666 0.0390625 0.12083333333333333
0 0.678125 0.1527777777777778 0.0203125 0.04583333333333333
0 0.7140625 0.15 0.02578125 0.10555555555555556
0 0.6578125 0.12083333333333333 0.0171875 0.07916666666666666
2 0.08359375 0.23333333333333334 0.0828125 0.20555555555555555
2 0.17890625 0.1875 0.05625 0.15138888888888888
2 0.28203125 0.14305555555555555 0.03203125 0.10277777777777777
2 0.31953125 0.12777777777777777 0.02578125 0.08472222222222223
2 0.34140625 0.11666666666666667 0.01875 0.0763888888888889
2 0.35859375 0.10972222222222222 0.01875 0.06666666666666667
2 0.2421875 0.1597222222222222 0.040625 0.12361111111111112
2 0.37265625 0.10277777777777777 0.0171875 0.06111111111111111
2 0.3859375 0.09861111111111111 0.015625 0.05694444444444444