2 0.215625 0.19583333333333333 0.05 0.14166666666666666
2 0.12421875 0.2388888888888889 0.0671875 0.18472222222222223
2 0.2703125 0.175 0.03984375 0.11666666666666667
2 0.309375 0.15833333333333333 0.0375 0.10138888888888889
2 0.3375 0.14444444444444443 0.02578125 0.08611111111111111
2 0.378125 0.12638888888888888 0.0203125 0.06805555555555555
2 0.35859375 0.13333333333333333 0.02265625 0.0763888888888889
2 0.39453125 0.12083333333333333 0.01875 0.058333333333333334
2 0.40234375 0.11666666666666667 0.0140625 0.05555555555555555
0 0.903125 0.2638888888888889 0.0703125 0.19583333333333333
0 0.81328125 0.21666666666666667 0.05703125 0.15
0 0.75390625 0.1875 0.0375 0.11666666666666667
0 0.69765625 0.1527777777777778 0.02734375 0.08611111111111111
0 0.72578125 0.16805555555555557 0.0328125 0.10416666666666667
0 0.6734375 0.14444444444444443 0.0203125 0.07361111111111111
0 0.65703125 0.1361111111111111 0.015625 0.058333333333333334