1 0.9515625 0.30277777777777776 0.09296875 0.22777777777777777
1 0.040625 0.27361111111111114 0.08125 0.20416666666666666
1 0.159375 0.22083333333333333 0.06328125 0.15138888888888888
1 0.3546875 0.17222222222222222 0.028125 0.08888888888888889
1 0.50859375 0.1736111111111111 0.0265625 0.09166666666666666
1 0.6625 0.17777777777777778 0.0296875 0.08888888888888889
1 0.80625 0.23333333333333334 0.0578125 0.1597222222222222
1 0.240625 0.18888888888888888 0.04296875 0.12361111111111112
1 0.43984375 0.1736111111111111 0.0296875 0.09166666666666666
1 0.76640625 0.2013888888888889 0.04453125 0.13055555555555556
1 0.71796875 0.18194444444444444 0.03359375 0.10416666666666667
1 0.28359375 0.1736111111111111 0.028125 0.09166666666666666
1 0.5875 0.1736111111111111 0.028125 0.09722222222222222