0 0.0875 0.29583333333333334 0.08984375 0.21805555555555556
2 0.8390625 0.2111111111111111 0.05625 0.14583333333333334
2 0.95390625 0.2722222222222222 0.08203125 0.20416666666666666
0 0.20234375 0.23472222222222222 0.0609375 0.15694444444444444
2 0.771875 0.18194444444444444 0.04375 0.11388888888888889
0 0.2734375 0.2 0.040625 0.11944444444444445
2 0.69609375 0.1527777777777778 0.0265625 0.08611111111111111
0 0.30859375 0.17916666666666667 0.034375 0.1
2 0.67265625 0.14166666666666666 0.021875 0.07222222222222222
0 0.3375 0.1638888888888889 0.0265625 0.08611111111111111
2 0.7265625 0.16805555555555557 0.0375 0.1