0 0.040625 0.3458333333333333 0.08125 0.25833333333333336
2 0.83828125 0.2263888888888889 0.0671875 0.15833333333333333
0 0.16171875 0.25277777777777777 0.065625 0.17777777777777778
2 0.9578125 0.2902777777777778 0.08125 0.225
2 0.75703125 0.19166666666666668 0.0484375 0.12222222222222222
0 0.23671875 0.20833333333333334 0.046875 0.12777777777777777
0 0.28125 0.18194444444444444 0.0359375 0.10833333333333334
2 0.6796875 0.15555555555555556 0.028125 0.08611111111111111
2 0.65703125 0.14722222222222223 0.025 0.07777777777777778
2 0.71328125 0.17083333333333334 0.0359375 0.10277777777777777
2 0.63359375 0.1375 0.0203125 0.06666666666666667
0 0.31953125 0.1625 0.0265625 0.08611111111111111