0 0.0359375 0.3416666666666667 0.071875 0.24444444444444444
1 0.0921875 0.30416666666666664 0.09375 0.21944444444444444
1 0.84453125 0.2222222222222222 0.0609375 0.14444444444444443
1 0.775 0.19444444444444445 0.04375 0.11666666666666667
1 0.72265625 0.17916666666666667 0.0328125 0.09166666666666666
1 0.30625 0.1875 0.034375 0.1
1 0.96484375 0.27361111111111114 0.0671875 0.19722222222222222
1 0.26328125 0.2125 0.0484375 0.12777777777777777
1 0.2046875 0.2375 0.05625 0.15833333333333333
1 0.33828125 0.175 0.025 0.07777777777777778
1 0.690625 0.1625 0.0203125 0.08333333333333333