0 0.06640625 0.3125 0.0953125 0.225
1 0.1296875 0.2833333333333333 0.08125 0.2
1 0.93125 0.25833333333333336 0.065625 0.18611111111111112
1 0.82421875 0.2152777777777778 0.0546875 0.1361111111111111
1 0.759375 0.19027777777777777 0.040625 0.10833333333333334
1 0.275 0.20277777777777778 0.04375 0.12222222222222222
1 0.3140625 0.18611111111111112 0.03125 0.09444444444444444
1 0.6578125 0.15138888888888888 0.015625 0.06944444444444445
1 0.22734375 0.23055555555555557 0.0515625 0.15
1 0.71328125 0.175 0.0234375 0.08888888888888889
1 0.63515625 0.14583333333333334 0.0140625 0.058333333333333334
1 0.584375 0.1375 0.0125 0.05
1 0.53671875 0.1388888888888889 0.0140625 0.05
1 0.4140625 0.14027777777777778 0.0125 0.05277777777777778
1 0.68359375 0.16111111111111112 0.0203125 0.07777777777777778
1 0.4546875 0.14027777777777778 0.0125 0.04722222222222222
1 0.49921875 0.14027777777777778 0.0140625 0.05277777777777778
1 0.621875 0.1375 0.0125 0.05
1 0.37109375 0.1638888888888889 0.0171875 0.05
1 0.3859375 0.14305555555555555 0.0125 0.05277777777777778
1 0.34453125 0.17083333333333334 0.0203125 0.075