1 0.0484375 0.30694444444444446 0.09609375 0.24722222222222223
1 0.97265625 0.2513888888888889 0.05390625 0.21388888888888888
1 0.17578125 0.2263888888888889 0.0640625 0.175
1 0.8640625 0.2013888888888889 0.059375 0.15694444444444444
1 0.7859375 0.17222222222222222 0.0390625 0.12638888888888888
1 0.7359375 0.15416666666666667 0.03203125 0.10277777777777777
1 0.4390625 0.13055555555555556 0.0171875 0.06944444444444445
1 0.2515625 0.18194444444444444 0.04375 0.1361111111111111
1 0.49921875 0.13055555555555556 0.01875 0.06666666666666667
1 0.6921875 0.14166666666666666 0.0234375 0.08472222222222223
1 0.3828125 0.13194444444444445 0.01875 0.06666666666666667
1 0.55078125 0.13055555555555556 0.0203125 0.06944444444444445
1 0.66796875 0.13055555555555556 0.01875 0.06944444444444445
1 0.615625 0.12777777777777777 0.01484375 0.06666666666666667
1 0.34375 0.1388888888888889 0.01875 0.07222222222222222