0 0.1 0.2972222222222222 0.0875 0.2111111111111111
0 0.2125 0.23472222222222222 0.053125 0.1527777777777778
0 0.28125 0.19722222222222222 0.0375 0.11666666666666667
0 0.31953125 0.17916666666666667 0.0296875 0.09166666666666666
0 0.34296875 0.1638888888888889 0.0203125 0.08333333333333333
2 0.94296875 0.2611111111111111 0.0859375 0.19444444444444445
2 0.8375 0.21388888888888888 0.05 0.14444444444444443
2 0.7671875 0.18194444444444444 0.0375 0.11944444444444445
2 0.6890625 0.1527777777777778 0.025 0.08333333333333333
2 0.72109375 0.16527777777777777 0.0328125 0.09722222222222222
1 0.37734375 0.15416666666666667 0.0171875 0.06388888888888888
1 0.6484375 0.1388888888888889 0.0125 0.05555555555555555
1 0.621875 0.13194444444444445 0.009375 0.041666666666666664
1 0.6328125 0.13472222222222222 0.009375 0.05277777777777778
1 0.39140625 0.14444444444444443 0.0140625 0.058333333333333334