0 0.8953125 0.25416666666666665 0.084375 0.20833333333333334
0 0.79453125 0.2 0.0578125 0.15833333333333333
0 0.65625 0.12777777777777777 0.02109375 0.08472222222222223
0 0.7234375 0.16111111111111112 0.03828125 0.11805555555555555
0 0.65546875 0.1486111111111111 0.01953125 0.044444444444444446
0 0.690625 0.14583333333333334 0.025 0.10277777777777777
0 0.63515625 0.11805555555555555 0.01640625 0.0763888888888889
2 0.0765625 0.2263888888888889 0.08046875 0.2
2 0.16953125 0.18194444444444444 0.0546875 0.14722222222222223
2 0.26953125 0.1388888888888889 0.03125 0.1
2 0.30625 0.12361111111111112 0.025 0.08194444444444444
2 0.32734375 0.11388888888888889 0.01796875 0.07361111111111111
2 0.34375 0.10555555555555556 0.01796875 0.06527777777777778
2 0.23125 0.15416666666666667 0.03984375 0.12083333333333333
2 0.3578125 0.1 0.01640625 0.058333333333333334
2 0.3703125 0.09583333333333334 0.01484375 0.05555555555555555