1 0.05078125 0.24722222222222223 0.0921875 0.20694444444444443
1 0.85546875 0.21388888888888888 0.0625 0.1638888888888889
1 0.6203125 0.1638888888888889 0.034375 0.11666666666666667
1 0.93984375 0.2722222222222222 0.08984375 0.2222222222222222
1 0.71171875 0.16944444444444445 0.0359375 0.1111111111111111
1 0.44765625 0.1597222222222222 0.04609375 0.11388888888888889
1 0.1890625 0.19166666666666668 0.0609375 0.15555555555555556
1 0.25703125 0.1597222222222222 0.0390625 0.11944444444444445
1 0.78125 0.18194444444444444 0.04453125 0.11666666666666667
1 0.34375 0.15833333333333333 0.0375 0.11666666666666667
1 0.52578125 0.1625 0.034375 0.11944444444444445