0 0.15 0.1736111111111111 0.0671875 0.19305555555555556
0 0.03203125 0.26666666666666666 0.06328125 0.28194444444444444
0 0.23125 0.12361111111111112 0.05 0.14444444444444443
0 0.2828125 0.09722222222222222 0.04296875 0.11944444444444445
0 0.32265625 0.0763888888888889 0.03125 0.09861111111111111
0 0.36484375 0.05416666666666667 0.01875 0.0763888888888889
0 0.34140625 0.06527777777777778 0.01875 0.08333333333333333
0 0.38046875 0.05 0.015625 0.058333333333333334
2 0.984375 0.2152777777777778 0.03125 0.24583333333333332
2 0.88671875 0.14583333333333334 0.071875 0.175
2 0.75390625 0.0875 0.0375 0.11388888888888889
2 0.80078125 0.1111111111111111 0.0515625 0.13472222222222222
2 0.7171875 0.07222222222222222 0.02890625 0.09444444444444444
2 0.6921875 0.059722222222222225 0.02421875 0.08333333333333333
2 0.6671875 0.04861111111111111 0.02265625 0.07361111111111111
2 0.653125 0.041666666666666664 0.0171875 0.06388888888888888
2 0.63984375 0.03888888888888889 0.015625 0.058333333333333334