0 0.0859375 0.2777777777777778 0.08984375 0.21805555555555556
2 0.8328125 0.19444444444444445 0.05703125 0.15138888888888888
0 0.19375 0.22083333333333333 0.0671875 0.16944444444444445
2 0.7671875 0.16805555555555557 0.040625 0.11666666666666667
2 0.928125 0.24166666666666667 0.08359375 0.2
2 0.69140625 0.13472222222222222 0.02578125 0.08472222222222223
0 0.26796875 0.18194444444444444 0.0421875 0.11944444444444445
2 0.66875 0.125 0.02109375 0.075
0 0.33671875 0.14583333333333334 0.02265625 0.08194444444444444
0 0.359375 0.1361111111111111 0.01640625 0.06944444444444445
2 0.728125 0.15 0.034375 0.10138888888888889
0 0.30390625 0.1597222222222222 0.0296875 0.10138888888888889