2 0.978125 0.2625 0.04296875 0.20833333333333334
2 0.9015625 0.2152777777777778 0.06640625 0.1638888888888889
1 0.225 0.21666666666666667 0.053125 0.16111111111111112
0 0.178125 0.23333333333333334 0.06640625 0.175
1 0.80234375 0.175 0.0453125 0.1125
1 0.7234375 0.14583333333333334 0.0234375 0.07777777777777778
1 0.28828125 0.18611111111111112 0.04296875 0.12777777777777777
1 0.32265625 0.16666666666666666 0.03828125 0.1125
1 0.86640625 0.20277777777777778 0.04296875 0.1486111111111111
0 0.053125 0.29444444444444445 0.1 0.23194444444444445
1 0.3796875 0.14027777777777778 0.0203125 0.07083333333333333
1 0.3546875 0.15555555555555556 0.0296875 0.09166666666666666
1 0.75859375 0.1597222222222222 0.03671875 0.09166666666666666
1 0.8765625 0.16111111111111112 0.0203125 0.07083333333333333