1 0.0375 0.275 0.075 0.20833333333333334
1 0.61328125 0.18194444444444444 0.0359375 0.12083333333333333
1 0.93828125 0.29444444444444445 0.09453125 0.23055555555555557
1 0.1734375 0.2125 0.06171875 0.15833333333333333
1 0.853125 0.23472222222222222 0.06328125 0.16805555555555557
1 0.43515625 0.17777777777777778 0.0421875 0.11805555555555555
1 0.70546875 0.18611111111111112 0.0375 0.1125
1 0.77578125 0.19305555555555556 0.0453125 0.13333333333333333
1 0.246875 0.17916666666666667 0.0390625 0.12083333333333333
1 0.51640625 0.18194444444444444 0.0328125 0.12083333333333333
1 0.3328125 0.1763888888888889 0.0359375 0.11527777777777778