1 0.05390625 0.31527777777777777 0.0984375 0.2361111111111111
1 0.95703125 0.26666666666666666 0.0796875 0.20277777777777778
1 0.834375 0.21805555555555556 0.053125 0.14722222222222223
1 0.19140625 0.23333333333333334 0.0578125 0.15833333333333333
1 0.271875 0.1986111111111111 0.040625 0.11666666666666667
1 0.546875 0.15833333333333333 0.01875 0.07222222222222222
1 0.6734375 0.1597222222222222 0.01875 0.075
1 0.6171875 0.15694444444444444 0.01875 0.07222222222222222
1 0.29609375 0.17916666666666667 0.0265625 0.09166666666666666
1 0.3671875 0.16111111111111112 0.01875 0.075
1 0.428125 0.1597222222222222 0.01875 0.07222222222222222
1 0.3234375 0.16805555555555557 0.021875 0.07777777777777778
1 0.76171875 0.19722222222222222 0.040625 0.11666666666666667
1 0.49296875 0.15694444444444444 0.0171875 0.07777777777777778
1 0.7046875 0.17222222222222222 0.028125 0.09166666666666666