1 0.9578125 0.2902777777777778 0.084375 0.2638888888888889
1 0.09296875 0.1875 0.0703125 0.16666666666666666
1 0.18046875 0.15555555555555556 0.0515625 0.12777777777777777
1 0.7578125 0.1736111111111111 0.0546875 0.14583333333333334
1 0.82421875 0.2111111111111111 0.06796875 0.18472222222222223
1 0.70546875 0.14583333333333334 0.03828125 0.1125
1 0.2359375 0.1361111111111111 0.028125 0.10416666666666667
1 0.44765625 0.08611111111111111 0.01484375 0.05694444444444444
1 0.3515625 0.0875 0.01328125 0.05694444444444444
1 0.5390625 0.08888888888888889 0.01484375 0.05416666666666667
1 0.4890625 0.09027777777777778 0.01484375 0.05694444444444444
1 0.39453125 0.0875 0.01484375 0.05694444444444444
1 0.5859375 0.09027777777777778 0.01484375 0.05694444444444444
1 0.66796875 0.12638888888888888 0.0296875 0.09166666666666666
1 0.30859375 0.10416666666666667 0.01640625 0.07777777777777778
1 0.3359375 0.09722222222222222 0.01484375 0.06805555555555555
1 0.615625 0.09166666666666666 0.01484375 0.059722222222222225
1 0.27890625 0.1125 0.021875 0.09583333333333334
1 0.634375 0.10972222222222222 0.021875 0.07777777777777778