1 0.86796875 0.26944444444444443 0.08671875 0.20416666666666666
1 0.065625 0.23333333333333334 0.07890625 0.18194444444444444
1 0.7671875 0.21388888888888888 0.05546875 0.14583333333333334
1 0.70703125 0.17916666666666667 0.0375 0.11944444444444445
1 0.48671875 0.1361111111111111 0.01328125 0.06111111111111111
1 0.59453125 0.13472222222222222 0.01484375 0.06388888888888888
1 0.16484375 0.19583333333333333 0.05078125 0.1375
1 0.3796875 0.13333333333333333 0.01484375 0.06111111111111111
1 0.31015625 0.14583333333333334 0.01640625 0.0763888888888889
1 0.33046875 0.13472222222222222 0.01484375 0.06388888888888888
1 0.2734375 0.15555555555555556 0.0265625 0.09305555555555556
1 0.43984375 0.13472222222222222 0.01484375 0.06388888888888888
1 0.6296875 0.1388888888888889 0.01640625 0.06666666666666667
1 0.54296875 0.1361111111111111 0.01640625 0.06111111111111111
1 0.228125 0.17777777777777778 0.0359375 0.1111111111111111
1 0.65 0.15 0.01796875 0.07361111111111111
1 0.66015625 0.1638888888888889 0.03125 0.0875