1 0.940625 0.2791666666666667 0.0875 0.19722222222222222
1 0.1734375 0.24722222222222223 0.059375 0.15555555555555556
1 0.39765625 0.2 0.0328125 0.1111111111111111
1 0.09296875 0.30277777777777776 0.0859375 0.2111111111111111
1 0.3109375 0.20555555555555555 0.034375 0.10555555555555556
1 0.5625 0.19583333333333333 0.04375 0.10833333333333334
1 0.80859375 0.2263888888888889 0.0578125 0.14722222222222223
1 0.74375 0.19583333333333333 0.0375 0.11388888888888889
1 0.24453125 0.21666666666666667 0.0421875 0.1111111111111111
1 0.66171875 0.19444444444444445 0.0359375 0.1111111111111111
1 0.48828125 0.1986111111111111 0.0328125 0.11388888888888889