0 0.14140625 0.2708333333333333 0.0734375 0.18611111111111112
1 0.190625 0.24861111111111112 0.0625 0.16944444444444445
1 0.7921875 0.19722222222222222 0.046875 0.12777777777777777
1 0.30078125 0.18888888888888888 0.0390625 0.1111111111111111
1 0.73984375 0.17777777777777778 0.0359375 0.1
1 0.8703125 0.23194444444444445 0.0515625 0.15833333333333333
1 0.2625 0.20833333333333334 0.04375 0.13333333333333333
1 0.41953125 0.13333333333333333 0.0109375 0.05
1 0.459375 0.13194444444444445 0.0125 0.04722222222222222
1 0.7015625 0.1625 0.025 0.08611111111111111
1 0.5015625 0.13194444444444445 0.0125 0.04722222222222222
1 0.33203125 0.17222222222222222 0.0296875 0.08611111111111111
1 0.653125 0.14166666666666666 0.0140625 0.06666666666666667
1 0.58203125 0.13055555555555556 0.0140625 0.04722222222222222
1 0.53671875 0.13333333333333333 0.0140625 0.05
1 0.67265625 0.1527777777777778 0.0203125 0.07777777777777778
1 0.35703125 0.15833333333333333 0.0203125 0.07222222222222222
1 0.61875 0.13333333333333333 0.0125 0.05
1 0.63125 0.1388888888888889 0.0125 0.05555555555555555
1 0.39375 0.13333333333333333 0.0125 0.05277777777777778
1 0.38046875 0.14722222222222223 0.0171875 0.06666666666666667