0 0.88046875 0.28055555555555556 0.0828125 0.20416666666666666
0 0.76953125 0.22361111111111112 0.04921875 0.15
0 0.72109375 0.19305555555555556 0.03984375 0.11944444444444445
0 0.6796875 0.17083333333333334 0.03046875 0.10277777777777777
0 0.646875 0.15416666666666667 0.02265625 0.08194444444444444
0 0.6265625 0.14583333333333334 0.015625 0.06527777777777778
0 0.6140625 0.1388888888888889 0.0140625 0.0625
2 0.0609375 0.24583333333333332 0.0734375 0.19027777777777777
2 0.1625 0.20416666666666666 0.05234375 0.14166666666666666
2 0.22421875 0.17777777777777778 0.04609375 0.11666666666666667
2 0.26640625 0.1597222222222222 0.02890625 0.09722222222222222
2 0.29609375 0.14444444444444443 0.02421875 0.08472222222222223
2 0.32109375 0.1361111111111111 0.02265625 0.07361111111111111
2 0.34140625 0.13055555555555556 0.0171875 0.06805555555555555