1 0.059375 0.2861111111111111 0.08984375 0.21944444444444444
1 0.9375 0.2569444444444444 0.0828125 0.19583333333333333
1 0.82109375 0.20555555555555555 0.0609375 0.14444444444444443
1 0.63359375 0.1597222222222222 0.02734375 0.08472222222222223
1 0.4859375 0.16111111111111112 0.02578125 0.0875
1 0.33671875 0.16527777777777777 0.02890625 0.08472222222222223
1 0.19921875 0.21944444444444444 0.05625 0.1527777777777778
1 0.74296875 0.1763888888888889 0.04140625 0.11944444444444445
1 0.55078125 0.16111111111111112 0.02890625 0.0875
1 0.2375 0.1875 0.04296875 0.125
1 0.284375 0.16944444444444445 0.03203125 0.1
1 0.70234375 0.16111111111111112 0.02734375 0.0875
1 0.409375 0.16111111111111112 0.02734375 0.09444444444444444