2 0.93671875 0.23472222222222222 0.0671875 0.18055555555555555
0 0.2578125 0.20833333333333334 0.05703125 0.15
2 0.8609375 0.1875 0.05 0.14166666666666666
0 0.31640625 0.18055555555555555 0.0375 0.11666666666666667
2 0.73359375 0.1375 0.02734375 0.08611111111111111
0 0.37265625 0.14722222222222223 0.02734375 0.08611111111111111
2 0.7609375 0.1486111111111111 0.0375 0.09861111111111111
2 0.7125 0.12361111111111112 0.02265625 0.0763888888888889
2 0.8 0.16666666666666666 0.04296875 0.11388888888888889
0 0.16875 0.25833333333333336 0.071875 0.19583333333333333
0 0.39609375 0.13472222222222222 0.0203125 0.07361111111111111
0 0.34453125 0.1625 0.0328125 0.10416666666666667