1 0.84375 0.21944444444444444 0.06484375 0.15138888888888888
1 0.16796875 0.25 0.06953125 0.17083333333333334
1 0.05703125 0.30972222222222223 0.09609375 0.23194444444444445
1 0.9609375 0.275 0.078125 0.20555555555555555
1 0.24765625 0.20694444444444443 0.0453125 0.13194444444444445
1 0.7703125 0.19305555555555556 0.040625 0.12222222222222222
1 0.29765625 0.18055555555555555 0.0328125 0.10277777777777777
1 0.65703125 0.15138888888888888 0.021875 0.06666666666666667
1 0.540625 0.14305555555555555 0.015625 0.06111111111111111
1 0.72265625 0.1736111111111111 0.0328125 0.1
1 0.59609375 0.1388888888888889 0.015625 0.058333333333333334
1 0.6390625 0.14305555555555555 0.0140625 0.06111111111111111
1 0.496875 0.14444444444444443 0.015625 0.058333333333333334
1 0.68671875 0.15833333333333333 0.025 0.08611111111111111
1 0.44609375 0.14166666666666666 0.0140625 0.058333333333333334
1 0.39765625 0.14166666666666666 0.015625 0.058333333333333334
1 0.36640625 0.14583333333333334 0.015625 0.06111111111111111