0 0.92734375 0.26944444444444443 0.08984375 0.21805555555555556
2 0.18046875 0.18611111111111112 0.05703125 0.15138888888888888
0 0.81953125 0.2111111111111111 0.0671875 0.16944444444444445
2 0.24609375 0.1597222222222222 0.040625 0.11666666666666667
2 0.084375 0.23333333333333334 0.08359375 0.2
2 0.321875 0.12638888888888888 0.02578125 0.08472222222222223
0 0.7453125 0.1736111111111111 0.0421875 0.11944444444444445
2 0.34375 0.11666666666666667 0.02109375 0.075
0 0.6765625 0.1361111111111111 0.02265625 0.08194444444444444
0 0.65390625 0.12777777777777777 0.01640625 0.06944444444444445
2 0.28515625 0.14166666666666666 0.034375 0.10138888888888889
0 0.70859375 0.15138888888888888 0.0296875 0.10138888888888889