2 0.9078125 0.24444444444444444 0.06875 0.18888888888888888
2 0.8015625 0.19722222222222222 0.046875 0.1388888888888889
2 0.740625 0.17222222222222222 0.040625 0.1111111111111111
2 0.69921875 0.15416666666666667 0.0296875 0.09166666666666666
1 0.66875 0.14444444444444443 0.015625 0.07222222222222222
1 0.63125 0.12916666666666668 0.0125 0.058333333333333334
1 0.34375 0.15138888888888888 0.021875 0.075
1 0.64765625 0.13472222222222222 0.0140625 0.06388888888888888
1 0.3625 0.14305555555555555 0.015625 0.06388888888888888
1 0.61875 0.12222222222222222 0.0125 0.05555555555555555
1 0.37421875 0.13194444444444445 0.0171875 0.06388888888888888
0 0.0921875 0.275 0.078125 0.20555555555555555
0 0.2078125 0.21388888888888888 0.053125 0.14444444444444443
0 0.26640625 0.18333333333333332 0.0390625 0.11666666666666667
0 0.3 0.16527777777777777 0.034375 0.09722222222222222
0 0.328125 0.15416666666666667 0.025 0.08055555555555556