0 0.0671875 0.2611111111111111 0.0953125 0.23194444444444445
0 0.18046875 0.20555555555555555 0.0625 0.1763888888888889
2 0.98046875 0.23055555555555557 0.0390625 0.2111111111111111
1 0.22578125 0.18888888888888888 0.05234375 0.16111111111111112
1 0.31484375 0.1388888888888889 0.03671875 0.1111111111111111
1 0.8046875 0.14305555555555555 0.04375 0.12638888888888888
1 0.753125 0.13055555555555556 0.034375 0.09583333333333334
1 0.71875 0.11527777777777778 0.02421875 0.08333333333333333
1 0.5546875 0.08472222222222223 0.015625 0.05277777777777778
1 0.515625 0.08472222222222223 0.0140625 0.05277777777777778
1 0.86875 0.17222222222222222 0.04375 0.15416666666666667
1 0.6015625 0.08333333333333333 0.0125 0.05
1 0.63984375 0.0875 0.0125 0.05277777777777778
1 0.471875 0.08611111111111111 0.0140625 0.05
1 0.43046875 0.0875 0.0140625 0.05277777777777778
1 0.69453125 0.10277777777777777 0.0171875 0.07777777777777778
1 0.28203125 0.15694444444444444 0.03984375 0.12916666666666668
1 0.65078125 0.09166666666666666 0.0140625 0.058333333333333334
1 0.34453125 0.12777777777777777 0.02578125 0.08888888888888889
1 0.36796875 0.1111111111111111 0.02109375 0.07361111111111111
1 0.67265625 0.09444444444444444 0.015625 0.07777777777777778
1 0.39140625 0.10138888888888889 0.015625 0.06805555555555555