1 0.93671875 0.24166666666666667 0.0796875 0.18611111111111112
1 0.103125 0.2777777777777778 0.09140625 0.2125
1 0.215625 0.2152777777777778 0.05859375 0.15694444444444444
1 0.771875 0.175 0.0375 0.1111111111111111
1 0.6921875 0.14583333333333334 0.01796875 0.075
1 0.28203125 0.18333333333333332 0.040625 0.12222222222222222
1 0.671875 0.13472222222222222 0.01640625 0.06666666666666667
1 0.34609375 0.15138888888888888 0.01953125 0.075
1 0.36796875 0.1388888888888889 0.01640625 0.06944444444444445
1 0.8359375 0.2013888888888889 0.05078125 0.1361111111111111
1 0.72890625 0.15555555555555556 0.0328125 0.09583333333333334
1 0.34296875 0.13055555555555556 0.01328125 0.034722222222222224
1 0.334375 0.1625 0.03125 0.09027777777777778