0 0.96328125 0.32916666666666666 0.0734375 0.26805555555555555
2 0.16796875 0.22361111111111112 0.06640625 0.1736111111111111
2 0.0515625 0.28194444444444444 0.10234375 0.23472222222222222
0 0.8609375 0.25 0.06640625 0.19444444444444445
2 0.2515625 0.1986111111111111 0.053125 0.12777777777777777
2 0.2921875 0.175 0.03046875 0.11944444444444445
0 0.7875 0.2152777777777778 0.04296875 0.1375
2 0.3296875 0.1597222222222222 0.02421875 0.1
2 0.35078125 0.1527777777777778 0.0203125 0.08472222222222223
0 0.74375 0.18888888888888888 0.03046875 0.10972222222222222
0 0.70625 0.1736111111111111 0.0203125 0.07916666666666666