1 0.87578125 0.24444444444444444 0.0703125 0.16666666666666666
1 0.1578125 0.2611111111111111 0.06875 0.17777777777777778
1 0.7734375 0.20277777777777778 0.046875 0.13333333333333333
1 0.21015625 0.21805555555555556 0.0484375 0.1388888888888889
1 0.55625 0.18194444444444444 0.0375 0.09722222222222222
1 0.32421875 0.18611111111111112 0.0296875 0.1
1 0.40234375 0.18194444444444444 0.0296875 0.10277777777777777
1 0.64453125 0.17916666666666667 0.0296875 0.09722222222222222
1 0.48515625 0.18055555555555555 0.0265625 0.10555555555555556
1 0.7171875 0.18333333333333332 0.034375 0.1
1 0.265625 0.19583333333333333 0.0375 0.10277777777777777