2 0.05625 0.2722222222222222 0.08359375 0.19722222222222222
2 0.15 0.22916666666666666 0.06328125 0.15416666666666667
1 0.79296875 0.23055555555555557 0.05078125 0.15138888888888888
0 0.83671875 0.24583333333333332 0.06328125 0.16527777777777777
1 0.24453125 0.19166666666666668 0.04296875 0.10694444444444444
1 0.31953125 0.1625 0.021875 0.07361111111111111
1 0.7328125 0.2013888888888889 0.04140625 0.12083333333333333
1 0.7 0.18194444444444444 0.03671875 0.10694444444444444
1 0.18359375 0.21666666666666667 0.04140625 0.14027777777777778
0 0.95390625 0.30277777777777776 0.09140625 0.21944444444444444
1 0.6453125 0.15694444444444444 0.01875 0.06805555555555555
1 0.66953125 0.17222222222222222 0.028125 0.0875
1 0.28671875 0.175 0.03515625 0.0875
1 0.17421875 0.1763888888888889 0.01875 0.06805555555555555