2 0.92578125 0.2569444444444444 0.0828125 0.19722222222222222
2 0.81328125 0.20694444444444443 0.0515625 0.14722222222222223
1 0.309375 0.16805555555555557 0.03125 0.09722222222222222
1 0.3328125 0.15694444444444444 0.028125 0.08611111111111111
1 0.70390625 0.16527777777777777 0.0328125 0.08611111111111111
1 0.65 0.14305555555555555 0.01875 0.06388888888888888
1 0.63203125 0.13333333333333333 0.0140625 0.06111111111111111
1 0.6734375 0.14722222222222223 0.025 0.07777777777777778
1 0.6015625 0.12361111111111112 0.0125 0.04722222222222222
1 0.3875 0.13055555555555556 0.0125 0.05555555555555555
1 0.36953125 0.1361111111111111 0.0140625 0.058333333333333334
1 0.61796875 0.12916666666666668 0.0140625 0.05277777777777778
1 0.2734375 0.18888888888888888 0.034375 0.11666666666666667
1 0.39765625 0.12083333333333333 0.0109375 0.044444444444444446
1 0.353125 0.14583333333333334 0.021875 0.075
0 0.07109375 0.2861111111111111 0.0890625 0.2111111111111111
0 0.17890625 0.2263888888888889 0.0609375 0.1527777777777778
0 0.24375 0.19722222222222222 0.04375 0.12222222222222222