2 0.02421875 0.25555555555555554 0.0484375 0.2222222222222222
2 0.12734375 0.2013888888888889 0.06796875 0.16666666666666666
2 0.2015625 0.16944444444444445 0.040625 0.13333333333333333
2 0.2515625 0.14444444444444443 0.0359375 0.1125
2 0.28984375 0.13055555555555556 0.03046875 0.09722222222222222
2 0.3171875 0.11944444444444445 0.0234375 0.08194444444444444
0 0.95703125 0.2986111111111111 0.0859375 0.24166666666666667
0 0.8484375 0.23194444444444445 0.07265625 0.17916666666666667
0 0.7109375 0.1597222222222222 0.0390625 0.1125
0 0.678125 0.14444444444444443 0.02734375 0.09444444444444444
0 0.65703125 0.13194444444444445 0.021875 0.0763888888888889
0 0.765625 0.1875 0.04921875 0.1388888888888889
0 0.6375 0.12361111111111112 0.0171875 0.06666666666666667