2 0.8796875 0.23055555555555557 0.06875 0.16666666666666666
0 0.15859375 0.25972222222222224 0.0765625 0.18055555555555555
2 0.79921875 0.1986111111111111 0.0515625 0.13055555555555556
2 0.7453125 0.175 0.04375 0.1111111111111111
0 0.24765625 0.21388888888888888 0.046875 0.13333333333333333
0 0.2890625 0.18888888888888888 0.040625 0.11666666666666667
2 0.684375 0.14305555555555555 0.0203125 0.08333333333333333
2 0.66015625 0.1375 0.0203125 0.075
0 0.35390625 0.15555555555555556 0.025 0.07777777777777778
0 0.3265625 0.17083333333333334 0.0296875 0.09722222222222222
2 0.709375 0.15833333333333333 0.03125 0.09444444444444444