2 0.859375 0.2388888888888889 0.071875 0.17222222222222222
2 0.7640625 0.2 0.05 0.13333333333333333
2 0.71640625 0.175 0.0359375 0.1111111111111111
2 0.678125 0.1597222222222222 0.028125 0.09166666666666666
2 0.653125 0.1486111111111111 0.021875 0.08055555555555556
2 0.6140625 0.13194444444444445 0.015625 0.06388888888888888
2 0.6 0.12638888888888888 0.015625 0.058333333333333334
2 0.62890625 0.14027777777777778 0.0203125 0.06944444444444445
0 0.10859375 0.275 0.0734375 0.2
0 0.25546875 0.18888888888888888 0.0390625 0.11666666666666667
0 0.2015625 0.21805555555555556 0.05 0.14166666666666666
0 0.2984375 0.16944444444444445 0.03125 0.09444444444444444
0 0.31796875 0.15555555555555556 0.0203125 0.08333333333333333
0 0.34140625 0.14444444444444443 0.0171875 0.07222222222222222
0 0.35703125 0.1388888888888889 0.0140625 0.06111111111111111