2 0.04296875 0.2722222222222222 0.0859375 0.2152777777777778
2 0.16171875 0.21666666666666667 0.06953125 0.16111111111111112
0 0.86328125 0.24583333333333332 0.07265625 0.1736111111111111
2 0.23359375 0.18472222222222223 0.04140625 0.12916666666666668
0 0.7828125 0.20416666666666666 0.04765625 0.13472222222222222
0 0.7265625 0.175 0.03828125 0.10833333333333334
0 0.9640625 0.30972222222222223 0.071875 0.2361111111111111
2 0.2828125 0.16111111111111112 0.034375 0.10555555555555556
2 0.3203125 0.14722222222222223 0.0296875 0.08888888888888889
0 0.69453125 0.1597222222222222 0.028125 0.09166666666666666
0 0.6765625 0.1486111111111111 0.01953125 0.07361111111111111