0 0.865625 0.25416666666666665 0.06640625 0.19305555555555556
0 0.7703125 0.2013888888888889 0.046875 0.14305555555555555
0 0.7203125 0.1763888888888889 0.03359375 0.1125
0 0.6640625 0.15138888888888888 0.01796875 0.07777777777777778
0 0.68984375 0.1597222222222222 0.02421875 0.09444444444444444
2 0.1078125 0.2263888888888889 0.06484375 0.18333333333333332
2 0.20078125 0.18333333333333332 0.046875 0.1375
2 0.259375 0.1625 0.03515625 0.1125
2 0.30078125 0.1486111111111111 0.02734375 0.09444444444444444
1 0.65078125 0.14722222222222223 0.01796875 0.075
1 0.35 0.12916666666666668 0.01328125 0.06388888888888888
1 0.36796875 0.12222222222222222 0.01328125 0.05416666666666667
1 0.38046875 0.11805555555555555 0.01328125 0.05138888888888889
1 0.39296875 0.11805555555555555 0.0109375 0.04027777777777778
1 0.3296875 0.1375 0.01484375 0.06944444444444445
1 0.6328125 0.1361111111111111 0.01484375 0.059722222222222225