0 0.20078125 0.23333333333333334 0.065625 0.15833333333333333
2 0.9546875 0.2638888888888889 0.084375 0.2
0 0.115625 0.28194444444444444 0.0875 0.20833333333333334
2 0.76796875 0.17916666666666667 0.0390625 0.11666666666666667
2 0.725 0.1597222222222222 0.03125 0.09722222222222222
0 0.27890625 0.19166666666666668 0.0390625 0.12222222222222222
0 0.31875 0.17222222222222222 0.03125 0.1
2 0.6953125 0.15 0.028125 0.07777777777777778
2 0.6734375 0.1375 0.021875 0.075
0 0.35078125 0.15555555555555556 0.0265625 0.08333333333333333
2 0.84453125 0.2111111111111111 0.0578125 0.15