0 0.1671875 0.26805555555555555 0.078125 0.19027777777777777
2 0.846875 0.2013888888888889 0.053125 0.14027777777777778
2 0.79296875 0.175 0.046875 0.11944444444444445
2 0.753125 0.1597222222222222 0.0296875 0.10416666666666667
0 0.26484375 0.21944444444444444 0.0484375 0.14583333333333334
0 0.30703125 0.1875 0.04140625 0.125
2 0.7265625 0.14444444444444443 0.0203125 0.08611111111111111
2 0.93359375 0.22777777777777777 0.06796875 0.17916666666666667
0 0.346875 0.17083333333333334 0.0296875 0.10416666666666667
2 0.69921875 0.1375 0.01796875 0.07777777777777778
0 0.37734375 0.15555555555555556 0.0203125 0.08611111111111111