0 0.09375 0.2972222222222222 0.090625 0.21666666666666667
0 0.221875 0.22916666666666666 0.05 0.14722222222222223
0 0.28359375 0.19722222222222222 0.0421875 0.11666666666666667
0 0.32578125 0.1763888888888889 0.0296875 0.09722222222222222
0 0.35 0.1625 0.021875 0.08611111111111111
0 0.3703125 0.15 0.01875 0.07222222222222222
0 0.38828125 0.14305555555555555 0.0140625 0.058333333333333334
0 0.4015625 0.1361111111111111 0.0125 0.05
2 0.95234375 0.25972222222222224 0.0828125 0.19722222222222222
2 0.8296875 0.2125 0.05 0.14722222222222223
2 0.765625 0.18194444444444444 0.0375 0.11388888888888889
2 0.725 0.16527777777777777 0.03125 0.09722222222222222
2 0.6953125 0.1527777777777778 0.028125 0.08333333333333333
2 0.67265625 0.14305555555555555 0.0203125 0.075
2 0.6578125 0.13472222222222222 0.015625 0.06388888888888888
2 0.640625 0.12916666666666668 0.015625 0.058333333333333334