0 0.046875 0.3416666666666667 0.09375 0.2513888888888889
0 0.1734375 0.26805555555555555 0.06875 0.1763888888888889
0 0.2640625 0.21805555555555556 0.0421875 0.13194444444444445
0 0.3015625 0.1986111111111111 0.02890625 0.1111111111111111
0 0.340625 0.17777777777777778 0.0265625 0.09305555555555556
0 0.36640625 0.16666666666666666 0.01875 0.08055555555555556
0 0.38671875 0.15694444444444444 0.01484375 0.06944444444444445
2 0.98125 0.30277777777777776 0.03671875 0.23333333333333334
2 0.8890625 0.24305555555555555 0.0640625 0.16805555555555557
2 0.809375 0.20972222222222223 0.0453125 0.13194444444444445
2 0.7625 0.1875 0.03828125 0.1111111111111111
2 0.72109375 0.17083333333333334 0.0265625 0.09583333333333334
2 0.69609375 0.1597222222222222 0.0234375 0.08055555555555556
2 0.67734375 0.15138888888888888 0.01875 0.075
2 0.6625 0.14305555555555555 0.01640625 0.06527777777777778
2 0.64921875 0.1388888888888889 0.01328125 0.0625