0 0.09453125 0.29305555555555557 0.0859375 0.20833333333333334
2 0.80859375 0.21388888888888888 0.0546875 0.14444444444444443
0 0.19765625 0.2375 0.0640625 0.16111111111111112
2 0.74609375 0.18888888888888888 0.0390625 0.1111111111111111
2 0.9 0.25833333333333336 0.0796875 0.19166666666666668
2 0.6734375 0.15694444444444444 0.025 0.08055555555555556
0 0.26875 0.2013888888888889 0.040625 0.11388888888888889
2 0.65234375 0.14722222222222223 0.0203125 0.07222222222222222
0 0.334375 0.16666666666666666 0.021875 0.07777777777777778
0 0.35625 0.15833333333333333 0.015625 0.06666666666666667
2 0.70859375 0.17083333333333334 0.0328125 0.09722222222222222
0 0.303125 0.18055555555555555 0.028125 0.09722222222222222