0 0.86484375 0.1986111111111111 0.06953125 0.19444444444444445
0 0.9765625 0.29583333333333334 0.046875 0.2833333333333333
0 0.7828125 0.1527777777777778 0.05 0.14444444444444443
0 0.7328125 0.125 0.04296875 0.12083333333333333
0 0.6921875 0.10555555555555556 0.03125 0.09861111111111111
0 0.65 0.08194444444444444 0.01875 0.07777777777777778
0 0.67265625 0.09305555555555556 0.02109375 0.08611111111111111
0 0.634375 0.075 0.015625 0.06527777777777778
2 0.02109375 0.24444444444444444 0.04140625 0.24722222222222223
2 0.12578125 0.175 0.07109375 0.16944444444444445
2 0.2125 0.1388888888888889 0.0515625 0.1361111111111111
2 0.25859375 0.11388888888888889 0.03671875 0.11666666666666667
2 0.29609375 0.1 0.03125 0.09583333333333334
2 0.32109375 0.08611111111111111 0.02578125 0.08611111111111111
2 0.34453125 0.07916666666666666 0.02109375 0.07083333333333333
2 0.36015625 0.06944444444444445 0.0171875 0.06527777777777778
2 0.37265625 0.06666666666666667 0.015625 0.058333333333333334