1 0.0484375 0.3125 0.096875 0.24305555555555555
1 0.9796875 0.28194444444444444 0.040625 0.2125
1 0.8703125 0.22361111111111112 0.0625 0.15694444444444444
1 0.1984375 0.23472222222222222 0.0609375 0.16944444444444445
1 0.57265625 0.17222222222222222 0.0234375 0.09027777777777778
1 0.78359375 0.19305555555555556 0.0421875 0.12361111111111112
1 0.28828125 0.18333333333333332 0.03046875 0.10277777777777777
1 0.66171875 0.17222222222222222 0.02578125 0.09027777777777778
1 0.23828125 0.20416666666666666 0.0421875 0.1361111111111111
1 0.42265625 0.1763888888888889 0.02890625 0.09027777777777778
1 0.50234375 0.1736111111111111 0.0234375 0.09444444444444444
1 0.73359375 0.17083333333333334 0.02734375 0.1
1 0.34375 0.17777777777777778 0.02734375 0.09444444444444444