2 0.9390625 0.26944444444444443 0.08125 0.2
1 0.2125 0.22777777777777777 0.05 0.15
1 0.30390625 0.18055555555555555 0.0359375 0.10555555555555556
1 0.753125 0.18611111111111112 0.040625 0.1111111111111111
1 0.8140625 0.2125 0.040625 0.14166666666666666
1 0.71171875 0.17222222222222222 0.0328125 0.08888888888888889
1 0.6796875 0.1597222222222222 0.021875 0.07222222222222222
1 0.496875 0.13055555555555556 0.0125 0.044444444444444446
1 0.45625 0.13055555555555556 0.0125 0.044444444444444446
1 0.41796875 0.13194444444444445 0.0109375 0.04722222222222222
1 0.6578125 0.14722222222222223 0.015625 0.07222222222222222
1 0.53125 0.13055555555555556 0.0125 0.044444444444444446
1 0.334375 0.16805555555555557 0.028125 0.08611111111111111
1 0.35703125 0.15555555555555556 0.0171875 0.06666666666666667
1 0.61015625 0.12916666666666668 0.0109375 0.044444444444444446
1 0.39375 0.13333333333333333 0.0125 0.05
1 0.27109375 0.1986111111111111 0.0390625 0.11944444444444445
1 0.61953125 0.13472222222222222 0.0140625 0.05277777777777778
1 0.63828125 0.1388888888888889 0.0140625 0.06666666666666667
1 0.575 0.13055555555555556 0.0125 0.044444444444444446
1 0.38125 0.14444444444444443 0.015625 0.06111111111111111
0 0.0515625 0.3 0.09375 0.21666666666666667
0 0.16875 0.24305555555555555 0.0625 0.1638888888888889