2 0.10546875 0.1638888888888889 0.075 0.19027777777777777
0 0.83046875 0.1375 0.059375 0.15555555555555556
2 0.19921875 0.12083333333333333 0.05625 0.14722222222222223
2 0.2671875 0.09444444444444444 0.03828125 0.11944444444444445
2 0.30625 0.075 0.03125 0.1
0 0.76171875 0.10416666666666667 0.03984375 0.12222222222222222
0 0.89765625 0.175 0.0765625 0.19722222222222222
2 0.33359375 0.06388888888888888 0.028125 0.08472222222222223
0 0.72265625 0.08611111111111111 0.03671875 0.10277777777777777
2 0.35703125 0.05138888888888889 0.028125 0.07777777777777778
0 0.69375 0.07083333333333333 0.02421875 0.08611111111111111