2 0.0875 0.24861111111111112 0.08203125 0.20416666666666666
0 0.95 0.2763888888888889 0.09375 0.21805555555555556
0 0.82421875 0.2125 0.05859375 0.15555555555555556
2 0.1953125 0.1986111111111111 0.05546875 0.1527777777777778
2 0.25703125 0.17083333333333334 0.04375 0.12222222222222222
2 0.30546875 0.15138888888888888 0.03203125 0.10416666666666667
0 0.728125 0.16111111111111112 0.03359375 0.10138888888888889
0 0.77734375 0.1875 0.03125 0.13472222222222222
2 0.3359375 0.1361111111111111 0.0265625 0.0875
2 0.3578125 0.12638888888888888 0.021875 0.075
0 0.696875 0.14722222222222223 0.021875 0.08333333333333333
0 0.67421875 0.13333333333333333 0.01640625 0.075