2 0.1109375 0.2263888888888889 0.075 0.18055555555555555
2 0.2109375 0.18611111111111112 0.05234375 0.1388888888888889
2 0.2609375 0.1597222222222222 0.0375 0.11666666666666667
2 0.30078125 0.14444444444444443 0.0296875 0.09583333333333334
2 0.3265625 0.13194444444444445 0.02265625 0.08472222222222223
2 0.36796875 0.11527777777777778 0.01640625 0.06666666666666667
2 0.38203125 0.10833333333333334 0.01640625 0.06111111111111111
2 0.35234375 0.12361111111111112 0.02109375 0.07222222222222222
0 0.89609375 0.2638888888888889 0.0765625 0.20972222222222223
0 0.74296875 0.175 0.040625 0.12222222222222222
0 0.79921875 0.20555555555555555 0.05234375 0.1486111111111111
0 0.69765625 0.15416666666666667 0.0328125 0.09861111111111111
0 0.67734375 0.1388888888888889 0.02109375 0.0875
0 0.653125 0.12777777777777777 0.01796875 0.075
0 0.63671875 0.12222222222222222 0.01484375 0.06388888888888888