1 0.10625 0.25833333333333336 0.0796875 0.20555555555555555
1 0.2140625 0.1986111111111111 0.0484375 0.14722222222222223
1 0.9125 0.2222222222222222 0.075 0.17916666666666667
1 0.74609375 0.15833333333333333 0.040625 0.10972222222222222
1 0.28359375 0.16666666666666666 0.0375 0.1125
1 0.809375 0.18194444444444444 0.05 0.1388888888888889
1 0.69609375 0.14444444444444443 0.0328125 0.08611111111111111
1 0.6140625 0.13055555555555556 0.02109375 0.06944444444444445
1 0.5453125 0.13194444444444445 0.01953125 0.07222222222222222
1 0.428125 0.13333333333333333 0.01796875 0.06944444444444445
1 0.6671875 0.13194444444444445 0.01953125 0.07222222222222222
1 0.4921875 0.13333333333333333 0.01953125 0.06944444444444445
1 0.32734375 0.1388888888888889 0.02421875 0.075
1 0.3015625 0.1527777777777778 0.02578125 0.08611111111111111
1 0.36796875 0.13472222222222222 0.02109375 0.07222222222222222