0 0.11953125 0.28194444444444444 0.0796875 0.19722222222222222
0 0.21484375 0.23055555555555557 0.0546875 0.15
0 0.34609375 0.1625 0.0203125 0.08055555555555556
0 0.28203125 0.19444444444444445 0.0359375 0.1111111111111111
0 0.346875 0.18194444444444444 0.01875 0.041666666666666664
0 0.31328125 0.17916666666666667 0.0234375 0.09722222222222222
0 0.365625 0.1527777777777778 0.015625 0.07222222222222222
2 0.89453125 0.25555555555555554 0.0765625 0.18888888888888888
2 0.80703125 0.21388888888888888 0.0515625 0.1388888888888889
2 0.71171875 0.17222222222222222 0.0296875 0.09444444444444444
2 0.67734375 0.15833333333333333 0.0234375 0.07777777777777778
2 0.65703125 0.1486111111111111 0.0171875 0.06944444444444445
2 0.64140625 0.14166666666666666 0.0171875 0.06111111111111111
2 0.7484375 0.1875 0.0375 0.11388888888888889
2 0.628125 0.1361111111111111 0.015625 0.05555555555555555
2 0.61640625 0.13194444444444445 0.0140625 0.05277777777777778