1 0.96328125 0.31666666666666665 0.0734375 0.25277777777777777
1 0.0296875 0.2638888888888889 0.059375 0.21666666666666667
1 0.146875 0.2125 0.05703125 0.15833333333333333
1 0.8328125 0.22916666666666666 0.06171875 0.16944444444444445
1 0.746875 0.19166666666666668 0.04296875 0.125
1 0.453125 0.1486111111111111 0.0203125 0.07777777777777778
1 0.31796875 0.15 0.0203125 0.08055555555555556
1 0.378125 0.14722222222222223 0.0203125 0.07777777777777778
1 0.72109375 0.17083333333333334 0.028125 0.09861111111111111
1 0.6453125 0.15138888888888888 0.0203125 0.08055555555555556
1 0.5796875 0.15 0.0203125 0.07777777777777778
1 0.69140625 0.15833333333333333 0.0234375 0.08333333333333333
1 0.22421875 0.19027777777777777 0.04296875 0.125
1 0.5109375 0.14722222222222223 0.01796875 0.08333333333333333
1 0.28515625 0.1638888888888889 0.0296875 0.09861111111111111