2 0.1203125 0.22083333333333333 0.06953125 0.16944444444444445
0 0.853125 0.25 0.078125 0.18333333333333332
2 0.20234375 0.1875 0.05234375 0.13333333333333333
2 0.25703125 0.1638888888888889 0.04453125 0.1125
0 0.7625 0.20277777777777778 0.04765625 0.1361111111111111
0 0.7203125 0.17777777777777778 0.04140625 0.11805555555555555
2 0.31953125 0.13194444444444445 0.0203125 0.08472222222222223
2 0.34375 0.12638888888888888 0.0203125 0.0763888888888889
0 0.65546875 0.14444444444444443 0.02578125 0.07916666666666666
0 0.6828125 0.1597222222222222 0.03046875 0.09861111111111111
2 0.29375 0.14722222222222223 0.03203125 0.09583333333333334