0 0.06328125 0.30833333333333335 0.109375 0.25277777777777777
0 0.17734375 0.24027777777777778 0.0796875 0.19166666666666668
0 0.27578125 0.19166666666666668 0.0453125 0.14166666666666666
0 0.3265625 0.1638888888888889 0.03125 0.11666666666666667
0 0.36484375 0.15 0.028125 0.09583333333333334
0 0.3859375 0.13472222222222222 0.01875 0.08888888888888889
0 0.40703125 0.12361111111111112 0.01875 0.07361111111111111
0 0.42265625 0.11666666666666667 0.015625 0.06111111111111111
2 0.95 0.21388888888888888 0.07265625 0.1763888888888889
2 0.85234375 0.17777777777777778 0.0453125 0.1388888888888889
2 0.8 0.15 0.034375 0.11388888888888889
2 0.7640625 0.1375 0.03125 0.09583333333333334
2 0.7375 0.125 0.02421875 0.08888888888888889
2 0.71640625 0.11527777777777778 0.02265625 0.07777777777777778
2 0.70234375 0.10694444444444444 0.015625 0.07083333333333333
2 0.68515625 0.10138888888888889 0.015625 0.06111111111111111