2 0.0734375 0.25 0.04921875 0.18194444444444444
1 0.8359375 0.25 0.06796875 0.18194444444444444
1 0.128125 0.23333333333333334 0.0484375 0.16527777777777777
1 0.71328125 0.18888888888888888 0.0421875 0.11388888888888889
1 0.21015625 0.1986111111111111 0.0484375 0.12916666666666668
1 0.26171875 0.17916666666666667 0.0390625 0.1
1 0.7546875 0.2111111111111111 0.046875 0.1375
1 0.29765625 0.1625 0.028125 0.08888888888888889
1 0.6765625 0.17222222222222222 0.0296875 0.09166666666666666
1 0.36875 0.1361111111111111 0.0140625 0.058333333333333334
1 0.49921875 0.13055555555555556 0.0140625 0.04722222222222222
1 0.65078125 0.15416666666666667 0.021875 0.07777777777777778
1 0.5421875 0.12916666666666668 0.0125 0.05
1 0.5828125 0.13194444444444445 0.0140625 0.05
1 0.62265625 0.14027777777777778 0.01875 0.06666666666666667
1 0.32578125 0.15 0.021875 0.08055555555555556
1 0.46328125 0.12916666666666668 0.0140625 0.05
1 0.34765625 0.1388888888888889 0.015625 0.06944444444444445
1 0.609375 0.13194444444444445 0.0140625 0.05
1 0.4171875 0.12777777777777777 0.0140625 0.04722222222222222
1 0.3796875 0.12916666666666668 0.0140625 0.05
0 0.8890625 0.27361111111111114 0.08046875 0.19583333333333333