2 0.0234375 0.24583333333333332 0.046875 0.2125
2 0.20078125 0.16111111111111112 0.03984375 0.12083333333333333
2 0.1328125 0.19444444444444445 0.053125 0.15694444444444444
2 0.2453125 0.14305555555555555 0.03515625 0.10416666666666667
2 0.27578125 0.12916666666666668 0.03359375 0.08611111111111111
2 0.30078125 0.11666666666666667 0.0234375 0.08055555555555556
0 0.9296875 0.2875 0.1015625 0.2361111111111111
0 0.78671875 0.2111111111111111 0.0578125 0.1625
0 0.71953125 0.17777777777777778 0.046875 0.13055555555555556
0 0.67265625 0.15555555555555556 0.03359375 0.10416666666666667
0 0.6234375 0.12777777777777777 0.021875 0.0763888888888889
0 0.6484375 0.14027777777777778 0.028125 0.09166666666666666
0 0.60546875 0.11944444444444445 0.01796875 0.0625
0 0.5921875 0.11388888888888889 0.01484375 0.05555555555555555