1 0.140625 0.2638888888888889 0.06875 0.18333333333333332
1 0.88359375 0.24305555555555555 0.0640625 0.16944444444444445
1 0.790625 0.20416666666666666 0.0453125 0.13055555555555556
1 0.72265625 0.18472222222222223 0.0296875 0.10277777777777777
1 0.55 0.16944444444444445 0.01875 0.07777777777777778
1 0.24375 0.21805555555555556 0.046875 0.12777777777777777
1 0.625 0.16666666666666666 0.01875 0.075
1 0.68515625 0.16805555555555557 0.0203125 0.07777777777777778
1 0.35703125 0.17222222222222222 0.0203125 0.08055555555555556
1 0.2734375 0.19583333333333333 0.028125 0.10833333333333334
1 0.490625 0.16805555555555557 0.01875 0.08055555555555556
1 0.30859375 0.17777777777777778 0.0234375 0.08611111111111111
1 0.42109375 0.17083333333333334 0.0203125 0.08055555555555556