1 0.16875 0.25 0.071875 0.16666666666666666
1 0.840625 0.2222222222222222 0.065625 0.15
1 0.24765625 0.20694444444444443 0.0453125 0.13055555555555556
1 0.9578125 0.27361111111111114 0.08125 0.20277777777777778
1 0.76796875 0.19166666666666668 0.0421875 0.12222222222222222
1 0.29765625 0.17916666666666667 0.0328125 0.10277777777777777
1 0.6546875 0.15138888888888888 0.021875 0.06388888888888888
1 0.71953125 0.17222222222222222 0.0328125 0.1
1 0.05703125 0.30972222222222223 0.09296875 0.23333333333333334
1 0.33828125 0.16805555555555557 0.0265625 0.075
1 0.68671875 0.15833333333333333 0.0234375 0.08333333333333333