0 0.9 0.24722222222222223 0.1015625 0.24444444444444444
0 0.75703125 0.17083333333333334 0.05625 0.16527777777777777
0 0.68828125 0.13472222222222222 0.046875 0.13055555555555556
0 0.640625 0.1111111111111111 0.03359375 0.10972222222222222
0 0.61328125 0.09583333333333334 0.02421875 0.09722222222222222
0 0.590625 0.08055555555555556 0.02109375 0.08055555555555556
0 0.57109375 0.07361111111111111 0.015625 0.06527777777777778
0 0.55625 0.06527777777777778 0.0140625 0.05555555555555555
2 0.0765625 0.15138888888888888 0.05625 0.16527777777777777
2 0.1484375 0.11666666666666667 0.0421875 0.12777777777777777
2 0.19375 0.09861111111111111 0.03515625 0.10972222222222222
2 0.22734375 0.08472222222222223 0.03125 0.09444444444444444
2 0.25234375 0.07361111111111111 0.02265625 0.08472222222222223
2 0.26953125 0.06388888888888888 0.0171875 0.07222222222222222
2 0.28828125 0.058333333333333334 0.0171875 0.06527777777777778