2 0.040625 0.25972222222222224 0.08125 0.20277777777777778
2 0.15078125 0.2152777777777778 0.0578125 0.15138888888888888
2 0.26171875 0.16527777777777777 0.03203125 0.10277777777777777
2 0.2171875 0.1875 0.0484375 0.12222222222222222
2 0.32109375 0.14166666666666666 0.02421875 0.07777777777777778
2 0.29375 0.15138888888888888 0.02734375 0.08611111111111111
2 0.33984375 0.13472222222222222 0.02109375 0.06805555555555555
0 0.915625 0.3013888888888889 0.09453125 0.21944444444444444
0 0.78984375 0.2361111111111111 0.053125 0.15694444444444444
0 0.73671875 0.20277777777777778 0.0453125 0.12638888888888888
0 0.690625 0.17777777777777778 0.03359375 0.10833333333333334
0 0.65703125 0.1625 0.02734375 0.08611111111111111
0 0.62109375 0.14444444444444443 0.01484375 0.059722222222222225
0 0.63515625 0.15 0.01953125 0.07083333333333333
0 0.60546875 0.1375 0.01484375 0.05694444444444444