0 0.14609375 0.2722222222222222 0.07734375 0.19722222222222222
1 0.19765625 0.24861111111111112 0.065625 0.17916666666666667
1 0.83359375 0.19444444444444445 0.04921875 0.13472222222222222
1 0.3140625 0.18472222222222223 0.04140625 0.11805555555555555
1 0.778125 0.1736111111111111 0.03828125 0.10555555555555556
1 0.915625 0.23055555555555557 0.0546875 0.16805555555555557
1 0.27421875 0.20555555555555555 0.04609375 0.14166666666666666
1 0.43984375 0.12638888888888888 0.01171875 0.05277777777777778
1 0.48203125 0.125 0.01328125 0.05
1 0.7375 0.15694444444444444 0.0265625 0.09166666666666666
1 0.5265625 0.125 0.01328125 0.05
1 0.34765625 0.16666666666666666 0.03125 0.09166666666666666
1 0.68671875 0.13472222222222222 0.01484375 0.07083333333333333
1 0.61171875 0.12361111111111112 0.01484375 0.05
1 0.56328125 0.12638888888888888 0.01484375 0.05277777777777778
1 0.70703125 0.14722222222222223 0.02109375 0.08194444444444444
1 0.3734375 0.1527777777777778 0.02109375 0.0763888888888889
1 0.65 0.12638888888888888 0.01328125 0.05277777777777778
1 0.66328125 0.13194444444444445 0.01328125 0.058333333333333334
1 0.4125 0.12638888888888888 0.01328125 0.05555555555555555
1 0.3984375 0.14166666666666666 0.01796875 0.07083333333333333