2 0.0875 0.18472222222222223 0.06875 0.18472222222222223
2 0.1734375 0.14722222222222223 0.04453125 0.14166666666666666
2 0.2234375 0.12222222222222222 0.0375 0.11666666666666667
2 0.26796875 0.10694444444444444 0.02734375 0.09861111111111111
2 0.29375 0.09305555555555556 0.0203125 0.08333333333333333
2 0.3140625 0.08472222222222223 0.0203125 0.0763888888888889
2 0.37578125 0.058333333333333334 0.01171875 0.04861111111111111
0 0.85234375 0.2111111111111111 0.07890625 0.19583333333333333
0 0.9734375 0.3 0.053125 0.26944444444444443
0 0.75234375 0.1597222222222222 0.0484375 0.14166666666666666
0 0.71328125 0.13472222222222222 0.02734375 0.11666666666666667
0 0.66953125 0.11666666666666667 0.02578125 0.09861111111111111
0 0.64140625 0.10138888888888889 0.01875 0.08611111111111111
0 0.6203125 0.09444444444444444 0.0171875 0.06805555555555555