1 0.16640625 0.25 0.075 0.175
1 0.86953125 0.22083333333333333 0.06875 0.15694444444444444
1 0.24921875 0.20555555555555555 0.04765625 0.1361111111111111
1 0.97421875 0.27361111111111114 0.0515625 0.21388888888888888
1 0.79296875 0.18888888888888888 0.04375 0.12777777777777777
1 0.3015625 0.1763888888888889 0.034375 0.10694444444444444
1 0.675 0.14722222222222223 0.02265625 0.06666666666666667
1 0.74296875 0.16805555555555557 0.034375 0.10416666666666667
1 0.05 0.3125 0.096875 0.24444444444444444
1 0.34375 0.1638888888888889 0.028125 0.07916666666666666
1 0.7078125 0.15416666666666667 0.02421875 0.0875