2 0.86796875 0.22916666666666666 0.0609375 0.1638888888888889
0 0.25 0.20555555555555555 0.0515625 0.1361111111111111
2 0.7984375 0.1875 0.0453125 0.12777777777777777
0 0.30390625 0.18055555555555555 0.034375 0.10555555555555556
2 0.6828125 0.14166666666666666 0.025 0.07777777777777778
0 0.3546875 0.15 0.025 0.07777777777777778
2 0.7078125 0.15138888888888888 0.034375 0.08888888888888889
2 0.6640625 0.12916666666666668 0.0203125 0.06944444444444445
2 0.74296875 0.16805555555555557 0.0390625 0.10277777777777777
0 0.16875 0.25 0.065625 0.17777777777777778
0 0.37578125 0.1388888888888889 0.01875 0.06666666666666667
0 0.32890625 0.1638888888888889 0.0296875 0.09444444444444444