2 0.9609375 0.2902777777777778 0.078125 0.21666666666666667
0 0.0359375 0.33611111111111114 0.07109375 0.24027777777777778
2 0.84765625 0.24166666666666667 0.0640625 0.1638888888888889
0 0.15546875 0.2638888888888889 0.05703125 0.16944444444444445
0 0.21328125 0.22777777777777777 0.0484375 0.1361111111111111
2 0.66328125 0.1625 0.028125 0.08333333333333333
2 0.7734375 0.2111111111111111 0.05390625 0.13333333333333333
2 0.690625 0.17222222222222222 0.0296875 0.09305555555555556
0 0.2640625 0.2 0.03828125 0.11388888888888889
2 0.7265625 0.19027777777777777 0.034375 0.10833333333333334
0 0.29921875 0.18472222222222223 0.0296875 0.09305555555555556