2 0.69609375 0.12638888888888888 0.0234375 0.09166666666666666
2 0.67578125 0.11666666666666667 0.0203125 0.08611111111111111
0 0.11015625 0.2708333333333333 0.09453125 0.22777777777777777
2 0.9296875 0.23194444444444445 0.08125 0.20416666666666666
2 0.8390625 0.19166666666666668 0.0578125 0.15138888888888888
2 0.7625 0.15555555555555556 0.03984375 0.12361111111111112
2 0.728125 0.14027777777777778 0.028125 0.10416666666666667
0 0.2125 0.20416666666666666 0.05625 0.17222222222222222
0 0.271875 0.17222222222222222 0.03828125 0.12361111111111112
0 0.3140625 0.15138888888888888 0.0265625 0.10694444444444444
0 0.3453125 0.1361111111111111 0.0203125 0.0763888888888889