0 0.86015625 0.2625 0.07734375 0.18888888888888888
0 0.7859375 0.22083333333333333 0.05859375 0.1486111111111111
0 0.715625 0.18333333333333332 0.03671875 0.11527777777777778
0 0.67890625 0.16527777777777777 0.03203125 0.09583333333333334
0 0.64765625 0.1527777777777778 0.0234375 0.08194444444444444
0 0.63203125 0.14305555555555555 0.0203125 0.07361111111111111
0 0.6171875 0.13333333333333333 0.015625 0.06527777777777778
2 0.08046875 0.24583333333333332 0.07578125 0.18888888888888888
2 0.17734375 0.2013888888888889 0.05390625 0.14305555555555555
2 0.24609375 0.1736111111111111 0.03359375 0.1125
2 0.2859375 0.15555555555555556 0.0296875 0.09305555555555556
2 0.31328125 0.14444444444444443 0.025 0.08194444444444444
2 0.35078125 0.12777777777777777 0.0171875 0.06527777777777778
2 0.334375 0.13472222222222222 0.0234375 0.07361111111111111
2 0.3625 0.11944444444444445 0.0125 0.058333333333333334
2 0.37578125 0.11666666666666667 0.0140625 0.05277777777777778