0 0.83984375 0.24444444444444444 0.06640625 0.1763888888888889
0 0.71640625 0.18055555555555555 0.0375 0.1125
0 0.759375 0.2013888888888889 0.0484375 0.14722222222222223
0 0.68125 0.16527777777777777 0.02421875 0.09305555555555556
2 0.11015625 0.22083333333333333 0.06171875 0.17083333333333334
2 0.19921875 0.18611111111111112 0.05390625 0.1361111111111111
2 0.25625 0.16666666666666666 0.0359375 0.1125
1 0.66484375 0.1597222222222222 0.02109375 0.09027777777777778
1 0.35859375 0.12361111111111112 0.01328125 0.058333333333333334
1 0.3421875 0.13194444444444445 0.01328125 0.06666666666666667
1 0.4 0.1111111111111111 0.01171875 0.043055555555555555
1 0.6421875 0.14722222222222223 0.01484375 0.075
1 0.6296875 0.13333333333333333 0.01640625 0.075
1 0.32109375 0.14027777777777778 0.01640625 0.07222222222222222
1 0.3734375 0.12361111111111112 0.009375 0.04027777777777778
1 0.6171875 0.13055555555555556 0.01328125 0.06388888888888888
1 0.3859375 0.11944444444444445 0.01171875 0.043055555555555555