0 0.11640625 0.275 0.0796875 0.2
0 0.21875 0.21944444444444444 0.053125 0.15
0 0.27109375 0.19027777777777777 0.0390625 0.11944444444444445
0 0.31015625 0.1763888888888889 0.0296875 0.10277777777777777
2 0.8265625 0.20555555555555555 0.05625 0.14444444444444443
2 0.93828125 0.24861111111111112 0.0703125 0.19166666666666668
2 0.759375 0.17916666666666667 0.0375 0.11388888888888889
1 0.33203125 0.17083333333333334 0.0234375 0.09166666666666666
1 0.6296875 0.13333333333333333 0.0125 0.044444444444444446
1 0.71328125 0.1638888888888889 0.0203125 0.08333333333333333
1 0.64453125 0.13472222222222222 0.0109375 0.058333333333333334
1 0.66171875 0.14305555555555555 0.0140625 0.06388888888888888
1 0.60234375 0.12083333333333333 0.0109375 0.041666666666666664
1 0.68515625 0.15138888888888888 0.0171875 0.06944444444444445
1 0.35546875 0.15694444444444444 0.0171875 0.075
1 0.61640625 0.13055555555555556 0.0109375 0.03888888888888889
1 0.37109375 0.14583333333333334 0.0171875 0.075
1 0.39609375 0.13333333333333333 0.0109375 0.044444444444444446
1 0.384375 0.14166666666666666 0.015625 0.06111111111111111
1 0.4109375 0.12638888888888888 0.0125 0.04722222222222222