1 0.059375 0.25416666666666665 0.0921875 0.20833333333333334
1 0.86953125 0.22083333333333333 0.0625 0.16527777777777777
1 0.6328125 0.17083333333333334 0.034375 0.11805555555555555
1 0.9546875 0.2791666666666667 0.090625 0.22361111111111112
1 0.72421875 0.1763888888888889 0.0359375 0.1111111111111111
1 0.45859375 0.16666666666666666 0.04609375 0.11527777777777778
1 0.19921875 0.1986111111111111 0.0609375 0.15555555555555556
1 0.2671875 0.16666666666666666 0.03984375 0.12083333333333333
1 0.79453125 0.18888888888888888 0.04453125 0.11805555555555555
1 0.35390625 0.16527777777777777 0.03828125 0.11805555555555555
1 0.5375 0.16944444444444445 0.034375 0.12083333333333333