1 0.13671875 0.24583333333333332 0.06796875 0.18055555555555555
1 0.77890625 0.18472222222222223 0.0453125 0.12916666666666668
1 0.86328125 0.21805555555555556 0.06484375 0.16666666666666666
1 0.22890625 0.19444444444444445 0.0453125 0.13472222222222222
1 0.7265625 0.1638888888888889 0.0390625 0.10277777777777777
1 0.68203125 0.15416666666666667 0.02578125 0.08333333333333333
1 0.54140625 0.1361111111111111 0.02109375 0.06944444444444445
1 0.6046875 0.13472222222222222 0.01953125 0.06944444444444445
1 0.2921875 0.16805555555555557 0.03515625 0.10694444444444444
1 0.3078125 0.15694444444444444 0.02578125 0.08055555555555556
1 0.6578125 0.1375 0.01953125 0.07222222222222222
1 0.33203125 0.14722222222222223 0.02265625 0.075
1 0.428125 0.1375 0.01796875 0.06666666666666667
1 0.4890625 0.1388888888888889 0.01953125 0.07222222222222222
1 0.37109375 0.14027777777777778 0.01953125 0.06944444444444445