2 0.79296875 0.18888888888888888 0.0453125 0.12777777777777777
2 0.87578125 0.22777777777777777 0.0609375 0.16666666666666666
2 0.74296875 0.16944444444444445 0.0359375 0.10555555555555556
2 0.7078125 0.15416666666666667 0.034375 0.09166666666666666
2 0.68203125 0.14166666666666666 0.0234375 0.07777777777777778
2 0.6453125 0.125 0.01875 0.06111111111111111
2 0.66328125 0.13194444444444445 0.0203125 0.06944444444444445
2 0.63046875 0.12083333333333333 0.0171875 0.05277777777777778
2 0.6234375 0.11666666666666667 0.0125 0.05
0 0.16796875 0.25 0.0640625 0.17777777777777778
0 0.24921875 0.20694444444444443 0.0515625 0.1361111111111111
0 0.303125 0.18055555555555555 0.034375 0.10555555555555556
0 0.3546875 0.15 0.025 0.07777777777777778
0 0.32890625 0.1638888888888889 0.0296875 0.09444444444444444
0 0.3765625 0.14166666666666666 0.01875 0.06666666666666667
0 0.39140625 0.13472222222222222 0.0140625 0.05277777777777778