1 0.8109375 0.22083333333333333 0.059375 0.15138888888888888
1 0.94609375 0.2763888888888889 0.08828125 0.20277777777777778
1 0.15703125 0.24166666666666667 0.059375 0.1625
1 0.075 0.3 0.08828125 0.21666666666666667
1 0.55859375 0.19027777777777777 0.04375 0.11666666666666667
1 0.74375 0.19027777777777777 0.03671875 0.11666666666666667
1 0.23046875 0.20833333333333334 0.04375 0.11944444444444445
1 0.29921875 0.2 0.03515625 0.10833333333333334
1 0.66015625 0.18888888888888888 0.03671875 0.11388888888888889
1 0.48125 0.19305555555555556 0.03359375 0.11666666666666667
1 0.3875 0.19305555555555556 0.03203125 0.11666666666666667