1 0.89921875 0.28888888888888886 0.08984375 0.2111111111111111
1 0.07265625 0.25277777777777777 0.08125 0.18611111111111112
1 0.7953125 0.23194444444444445 0.0578125 0.15
1 0.73359375 0.19722222222222222 0.0390625 0.12361111111111112
1 0.50703125 0.1527777777777778 0.01328125 0.06388888888888888
1 0.6171875 0.15 0.01484375 0.06666666666666667
1 0.175 0.21388888888888888 0.05234375 0.14166666666666666
1 0.39609375 0.1486111111111111 0.01484375 0.06388888888888888
1 0.32421875 0.1625 0.0171875 0.07777777777777778
1 0.3453125 0.15 0.01484375 0.06666666666666667
1 0.2875 0.17222222222222222 0.02734375 0.09583333333333334
1 0.45859375 0.15 0.01484375 0.06666666666666667
1 0.65390625 0.15555555555555556 0.0171875 0.06944444444444445
1 0.5640625 0.1527777777777778 0.0171875 0.06388888888888888
1 0.23984375 0.19444444444444445 0.0375 0.11388888888888889
1 0.675 0.16666666666666666 0.01875 0.075
1 0.68515625 0.18055555555555555 0.03203125 0.09027777777777778