2 0.91484375 0.24722222222222223 0.06953125 0.19166666666666668
2 0.80703125 0.2 0.04765625 0.14027777777777778
2 0.7453125 0.1736111111111111 0.04140625 0.1125
2 0.703125 0.15555555555555556 0.0296875 0.09305555555555556
1 0.67265625 0.14583333333333334 0.015625 0.07361111111111111
1 0.634375 0.13055555555555556 0.0125 0.058333333333333334
1 0.34296875 0.1527777777777778 0.021875 0.0763888888888889
1 0.65078125 0.1361111111111111 0.0140625 0.06527777777777778
1 0.3625 0.14444444444444443 0.015625 0.06527777777777778
1 0.621875 0.12361111111111112 0.0125 0.05555555555555555
1 0.37421875 0.13333333333333333 0.0171875 0.06527777777777778
0 0.08828125 0.2777777777777778 0.07890625 0.20833333333333334
0 0.20546875 0.21666666666666667 0.05390625 0.14583333333333334
0 0.26484375 0.18472222222222223 0.03984375 0.11805555555555555
0 0.29921875 0.16666666666666666 0.03515625 0.09861111111111111
0 0.32734375 0.15555555555555556 0.025 0.08194444444444444