0 0.15390625 0.2625 0.0765625 0.18611111111111112
2 0.88046875 0.2388888888888889 0.0671875 0.17222222222222222
2 0.79453125 0.20416666666666666 0.0484375 0.13055555555555556
2 0.74375 0.17916666666666667 0.0375 0.10277777777777777
0 0.2890625 0.18888888888888888 0.040625 0.1111111111111111
2 0.7015625 0.1625 0.028125 0.09166666666666666
0 0.33125 0.17083333333333334 0.028125 0.09166666666666666
2 0.67734375 0.15 0.0234375 0.07777777777777778
0 0.35625 0.15833333333333333 0.021875 0.07777777777777778
0 0.3765625 0.14722222222222223 0.015625 0.06666666666666667
0 0.2515625 0.21388888888888888 0.046875 0.13333333333333333