1 0.0421875 0.32083333333333336 0.084375 0.25
1 0.871875 0.2222222222222222 0.0671875 0.1597222222222222
1 0.78828125 0.19166666666666668 0.04921875 0.12222222222222222
1 0.2359375 0.20833333333333334 0.05234375 0.1388888888888889
1 0.171875 0.24444444444444444 0.065625 0.1763888888888889
1 0.28515625 0.18194444444444444 0.03671875 0.10833333333333334
1 0.7359375 0.17222222222222222 0.02734375 0.1
1 0.5328125 0.125 0.0140625 0.05416666666666667
1 0.62421875 0.12638888888888888 0.0125 0.05416666666666667
1 0.44453125 0.12777777777777777 0.0140625 0.05138888888888889
1 0.49296875 0.12916666666666668 0.0140625 0.05416666666666667
1 0.58359375 0.12638888888888888 0.0140625 0.05416666666666667
1 0.4 0.12916666666666668 0.0140625 0.05416666666666667
1 0.32109375 0.1638888888888889 0.02890625 0.0875
1 0.66640625 0.14166666666666666 0.015625 0.07361111111111111
1 0.63984375 0.13472222222222222 0.0140625 0.06527777777777778
1 0.37109375 0.13055555555555556 0.0140625 0.05694444444444444
1 0.69375 0.15 0.02109375 0.09027777777777778
1 0.35390625 0.14722222222222223 0.02109375 0.07361111111111111