0 0.828125 0.2638888888888889 0.06484375 0.17083333333333334
0 0.959375 0.3416666666666667 0.08125 0.24444444444444444
0 0.75859375 0.22083333333333333 0.0453125 0.13472222222222222
0 0.7109375 0.20277777777777778 0.034375 0.10277777777777777
2 0.1203125 0.24166666666666667 0.06796875 0.16527777777777777
2 0.20859375 0.20833333333333334 0.0453125 0.13194444444444445
1 0.26484375 0.18333333333333332 0.0234375 0.09722222222222222
1 0.29921875 0.1736111111111111 0.0203125 0.07777777777777778
1 0.36328125 0.1527777777777778 0.0125 0.041666666666666664
1 0.3453125 0.15555555555555556 0.0140625 0.058333333333333334
1 0.6859375 0.19305555555555556 0.0265625 0.1
1 0.3765625 0.1486111111111111 0.0109375 0.03888888888888889
1 0.61015625 0.15416666666666667 0.0125 0.05
1 0.6390625 0.18055555555555555 0.0171875 0.05277777777777778
1 0.32578125 0.1625 0.01875 0.06666666666666667
1 0.6234375 0.1625 0.0171875 0.06111111111111111
1 0.65703125 0.17916666666666667 0.021875 0.08333333333333333