0 0.13359375 0.27361111111111114 0.07265625 0.18888888888888888
0 0.21640625 0.23055555555555557 0.05546875 0.14444444444444443
0 0.27734375 0.1986111111111111 0.03671875 0.11388888888888889
0 0.3046875 0.18194444444444444 0.02734375 0.09861111111111111
0 0.33515625 0.16666666666666666 0.02265625 0.08611111111111111
0 0.35546875 0.15694444444444444 0.015625 0.07361111111111111
0 0.371875 0.15416666666666667 0.0140625 0.05555555555555555
2 0.878125 0.25 0.07109375 0.17916666666666667
2 0.7484375 0.18888888888888888 0.03671875 0.11666666666666667
2 0.68203125 0.16111111111111112 0.02421875 0.08055555555555556
2 0.7125 0.17222222222222222 0.03125 0.09861111111111111
2 0.6453125 0.14305555555555555 0.0171875 0.06527777777777778
2 0.63125 0.1375 0.0171875 0.06527777777777778
2 0.6609375 0.15 0.02109375 0.07777777777777778
2 0.803125 0.2111111111111111 0.0484375 0.1388888888888889