2 0.965625 0.22777777777777777 0.06875 0.2152777777777778
1 0.19453125 0.18194444444444444 0.05390625 0.16111111111111112
1 0.29296875 0.13194444444444445 0.03828125 0.11388888888888889
1 0.775 0.1375 0.04375 0.11944444444444445
1 0.840625 0.16666666666666666 0.04375 0.1527777777777778
1 0.73046875 0.12222222222222222 0.03515625 0.09583333333333334
1 0.69609375 0.10833333333333334 0.0234375 0.07777777777777778
1 0.5 0.07777777777777778 0.01328125 0.04722222222222222
1 0.45625 0.07777777777777778 0.01328125 0.04722222222222222
1 0.415625 0.07916666666666666 0.01171875 0.05138888888888889
1 0.67265625 0.09583333333333334 0.01640625 0.07777777777777778
1 0.53671875 0.07777777777777778 0.01328125 0.04722222222222222
1 0.32578125 0.11805555555555555 0.03046875 0.09305555555555556
1 0.35 0.10416666666666667 0.01875 0.07222222222222222
1 0.621875 0.0763888888888889 0.01171875 0.04722222222222222
1 0.3890625 0.08055555555555556 0.01328125 0.05416666666666667
1 0.2578125 0.15138888888888888 0.0421875 0.12916666666666668
1 0.63203125 0.08194444444444444 0.01484375 0.05694444444444444
1 0.6515625 0.0875 0.01484375 0.07222222222222222
1 0.58359375 0.07777777777777778 0.01328125 0.04722222222222222
1 0.37578125 0.09305555555555556 0.01640625 0.06527777777777778
0 0.0359375 0.2611111111111111 0.071875 0.23333333333333334
0 0.14765625 0.1986111111111111 0.0671875 0.1763888888888889