1 0.13203125 0.25555555555555554 0.07109375 0.18611111111111112
1 0.7625 0.2 0.05 0.13194444444444445
1 0.8640625 0.2388888888888889 0.07265625 0.16805555555555557
1 0.54296875 0.17916666666666667 0.03984375 0.09444444444444444
1 0.47265625 0.1763888888888889 0.03203125 0.10555555555555556
1 0.18828125 0.2152777777777778 0.0515625 0.14027777777777778
1 0.38828125 0.1763888888888889 0.03046875 0.10555555555555556
1 0.24765625 0.19305555555555556 0.03515625 0.1
1 0.634375 0.1736111111111111 0.03359375 0.09722222222222222
1 0.7109375 0.17777777777777778 0.03515625 0.10277777777777777
1 0.30625 0.18333333333333332 0.03359375 0.09722222222222222