0 0.0765625 0.2916666666666667 0.096875 0.225
2 0.95859375 0.25277777777777777 0.08203125 0.20277777777777778
0 0.2125 0.22083333333333333 0.05546875 0.15416666666666667
0 0.27734375 0.18611111111111112 0.04453125 0.12361111111111112
2 0.7703125 0.17222222222222222 0.04140625 0.11527777777777778
2 0.83515625 0.20416666666666666 0.05390625 0.14305555555555555
2 0.69921875 0.14166666666666666 0.03203125 0.08194444444444444
2 0.72890625 0.15416666666666667 0.03359375 0.09583333333333334
0 0.36796875 0.14027777777777778 0.0203125 0.07361111111111111
0 0.3453125 0.1527777777777778 0.028125 0.0875
0 0.32109375 0.16666666666666666 0.03203125 0.09861111111111111