2 0.08515625 0.2111111111111111 0.06953125 0.1736111111111111
2 0.1703125 0.1763888888888889 0.0515625 0.1388888888888889
2 0.2265625 0.1527777777777778 0.04375 0.11527777777777778
2 0.28984375 0.11944444444444445 0.02109375 0.08333333333333333
2 0.26328125 0.1361111111111111 0.02890625 0.09861111111111111
2 0.31484375 0.11388888888888889 0.01953125 0.07777777777777778
2 0.33359375 0.10694444444444444 0.01796875 0.06944444444444445
1 0.36796875 0.09305555555555556 0.01171875 0.04583333333333333
1 0.35703125 0.09583333333333334 0.009375 0.04583333333333333
0 0.83671875 0.24166666666666667 0.0765625 0.1875
0 0.7421875 0.19305555555555556 0.0484375 0.1388888888888889
0 0.7 0.16666666666666666 0.0421875 0.11805555555555555
0 0.63125 0.1361111111111111 0.02265625 0.08055555555555556
0 0.6609375 0.14722222222222223 0.02890625 0.09861111111111111