1 0.90546875 0.19583333333333333 0.07421875 0.19722222222222222
1 0.23984375 0.1361111111111111 0.05234375 0.1388888888888889
1 0.1328125 0.17777777777777778 0.0765625 0.17916666666666667
1 0.471875 0.11388888888888889 0.0421875 0.1
1 0.54609375 0.1111111111111111 0.03359375 0.1125
1 0.84609375 0.1527777777777778 0.05390625 0.1486111111111111
1 0.634375 0.1111111111111111 0.03203125 0.1125
1 0.7828125 0.12916666666666668 0.0375 0.10555555555555556
1 0.37578125 0.10972222222222222 0.0359375 0.10277777777777777
1 0.29453125 0.1125 0.0375 0.10972222222222222
1 0.72109375 0.11805555555555555 0.0359375 0.10277777777777777