2 0.87109375 0.23055555555555557 0.0703125 0.16666666666666666
2 0.7875 0.19444444444444445 0.053125 0.13333333333333333
2 0.734375 0.16944444444444445 0.034375 0.1111111111111111
2 0.64609375 0.13472222222222222 0.0203125 0.06944444444444445
2 0.66875 0.14305555555555555 0.025 0.08055555555555556
2 0.6984375 0.15138888888888888 0.028125 0.09166666666666666
0 0.340625 0.15416666666666667 0.01875 0.075
0 0.15078125 0.25555555555555554 0.0671875 0.17777777777777778
0 0.27734375 0.18472222222222223 0.0390625 0.11388888888888889
0 0.22265625 0.21388888888888888 0.0484375 0.1388888888888889
0 0.31640625 0.16527777777777777 0.0296875 0.09166666666666666
0 0.3734375 0.14027777777777778 0.015625 0.058333333333333334
0 0.35703125 0.14444444444444443 0.0171875 0.06111111111111111