2 0.95859375 0.2125 0.08203125 0.20972222222222223
0 0.04765625 0.2569444444444444 0.0953125 0.23333333333333334
2 0.84609375 0.16527777777777777 0.06171875 0.15833333333333333
0 0.17734375 0.1875 0.05546875 0.16527777777777777
0 0.23359375 0.1527777777777778 0.046875 0.13194444444444445
2 0.66796875 0.08888888888888889 0.0265625 0.08055555555555556
2 0.77421875 0.1361111111111111 0.05234375 0.12916666666666668
2 0.69453125 0.09861111111111111 0.02890625 0.09027777777777778
0 0.28203125 0.125 0.03671875 0.1111111111111111
2 0.72890625 0.11527777777777778 0.03359375 0.10416666666666667
0 0.31640625 0.1111111111111111 0.02890625 0.09027777777777778