1 0.13671875 0.275 0.0828125 0.19444444444444445
1 0.9015625 0.24166666666666667 0.075 0.17222222222222222
1 0.2328125 0.2222222222222222 0.053125 0.1388888888888889
1 0.28984375 0.19027777777777777 0.0359375 0.11388888888888889
1 0.5 0.1486111111111111 0.0125 0.058333333333333334
1 0.39765625 0.14722222222222223 0.0140625 0.06111111111111111
1 0.80703125 0.20555555555555555 0.0484375 0.13055555555555556
1 0.60234375 0.14583333333333334 0.0140625 0.058333333333333334
1 0.66875 0.15833333333333333 0.015625 0.07222222222222222
1 0.64921875 0.14722222222222223 0.0140625 0.06111111111111111
1 0.703125 0.16666666666666666 0.025 0.08888888888888889
1 0.54453125 0.14722222222222223 0.0140625 0.06111111111111111
1 0.3640625 0.15138888888888888 0.015625 0.06388888888888888
1 0.446875 0.1486111111111111 0.015625 0.058333333333333334
1 0.746875 0.1875 0.034375 0.10555555555555556
1 0.34453125 0.1625 0.0171875 0.06944444444444445
1 0.33515625 0.175 0.0296875 0.08333333333333333