1 0.07109375 0.3013888888888889 0.09609375 0.23472222222222222
1 0.159375 0.24027777777777778 0.0640625 0.17083333333333334
1 0.84453125 0.22083333333333333 0.059375 0.15694444444444444
1 0.971875 0.2833333333333333 0.05625 0.2111111111111111
1 0.5796875 0.18472222222222223 0.04375 0.11666666666666667
1 0.31015625 0.19166666666666668 0.03828125 0.1111111111111111
1 0.4984375 0.1875 0.03515625 0.12222222222222222
1 0.684375 0.18055555555555555 0.03359375 0.11944444444444445
1 0.40078125 0.18611111111111112 0.03359375 0.11944444444444445
1 0.7703125 0.18472222222222223 0.03828125 0.12222222222222222
1 0.23828125 0.20555555555555555 0.0453125 0.11944444444444445