2 0.9625 0.22777777777777777 0.075 0.21666666666666667
0 0.040625 0.2611111111111111 0.08046875 0.23333333333333334
2 0.846875 0.1736111111111111 0.05859375 0.1625
0 0.15 0.19444444444444445 0.0671875 0.16805555555555557
0 0.22265625 0.16527777777777777 0.05 0.13472222222222222
2 0.7921875 0.1486111111111111 0.0515625 0.13194444444444445
1 0.25390625 0.1527777777777778 0.0375 0.12916666666666668
1 0.72734375 0.12638888888888888 0.03984375 0.09166666666666666
1 0.6953125 0.10833333333333334 0.02890625 0.08333333333333333
1 0.31953125 0.11666666666666667 0.03125 0.09166666666666666
1 0.76953125 0.14305555555555555 0.03125 0.11388888888888889
1 0.29375 0.13194444444444445 0.034375 0.10416666666666667