1 0.87890625 0.2361111111111111 0.06484375 0.16666666666666666
1 0.15546875 0.25416666666666665 0.06953125 0.18055555555555555
1 0.79375 0.20277777777777778 0.0484375 0.12916666666666668
1 0.5 0.16666666666666666 0.01953125 0.08055555555555556
1 0.63671875 0.1638888888888889 0.02265625 0.08055555555555556
1 0.73046875 0.18055555555555555 0.03203125 0.10277777777777777
1 0.69765625 0.16527777777777777 0.02109375 0.08333333333333333
1 0.5609375 0.1638888888888889 0.01953125 0.08055555555555556
1 0.365625 0.16805555555555557 0.02109375 0.08333333333333333
1 0.253125 0.21388888888888888 0.0453125 0.13472222222222222
1 0.2828125 0.18888888888888888 0.03359375 0.1125
1 0.31796875 0.175 0.02890625 0.08611111111111111
1 0.43125 0.16805555555555557 0.02109375 0.07777777777777778