0 0.15390625 0.25972222222222224 0.0640625 0.18611111111111112
0 0.24609375 0.20833333333333334 0.0453125 0.1388888888888889
0 0.29453125 0.18472222222222223 0.0328125 0.10833333333333334
0 0.34921875 0.1597222222222222 0.0171875 0.075
0 0.32421875 0.16805555555555557 0.0234375 0.09166666666666666
2 0.8875 0.23333333333333334 0.0625 0.17777777777777778
2 0.79765625 0.19166666666666668 0.0453125 0.13333333333333333
2 0.740625 0.17083333333333334 0.034375 0.10833333333333334
2 0.70078125 0.15694444444444444 0.0265625 0.09166666666666666
1 0.36171875 0.15555555555555556 0.0171875 0.07222222222222222
1 0.653125 0.1388888888888889 0.0125 0.06111111111111111
1 0.6359375 0.13194444444444445 0.0125 0.05277777777777778
1 0.6234375 0.12777777777777777 0.0125 0.05
1 0.61171875 0.12777777777777777 0.0109375 0.03888888888888889
1 0.67265625 0.14722222222222223 0.0140625 0.06666666666666667
1 0.37890625 0.14583333333333334 0.0140625 0.058333333333333334