0 0.9703125 0.325 0.05859375 0.2777777777777778
2 0.128125 0.19583333333333333 0.071875 0.17083333333333334
0 0.8546875 0.225 0.0703125 0.19166666666666668
2 0.021875 0.2652777777777778 0.04375 0.24305555555555555
2 0.215625 0.15833333333333333 0.05234375 0.13194444444444445
0 0.77421875 0.1763888888888889 0.05 0.1375
0 0.7265625 0.1486111111111111 0.03828125 0.11666666666666667
2 0.2984375 0.12083333333333333 0.03046875 0.09305555555555556
2 0.3234375 0.1111111111111111 0.0265625 0.08333333333333333
2 0.2625 0.1361111111111111 0.03828125 0.1111111111111111
2 0.3484375 0.1 0.021875 0.07222222222222222
0 0.68515625 0.12777777777777777 0.02890625 0.09305555555555556