2 0.78359375 0.19444444444444445 0.0421875 0.12777777777777777
2 0.73515625 0.17083333333333334 0.0328125 0.10277777777777777
2 0.8734375 0.23055555555555557 0.065625 0.16111111111111112
2 0.7015625 0.15694444444444444 0.028125 0.08611111111111111
2 0.6578125 0.1375 0.01875 0.06944444444444445
2 0.67734375 0.14583333333333334 0.0265625 0.075
2 0.6296875 0.125 0.015625 0.05555555555555555
2 0.6453125 0.13055555555555556 0.015625 0.06111111111111111
0 0.05078125 0.32222222222222224 0.1015625 0.2388888888888889
0 0.1609375 0.25555555555555554 0.071875 0.17777777777777778
0 0.25390625 0.20833333333333334 0.0421875 0.12777777777777777
0 0.3015625 0.18333333333333332 0.0375 0.10555555555555556
0 0.3375 0.16666666666666666 0.028125 0.08888888888888889
0 0.3578125 0.15555555555555556 0.021875 0.07777777777777778
0 0.375 0.14583333333333334 0.01875 0.06388888888888888
0 0.39140625 0.14027777777777778 0.0140625 0.05277777777777778