0 0.1203125 0.2916666666666667 0.08125 0.2
0 0.22890625 0.23472222222222222 0.0484375 0.14722222222222223
0 0.27578125 0.20555555555555555 0.0390625 0.11666666666666667
0 0.31640625 0.18333333333333332 0.0296875 0.1
0 0.3484375 0.16805555555555557 0.021875 0.08055555555555556
0 0.36875 0.1597222222222222 0.015625 0.06388888888888888
0 0.38046875 0.1527777777777778 0.0140625 0.06111111111111111
2 0.921875 0.2569444444444444 0.071875 0.18611111111111112
2 0.82265625 0.21666666666666667 0.0515625 0.1388888888888889
2 0.76171875 0.19027777777777777 0.0453125 0.11388888888888889
2 0.7203125 0.17222222222222222 0.028125 0.09444444444444444
2 0.69140625 0.15833333333333333 0.0234375 0.08333333333333333
2 0.6671875 0.15 0.021875 0.07222222222222222
2 0.64765625 0.14444444444444443 0.0171875 0.06666666666666667