2 0.00703125 0.25 0.01328125 0.175
0 0.95546875 0.25 0.0890625 0.25
2 0.11171875 0.1597222222222222 0.0609375 0.16805555555555557
0 0.8359375 0.18333333333333332 0.0671875 0.175
2 0.17578125 0.13055555555555556 0.05390625 0.1361111111111111
0 0.7609375 0.14305555555555555 0.0453125 0.14166666666666666
1 0.284375 0.09166666666666666 0.02890625 0.08194444444444444
1 0.66328125 0.09722222222222222 0.025 0.09305555555555556
1 0.24921875 0.10555555555555556 0.0390625 0.09583333333333334
1 0.72890625 0.13472222222222222 0.0390625 0.12916666666666668
1 0.20078125 0.12361111111111112 0.03359375 0.12083333333333333
1 0.68984375 0.10972222222222222 0.03515625 0.1111111111111111