0 0.0671875 0.3111111111111111 0.09609375 0.2263888888888889
1 0.13046875 0.28194444444444444 0.08203125 0.2013888888888889
1 0.93671875 0.2569444444444444 0.06640625 0.1875
1 0.8296875 0.21388888888888888 0.0546875 0.1375
1 0.7640625 0.18888888888888888 0.040625 0.10833333333333334
1 0.2765625 0.2013888888888889 0.04375 0.12222222222222222
1 0.31640625 0.18472222222222223 0.03125 0.09444444444444444
1 0.66171875 0.15 0.015625 0.06944444444444445
1 0.22890625 0.22916666666666666 0.0515625 0.15138888888888888
1 0.71796875 0.1736111111111111 0.0234375 0.08888888888888889
1 0.6390625 0.14444444444444443 0.0140625 0.058333333333333334
1 0.58828125 0.13472222222222222 0.0125 0.05
1 0.53984375 0.1375 0.0140625 0.05
1 0.41640625 0.1388888888888889 0.0125 0.05277777777777778
1 0.68828125 0.1597222222222222 0.0203125 0.07777777777777778
1 0.4578125 0.1388888888888889 0.0125 0.04722222222222222
1 0.50234375 0.1388888888888889 0.0140625 0.05277777777777778
1 0.62578125 0.13472222222222222 0.0125 0.05
1 0.3734375 0.1625 0.0171875 0.05
1 0.38828125 0.14166666666666666 0.0125 0.05277777777777778
1 0.346875 0.16944444444444445 0.0203125 0.075