2 0.090625 0.19722222222222222 0.07421875 0.18472222222222223
0 0.85703125 0.22777777777777777 0.07421875 0.19722222222222222
2 0.16640625 0.1625 0.0515625 0.14444444444444443
0 0.7671875 0.18333333333333332 0.0609375 0.15694444444444444
2 0.28984375 0.10694444444444444 0.02578125 0.09305555555555556
2 0.25703125 0.11944444444444445 0.0296875 0.10138888888888889
0 0.67421875 0.13333333333333333 0.02578125 0.10555555555555556
0 0.703125 0.15138888888888888 0.03984375 0.12361111111111112
0 0.6375 0.1125 0.02265625 0.09305555555555556
2 0.3109375 0.09722222222222222 0.01875 0.08333333333333333
2 0.22109375 0.1375 0.03828125 0.12083333333333333
0 0.6203125 0.10277777777777777 0.01875 0.07777777777777778