2 0.08515625 0.24166666666666667 0.06953125 0.19166666666666668
2 0.19296875 0.19444444444444445 0.04765625 0.14027777777777778
2 0.2546875 0.16805555555555557 0.04140625 0.1125
2 0.296875 0.15 0.0296875 0.09305555555555556
1 0.32734375 0.14027777777777778 0.015625 0.07361111111111111
1 0.365625 0.125 0.0125 0.058333333333333334
1 0.65703125 0.14722222222222223 0.021875 0.0763888888888889
1 0.34921875 0.13055555555555556 0.0140625 0.06527777777777778
1 0.6375 0.1388888888888889 0.015625 0.06527777777777778
1 0.378125 0.11805555555555555 0.0125 0.05555555555555555
1 0.62578125 0.12777777777777777 0.0171875 0.06527777777777778
0 0.91171875 0.2722222222222222 0.07890625 0.20833333333333334
0 0.79453125 0.2111111111111111 0.05390625 0.14583333333333334
0 0.73515625 0.17916666666666667 0.03984375 0.11805555555555555
0 0.70078125 0.16111111111111112 0.03515625 0.09861111111111111
0 0.67265625 0.15 0.025 0.08194444444444444