1 0.1203125 0.28888888888888886 0.08125 0.20972222222222223
1 0.23125 0.2263888888888889 0.05 0.15138888888888888
1 0.9453125 0.2513888888888889 0.0765625 0.18333333333333332
1 0.775 0.18611111111111112 0.04140625 0.1125
1 0.3015625 0.19444444444444445 0.03828125 0.11527777777777778
1 0.83984375 0.20972222222222223 0.0515625 0.14166666666666666
1 0.72421875 0.17222222222222222 0.03359375 0.08888888888888889
1 0.640625 0.15694444444444444 0.021875 0.07083333333333333
1 0.56953125 0.15833333333333333 0.0203125 0.07361111111111111
1 0.44921875 0.1597222222222222 0.01796875 0.07083333333333333
1 0.69453125 0.15833333333333333 0.0203125 0.07361111111111111
1 0.51484375 0.1597222222222222 0.0203125 0.07083333333333333
1 0.34609375 0.16527777777777777 0.025 0.0763888888888889
1 0.3203125 0.18055555555555555 0.0265625 0.08888888888888889
1 0.3875 0.16111111111111112 0.021875 0.07361111111111111