2 0.934375 0.2611111111111111 0.084375 0.2
2 0.81953125 0.2111111111111111 0.05234375 0.15
1 0.3078125 0.17083333333333334 0.03203125 0.09861111111111111
1 0.33203125 0.1597222222222222 0.02890625 0.0875
1 0.70859375 0.16805555555555557 0.03359375 0.0875
1 0.65390625 0.14583333333333334 0.01875 0.06527777777777778
1 0.6359375 0.1361111111111111 0.0140625 0.0625
1 0.678125 0.15 0.02578125 0.07916666666666666
1 0.6046875 0.12638888888888888 0.0125 0.04861111111111111
1 0.3875 0.13333333333333333 0.0125 0.05694444444444444
1 0.36875 0.1375 0.0140625 0.059722222222222225
1 0.62109375 0.13194444444444445 0.0140625 0.05416666666666667
1 0.27109375 0.19166666666666668 0.03515625 0.11805555555555555
1 0.39765625 0.12222222222222222 0.0109375 0.04583333333333333
1 0.35234375 0.1486111111111111 0.021875 0.0763888888888889
0 0.065625 0.2902777777777778 0.090625 0.2152777777777778
0 0.17578125 0.23055555555555557 0.06171875 0.15555555555555556
0 0.24140625 0.2 0.04453125 0.12361111111111112