2 0.0640625 0.22083333333333333 0.071875 0.17916666666666667
2 0.1515625 0.18472222222222223 0.053125 0.14305555555555555
2 0.209375 0.16111111111111112 0.0453125 0.11944444444444445
2 0.27421875 0.12638888888888888 0.021875 0.08611111111111111
2 0.246875 0.14305555555555555 0.0296875 0.10138888888888889
2 0.3 0.12083333333333333 0.0203125 0.08055555555555556
2 0.31953125 0.1125 0.01796875 0.07083333333333333
1 0.35390625 0.09861111111111111 0.01171875 0.04722222222222222
1 0.34296875 0.10138888888888889 0.01015625 0.04722222222222222
0 0.8359375 0.2513888888888889 0.078125 0.19305555555555556
0 0.73828125 0.20277777777777778 0.05 0.14305555555555555
0 0.6953125 0.1736111111111111 0.04296875 0.12222222222222222
0 0.625 0.14305555555555555 0.0234375 0.08333333333333333
0 0.6546875 0.15416666666666667 0.0296875 0.10138888888888889