2 0.9828125 0.275 0.034375 0.2388888888888889
2 0.88125 0.20694444444444443 0.06953125 0.16805555555555557
2 0.7953125 0.17083333333333334 0.04921875 0.12916666666666668
2 0.7140625 0.13333333333333333 0.028125 0.09166666666666666
2 0.75078125 0.1486111111111111 0.0359375 0.10833333333333334
2 0.68984375 0.12222222222222222 0.0234375 0.07916666666666666
2 0.65078125 0.10416666666666667 0.01484375 0.06805555555555555
2 0.66484375 0.11527777777777778 0.01953125 0.07083333333333333
2 0.6375 0.1 0.01484375 0.058333333333333334
0 0.040625 0.33194444444444443 0.08046875 0.2763888888888889
0 0.16484375 0.23472222222222222 0.065625 0.18888888888888888
0 0.2453125 0.18611111111111112 0.04765625 0.1388888888888889
0 0.29375 0.1597222222222222 0.0359375 0.11527777777777778
0 0.33359375 0.14027777777777778 0.0265625 0.09166666666666666
0 0.35234375 0.12916666666666668 0.02109375 0.08194444444444444
0 0.37421875 0.11805555555555555 0.01640625 0.07083333333333333
0 0.390625 0.1111111111111111 0.01484375 0.058333333333333334