2 0.0578125 0.26805555555555555 0.08671875 0.20694444444444443
2 0.1765625 0.2152777777777778 0.05390625 0.15555555555555556
1 0.7046875 0.1736111111111111 0.0328125 0.10277777777777777
1 0.68046875 0.1625 0.0296875 0.09027777777777778
1 0.290625 0.17083333333333334 0.034375 0.09027777777777778
1 0.34765625 0.14722222222222223 0.01953125 0.06666666666666667
1 0.36640625 0.1375 0.01484375 0.06388888888888888
1 0.32265625 0.15138888888888888 0.0265625 0.08194444444444444
1 0.3984375 0.12777777777777777 0.01328125 0.05
1 0.62265625 0.13472222222222222 0.01328125 0.058333333333333334
1 0.6421875 0.14027777777777778 0.01484375 0.06111111111111111
1 0.38125 0.13333333333333333 0.01484375 0.05555555555555555
1 0.74296875 0.19583333333333333 0.0359375 0.12222222222222222
1 0.6125 0.12361111111111112 0.01171875 0.04722222222222222
1 0.659375 0.15 0.02265625 0.07916666666666666
0 0.95390625 0.2986111111111111 0.0921875 0.2222222222222222
0 0.8421875 0.23472222222222222 0.0640625 0.16111111111111112
0 0.7734375 0.20416666666666666 0.04609375 0.12916666666666668