0 0.10546875 0.2569444444444444 0.08671875 0.2125
0 0.265625 0.1736111111111111 0.040625 0.125
0 0.2046875 0.2013888888888889 0.05703125 0.15416666666666667
2 0.96171875 0.23194444444444445 0.0765625 0.19722222222222222
2 0.846875 0.18472222222222223 0.05390625 0.1486111111111111
1 0.2953125 0.16111111111111112 0.034375 0.11944444444444445
1 0.77265625 0.15416666666666667 0.0296875 0.1111111111111111
1 0.69921875 0.12638888888888888 0.01953125 0.07916666666666666
1 0.7296875 0.1375 0.03125 0.09027777777777778
1 0.3515625 0.13055555555555556 0.02265625 0.0875
1 0.32890625 0.14305555555555555 0.03125 0.10416666666666667
1 0.675 0.11666666666666667 0.01640625 0.06388888888888888
1 0.37109375 0.125 0.01953125 0.075
1 0.3859375 0.1125 0.01328125 0.06111111111111111
1 0.62265625 0.09722222222222222 0.01328125 0.04583333333333333
1 0.40390625 0.10277777777777777 0.01328125 0.058333333333333334
1 0.65625 0.10833333333333334 0.01484375 0.06111111111111111
1 0.640625 0.10694444444444444 0.01328125 0.04583333333333333