2 0.921875 0.25416666666666665 0.078125 0.19166666666666668
0 0.10625 0.28055555555555556 0.0890625 0.20555555555555555
0 0.225 0.22083333333333333 0.05546875 0.14722222222222223
2 0.81953125 0.20694444444444443 0.05234375 0.14444444444444443
2 0.76171875 0.18055555555555555 0.04140625 0.11527777777777778
2 0.715625 0.1625 0.03046875 0.09861111111111111
0 0.315625 0.17222222222222222 0.03203125 0.09583333333333334
0 0.26953125 0.19722222222222222 0.0296875 0.12777777777777777
2 0.6875 0.1486111111111111 0.02578125 0.08194444444444444
2 0.66640625 0.1388888888888889 0.0203125 0.07083333333333333
0 0.34609375 0.15833333333333333 0.0203125 0.07916666666666666
0 0.36640625 0.14583333333333334 0.015625 0.07083333333333333