2 0.946875 0.2611111111111111 0.08671875 0.20277777777777778
0 0.06640625 0.2916666666666667 0.09140625 0.21666666666666667
2 0.8296875 0.20972222222222223 0.0546875 0.15138888888888888
0 0.17734375 0.23055555555555557 0.0625 0.15694444444444444
0 0.2453125 0.20277777777777778 0.046875 0.12638888888888888
2 0.778125 0.1875 0.0484375 0.12222222222222222
1 0.275 0.19166666666666668 0.03515625 0.11944444444444445
1 0.71796875 0.16527777777777777 0.03671875 0.08611111111111111
1 0.6875 0.15 0.02734375 0.07777777777777778
1 0.3359375 0.15694444444444444 0.02890625 0.08611111111111111
1 0.75703125 0.18194444444444444 0.02890625 0.10555555555555556
1 0.31171875 0.17083333333333334 0.03203125 0.09722222222222222