0 0.0921875 0.2777777777777778 0.09453125 0.225
0 0.22578125 0.20694444444444443 0.0515625 0.1527777777777778
0 0.28984375 0.1736111111111111 0.04375 0.12083333333333333
0 0.33359375 0.15138888888888888 0.03046875 0.10138888888888889
0 0.35859375 0.1375 0.02265625 0.09027777777777778
0 0.3796875 0.12361111111111112 0.01953125 0.075
0 0.3984375 0.11666666666666667 0.01484375 0.06111111111111111
0 0.4125 0.10972222222222222 0.01328125 0.05138888888888889
2 0.9703125 0.2388888888888889 0.059375 0.20555555555555555
2 0.85703125 0.18888888888888888 0.0515625 0.1527777777777778
2 0.790625 0.15694444444444444 0.0390625 0.11805555555555555
2 0.7484375 0.14027777777777778 0.0328125 0.10138888888888889
2 0.7171875 0.12777777777777777 0.02890625 0.08611111111111111
2 0.69375 0.11666666666666667 0.02109375 0.07777777777777778
2 0.67890625 0.10833333333333334 0.01640625 0.06666666666666667
2 0.6609375 0.10277777777777777 0.01640625 0.06111111111111111