1 0.06875 0.29305555555555557 0.0875 0.21666666666666667
1 0.9296875 0.26944444444444443 0.0796875 0.19444444444444445
1 0.81328125 0.21944444444444444 0.0578125 0.14444444444444443
1 0.20546875 0.22916666666666666 0.0546875 0.1527777777777778
1 0.28828125 0.18055555555555555 0.0328125 0.09722222222222222
1 0.24375 0.1986111111111111 0.040625 0.12222222222222222
1 0.696875 0.1736111111111111 0.025 0.08611111111111111
1 0.4859375 0.17083333333333334 0.025 0.09166666666666666
1 0.54921875 0.17083333333333334 0.0265625 0.08611111111111111
1 0.33984375 0.1763888888888889 0.0265625 0.08611111111111111
1 0.41171875 0.17222222222222222 0.0265625 0.09444444444444444
1 0.63046875 0.17083333333333334 0.0265625 0.08611111111111111
1 0.7375 0.18888888888888888 0.040625 0.11666666666666667