1 0.16640625 0.24444444444444444 0.07265625 0.16805555555555557
1 0.846875 0.21666666666666667 0.06640625 0.15138888888888888
1 0.24609375 0.2013888888888889 0.04609375 0.13194444444444445
1 0.96171875 0.26805555555555555 0.07578125 0.20555555555555555
1 0.77265625 0.18472222222222223 0.04296875 0.12361111111111112
1 0.296875 0.17222222222222222 0.03359375 0.10416666666666667
1 0.65859375 0.14444444444444443 0.021875 0.06527777777777778
1 0.72421875 0.16527777777777777 0.03359375 0.10138888888888889
1 0.053125 0.30416666666666664 0.09375 0.2361111111111111
1 0.3375 0.16111111111111112 0.0265625 0.0763888888888889
1 0.690625 0.15138888888888888 0.0234375 0.08472222222222223