0 0.0875 0.2902777777777778 0.078125 0.21388888888888888
0 0.21171875 0.225 0.0546875 0.15
0 0.27265625 0.19027777777777777 0.0390625 0.125
0 0.33671875 0.1625 0.0203125 0.08055555555555556
0 0.30546875 0.17083333333333334 0.0296875 0.10277777777777777
2 0.9515625 0.25833333333333336 0.078125 0.20555555555555555
2 0.8296875 0.20277777777777778 0.05 0.15
2 0.7609375 0.17916666666666667 0.04375 0.11944444444444445
2 0.715625 0.1625 0.03125 0.10277777777777777
1 0.35078125 0.15694444444444444 0.0171875 0.075
1 0.6421875 0.13472222222222222 0.0125 0.058333333333333334
1 0.628125 0.12916666666666668 0.0125 0.05277777777777778
1 0.6609375 0.14027777777777778 0.015625 0.06388888888888888
1 0.36953125 0.14722222222222223 0.0140625 0.06666666666666667