2 0.8984375 0.21944444444444444 0.06875 0.16527777777777777
0 0.25859375 0.19722222222222222 0.04375 0.13194444444444445
2 0.80390625 0.18472222222222223 0.0453125 0.12916666666666668
0 0.1625 0.24583333333333332 0.07578125 0.18333333333333332
0 0.3078125 0.17222222222222222 0.03984375 0.1111111111111111
0 0.05078125 0.3138888888888889 0.1015625 0.24583333333333332
2 0.71953125 0.14444444444444443 0.03046875 0.08888888888888889
2 0.69453125 0.13194444444444445 0.02890625 0.07777777777777778
0 0.3453125 0.15416666666666667 0.02890625 0.09166666666666666
0 0.36484375 0.14305555555555555 0.02265625 0.08055555555555556
2 0.753125 0.15833333333333333 0.03515625 0.10555555555555556