1 0.06875 0.29583333333333334 0.0875 0.21388888888888888
1 0.928125 0.26805555555555555 0.08125 0.19166666666666668
1 0.8140625 0.21805555555555556 0.059375 0.14166666666666666
1 0.63046875 0.17222222222222222 0.0265625 0.08333333333333333
1 0.4859375 0.1736111111111111 0.025 0.08611111111111111
1 0.340625 0.17777777777777778 0.028125 0.08333333333333333
1 0.20546875 0.23055555555555557 0.0546875 0.15
1 0.7375 0.18888888888888888 0.040625 0.11666666666666667
1 0.55 0.1736111111111111 0.028125 0.08611111111111111
1 0.24296875 0.2 0.0421875 0.12222222222222222
1 0.2890625 0.18194444444444444 0.03125 0.09722222222222222
1 0.69765625 0.1736111111111111 0.0265625 0.08611111111111111
1 0.41171875 0.1736111111111111 0.0265625 0.09166666666666666