0 0.07265625 0.3138888888888889 0.0984375 0.22777777777777777
0 0.175 0.25277777777777777 0.071875 0.17222222222222222
0 0.2640625 0.20833333333333334 0.040625 0.12777777777777777
0 0.309375 0.18333333333333332 0.028125 0.10555555555555556
0 0.34375 0.17083333333333334 0.025 0.08611111111111111
0 0.36328125 0.15694444444444444 0.0171875 0.08055555555555556
0 0.38203125 0.14722222222222223 0.0171875 0.06666666666666667
0 0.39609375 0.14166666666666666 0.0140625 0.05555555555555555
2 0.8703125 0.22916666666666666 0.065625 0.15833333333333333
2 0.7828125 0.19583333333333333 0.040625 0.125
2 0.7359375 0.17083333333333334 0.03125 0.10277777777777777
2 0.703125 0.1597222222222222 0.028125 0.08611111111111111
2 0.6796875 0.1486111111111111 0.021875 0.08055555555555556
2 0.66015625 0.14027777777777778 0.0203125 0.06944444444444445
2 0.64765625 0.13194444444444445 0.0140625 0.06388888888888888
2 0.63203125 0.12777777777777777 0.0140625 0.05555555555555555