0 0.05625 0.3194444444444444 0.103125 0.23333333333333334
0 0.18203125 0.2513888888888889 0.0640625 0.1638888888888889
0 0.26640625 0.20555555555555555 0.0390625 0.12222222222222222
0 0.30078125 0.1875 0.0265625 0.10277777777777777
0 0.3375 0.16805555555555557 0.025 0.08611111111111111
0 0.36171875 0.15694444444444444 0.0171875 0.075
0 0.38046875 0.1486111111111111 0.0140625 0.06388888888888888
2 0.9578125 0.2833333333333333 0.08125 0.21666666666666667
2 0.8484375 0.22777777777777777 0.059375 0.15555555555555556
2 0.77421875 0.19722222222222222 0.0421875 0.12222222222222222
2 0.73046875 0.1763888888888889 0.0359375 0.10277777777777777
2 0.6921875 0.16111111111111112 0.025 0.08888888888888889
2 0.66875 0.15138888888888888 0.021875 0.075
2 0.65078125 0.14305555555555555 0.0171875 0.06944444444444445
2 0.6375 0.1361111111111111 0.015625 0.06111111111111111
2 0.625 0.13194444444444445 0.0125 0.058333333333333334