2 0.97265625 0.30694444444444446 0.0515625 0.19722222222222222
2 0.84453125 0.22361111111111112 0.0546875 0.15833333333333333
2 0.76640625 0.19305555555555556 0.0453125 0.125
2 0.71796875 0.17083333333333334 0.0328125 0.10277777777777777
1 0.33359375 0.16666666666666666 0.0234375 0.08333333333333333
1 0.63984375 0.14166666666666666 0.0140625 0.06111111111111111
1 0.36640625 0.14722222222222223 0.0171875 0.06666666666666667
1 0.659375 0.1486111111111111 0.015625 0.06944444444444445
1 0.3796875 0.1388888888888889 0.015625 0.05555555555555555
1 0.3546875 0.15555555555555556 0.015625 0.06944444444444445
0 0.16484375 0.24444444444444444 0.0640625 0.16666666666666666
0 0.28203125 0.18333333333333332 0.0359375 0.10555555555555556
0 0.23984375 0.20555555555555555 0.0453125 0.13333333333333333
0 0.31484375 0.17083333333333334 0.0296875 0.09166666666666666