2 0.96640625 0.29583333333333334 0.0671875 0.22361111111111112
0 0.04296875 0.3277777777777778 0.0859375 0.24583333333333332
2 0.8546875 0.2375 0.06171875 0.16805555555555557
2 0.784375 0.20555555555555555 0.04609375 0.13472222222222222
2 0.72890625 0.18194444444444444 0.034375 0.10694444444444444
0 0.2890625 0.19444444444444445 0.0328125 0.11388888888888889
2 0.6984375 0.16805555555555557 0.02890625 0.09444444444444444
2 0.671875 0.15694444444444444 0.02421875 0.08611111111111111
0 0.17734375 0.25277777777777777 0.065625 0.16805555555555557
0 0.31796875 0.175 0.02421875 0.09861111111111111
0 0.23125 0.22361111111111112 0.04609375 0.14166666666666666