2 0.92265625 0.2513888888888889 0.04921875 0.18055555555555555
1 0.16484375 0.2513888888888889 0.0671875 0.18055555555555555
1 0.86796875 0.23472222222222222 0.0484375 0.1638888888888889
1 0.28671875 0.19027777777777777 0.0421875 0.11388888888888889
1 0.78671875 0.2 0.0484375 0.12777777777777777
1 0.73515625 0.18055555555555555 0.0390625 0.1
1 0.2453125 0.2125 0.046875 0.1361111111111111
1 0.69921875 0.1638888888888889 0.028125 0.08888888888888889
1 0.32265625 0.1736111111111111 0.0296875 0.09166666666666666
1 0.62890625 0.1375 0.0140625 0.058333333333333334
1 0.49921875 0.13194444444444445 0.0140625 0.04722222222222222
1 0.3484375 0.15694444444444444 0.021875 0.07777777777777778
1 0.45625 0.13055555555555556 0.0125 0.05
1 0.41640625 0.13333333333333333 0.0140625 0.05
1 0.3765625 0.14305555555555555 0.01875 0.06666666666666667
1 0.671875 0.15138888888888888 0.021875 0.08055555555555556
1 0.53515625 0.13055555555555556 0.0140625 0.05
1 0.65 0.14027777777777778 0.015625 0.06944444444444445
1 0.38984375 0.13333333333333333 0.0140625 0.05
1 0.58046875 0.12916666666666668 0.0140625 0.04722222222222222
1 0.61796875 0.13055555555555556 0.0140625 0.05
0 0.11171875 0.275 0.0796875 0.19444444444444445