2 0.9734375 0.30277777777777776 0.05 0.16111111111111112
0 0.0703125 0.3055555555555556 0.096875 0.23055555555555557
2 0.8578125 0.21944444444444444 0.05625 0.15555555555555556
0 0.1875 0.24027777777777778 0.0625 0.16111111111111112
2 0.7984375 0.19305555555555556 0.05 0.125
0 0.25703125 0.20416666666666666 0.0421875 0.13055555555555556
1 0.69765625 0.15694444444444444 0.0265625 0.075
1 0.34765625 0.1625 0.0234375 0.08611111111111111
1 0.73046875 0.16944444444444445 0.0359375 0.08888888888888889
1 0.28671875 0.19583333333333333 0.0359375 0.11944444444444445
1 0.775 0.18611111111111112 0.03125 0.1111111111111111
1 0.32265625 0.1736111111111111 0.0328125 0.10277777777777777