2 0.05390625 0.1875 0.07734375 0.18472222222222223
2 0.14609375 0.14722222222222223 0.05859375 0.14722222222222223
2 0.2046875 0.11944444444444445 0.0375 0.12222222222222222
2 0.3015625 0.08194444444444444 0.02265625 0.0763888888888889
2 0.2765625 0.09027777777777778 0.02734375 0.08888888888888889
2 0.24375 0.1 0.03125 0.10138888888888889
0 0.6375 0.10277777777777777 0.0203125 0.08333333333333333
0 0.84609375 0.2152777777777778 0.07421875 0.19583333333333333
0 0.70703125 0.1361111111111111 0.04296875 0.12638888888888888
0 0.7671875 0.16805555555555557 0.053125 0.1527777777777778
0 0.6640625 0.11527777777777778 0.0328125 0.10138888888888889
0 0.6015625 0.0875 0.0171875 0.06388888888888888
0 0.61953125 0.09166666666666666 0.01875 0.06805555555555555