1 0.94375 0.18611111111111112 0.0828125 0.19305555555555556
1 0.08125 0.225 0.09453125 0.21944444444444444
1 0.19765625 0.1597222222222222 0.0609375 0.1625
1 0.77265625 0.11805555555555555 0.0390625 0.11388888888888889
1 0.68984375 0.0875 0.01875 0.07777777777777778
1 0.26640625 0.12638888888888888 0.0421875 0.12638888888888888
1 0.66875 0.0763888888888889 0.0171875 0.06944444444444445
1 0.3328125 0.09305555555555556 0.0203125 0.07777777777777778
1 0.3546875 0.08194444444444444 0.0171875 0.07222222222222222
1 0.8390625 0.14583333333333334 0.05234375 0.14166666666666666
1 0.728125 0.09722222222222222 0.03359375 0.1
1 0.3296875 0.07222222222222222 0.01328125 0.03611111111111111
1 0.3203125 0.10555555555555556 0.03203125 0.09305555555555556