0 0.14765625 0.2652777777777778 0.0765625 0.18611111111111112
0 0.22109375 0.22361111111111112 0.0578125 0.14722222222222223
0 0.28984375 0.1875 0.0359375 0.11388888888888889
0 0.3265625 0.16944444444444445 0.03125 0.09444444444444444
0 0.35703125 0.15694444444444444 0.0234375 0.08055555555555556
0 0.37265625 0.14722222222222223 0.0203125 0.07222222222222222
0 0.3875 0.1375 0.015625 0.06388888888888888
2 0.9171875 0.24861111111111112 0.075 0.18611111111111112
2 0.821875 0.20416666666666666 0.053125 0.14166666666666666
2 0.75390625 0.17777777777777778 0.0328125 0.1111111111111111
2 0.71484375 0.1597222222222222 0.0296875 0.09166666666666666
2 0.6875 0.1486111111111111 0.025 0.08055555555555556
2 0.65078125 0.13194444444444445 0.0171875 0.06388888888888888
2 0.66640625 0.1388888888888889 0.0234375 0.07222222222222222
2 0.6390625 0.12361111111111112 0.0125 0.058333333333333334
2 0.62578125 0.12083333333333333 0.0140625 0.05277777777777778