2 0.965625 0.2916666666666667 0.065625 0.22777777777777777
2 0.85625 0.22777777777777777 0.0625 0.16666666666666666
2 0.778125 0.19444444444444445 0.040625 0.12777777777777777
2 0.7328125 0.17222222222222222 0.034375 0.10555555555555556
2 0.6921875 0.15833333333333333 0.025 0.08888888888888889
2 0.66875 0.14583333333333334 0.01875 0.075
2 0.65 0.1375 0.01875 0.06944444444444445
2 0.59453125 0.11388888888888889 0.0109375 0.044444444444444446
0 0.1609375 0.25277777777777777 0.071875 0.17777777777777778
0 0.0375 0.3333333333333333 0.075 0.24444444444444444
0 0.2515625 0.20555555555555555 0.04375 0.12777777777777777
0 0.2875 0.18333333333333332 0.025 0.10555555555555556
0 0.32734375 0.16666666666666666 0.0234375 0.08888888888888889
0 0.35234375 0.1527777777777778 0.0171875 0.07777777777777778
0 0.371875 0.14722222222222223 0.015625 0.06111111111111111