1 0.07421875 0.31527777777777777 0.10078125 0.22916666666666666
1 0.95703125 0.2625 0.0859375 0.19722222222222222
1 0.1984375 0.24027777777777778 0.059375 0.1625
1 0.8390625 0.21805555555555556 0.0546875 0.14583333333333334
1 0.76640625 0.19027777777777777 0.0359375 0.11666666666666667
1 0.71953125 0.1736111111111111 0.0296875 0.09444444444444444
1 0.44375 0.1527777777777778 0.015625 0.06388888888888888
1 0.26875 0.2 0.040625 0.12638888888888888
1 0.49921875 0.15138888888888888 0.0171875 0.06111111111111111
1 0.67890625 0.1625 0.021875 0.07777777777777778
1 0.390625 0.15416666666666667 0.0171875 0.06111111111111111
1 0.546875 0.1527777777777778 0.01875 0.06388888888888888
1 0.65625 0.1527777777777778 0.0171875 0.06388888888888888
1 0.6078125 0.1486111111111111 0.0140625 0.06111111111111111
1 0.3546875 0.1597222222222222 0.0171875 0.06666666666666667