0 0.15703125 0.23194444444444445 0.06640625 0.175
0 0.2796875 0.16805555555555557 0.03671875 0.1125
0 0.23671875 0.18888888888888888 0.0484375 0.14722222222222223
0 0.315625 0.1527777777777778 0.02421875 0.09166666666666666
2 0.88203125 0.20833333333333334 0.0609375 0.16944444444444445
2 0.79453125 0.1736111111111111 0.053125 0.13472222222222222
2 0.73671875 0.15416666666666667 0.03515625 0.1125
1 0.33125 0.1486111111111111 0.02109375 0.08888888888888889
1 0.63515625 0.1125 0.01328125 0.05694444444444444
1 0.6515625 0.11944444444444445 0.01328125 0.06666666666666667
1 0.59453125 0.09861111111111111 0.0109375 0.043055555555555555
1 0.35390625 0.13472222222222222 0.01484375 0.075
1 0.36640625 0.12083333333333333 0.01640625 0.075
1 0.67265625 0.12777777777777777 0.01640625 0.07222222222222222
1 0.62109375 0.1125 0.009375 0.04027777777777778
1 0.37890625 0.11805555555555555 0.01328125 0.06388888888888888
1 0.60859375 0.10833333333333334 0.0109375 0.043055555555555555