2 0.8453125 0.19166666666666668 0.05 0.14166666666666666
2 0.93671875 0.23472222222222222 0.0671875 0.18472222222222223
2 0.78984375 0.16944444444444445 0.03984375 0.11666666666666667
2 0.75078125 0.1527777777777778 0.03828125 0.10138888888888889
2 0.72265625 0.1388888888888889 0.02578125 0.08611111111111111
2 0.68203125 0.12083333333333333 0.02109375 0.06805555555555555
2 0.7015625 0.12777777777777777 0.02265625 0.07777777777777778
2 0.66484375 0.11527777777777778 0.01875 0.058333333333333334
2 0.6578125 0.1111111111111111 0.0140625 0.05555555555555555
0 0.153125 0.25972222222222224 0.07109375 0.19722222222222222
0 0.24296875 0.2111111111111111 0.05703125 0.15138888888888888
0 0.303125 0.18194444444444444 0.03828125 0.11666666666666667
0 0.36015625 0.1486111111111111 0.02734375 0.08611111111111111
0 0.33125 0.1638888888888889 0.0328125 0.10555555555555556
0 0.384375 0.1388888888888889 0.02109375 0.07361111111111111
0 0.40078125 0.13055555555555556 0.015625 0.058333333333333334