2 0.0921875 0.23194444444444445 0.07734375 0.1986111111111111
2 0.184375 0.18472222222222223 0.053125 0.14722222222222223
2 0.253125 0.15694444444444444 0.0390625 0.12361111111111112
2 0.2859375 0.14166666666666666 0.02734375 0.1
2 0.31796875 0.12777777777777777 0.02265625 0.08888888888888889
2 0.33671875 0.11944444444444445 0.01953125 0.07777777777777778
2 0.3578125 0.1111111111111111 0.01640625 0.07222222222222222
2 0.3703125 0.10555555555555556 0.01484375 0.059722222222222225
0 0.8859375 0.26805555555555555 0.0890625 0.22083333333333333
0 0.78828125 0.20416666666666666 0.053125 0.16666666666666666
0 0.690625 0.15416666666666667 0.02578125 0.1
0 0.7296875 0.17222222222222222 0.03671875 0.12083333333333333
0 0.659375 0.1361111111111111 0.01953125 0.07222222222222222