2 0.9265625 0.2569444444444444 0.084375 0.19722222222222222
0 0.07109375 0.2861111111111111 0.0890625 0.2111111111111111
2 0.8125 0.20694444444444443 0.053125 0.14722222222222223
0 0.17890625 0.2263888888888889 0.0609375 0.1527777777777778
0 0.24453125 0.2 0.0453125 0.12222222222222222
2 0.7625 0.18472222222222223 0.046875 0.11944444444444445
1 0.2734375 0.18888888888888888 0.034375 0.11666666666666667
1 0.70390625 0.1638888888888889 0.0359375 0.08333333333333333
1 0.67421875 0.1486111111111111 0.0265625 0.075
1 0.3328125 0.15555555555555556 0.028125 0.08333333333333333
1 0.7421875 0.17916666666666667 0.028125 0.10277777777777777
1 0.309375 0.16944444444444445 0.03125 0.09444444444444444