1 0.071875 0.30694444444444446 0.09375 0.22777777777777777
1 0.1578125 0.24722222222222223 0.0625 0.16666666666666666
1 0.82421875 0.22916666666666666 0.0578125 0.1527777777777778
1 0.9578125 0.28888888888888886 0.075 0.20555555555555555
1 0.56640625 0.19305555555555556 0.0421875 0.11388888888888889
1 0.3046875 0.2 0.0375 0.10833333333333334
1 0.4875 0.19583333333333333 0.034375 0.11944444444444445
1 0.66796875 0.18888888888888888 0.0328125 0.11666666666666667
1 0.39296875 0.19444444444444445 0.0328125 0.11666666666666667
1 0.7515625 0.19305555555555556 0.0375 0.11944444444444445
1 0.234375 0.21388888888888888 0.04375 0.11666666666666667