0 0.92734375 0.29583333333333334 0.1 0.23055555555555557
2 0.03828125 0.2611111111111111 0.07578125 0.2125
2 0.1421875 0.20694444444444443 0.0609375 0.15555555555555556
0 0.8046875 0.23055555555555557 0.06796875 0.16666666666666666
2 0.2140625 0.1763888888888889 0.04375 0.12361111111111112
2 0.29453125 0.14166666666666666 0.02734375 0.08333333333333333
0 0.72421875 0.18888888888888888 0.0453125 0.12361111111111112
0 0.653125 0.15138888888888888 0.02890625 0.08888888888888889
0 0.69140625 0.16805555555555557 0.03671875 0.10694444444444444
2 0.31796875 0.12916666666666668 0.02265625 0.075
2 0.25625 0.15555555555555556 0.03515625 0.10277777777777777
0 0.62890625 0.1375 0.01953125 0.075