2 0.0546875 0.2722222222222222 0.0921875 0.21388888888888888
2 0.1765625 0.21805555555555556 0.06484375 0.15833333333333333
2 0.2484375 0.1875 0.0390625 0.12777777777777777
2 0.29609375 0.1638888888888889 0.034375 0.10694444444444444
2 0.3328125 0.15 0.02890625 0.09305555555555556
2 0.35859375 0.14027777777777778 0.02265625 0.07777777777777778
0 0.96484375 0.3125 0.06953125 0.23055555555555557
0 0.86796875 0.24722222222222223 0.06953125 0.17083333333333334
0 0.7359375 0.17777777777777778 0.0375 0.10694444444444444
0 0.7046875 0.1638888888888889 0.02578125 0.09027777777777778
0 0.684375 0.15138888888888888 0.02109375 0.07222222222222222
0 0.78828125 0.20555555555555555 0.046875 0.13333333333333333
0 0.665625 0.14444444444444443 0.01640625 0.06388888888888888