2 0.0625 0.4847222222222222 0.125 0.2569444444444444
2 0.25 0.3638888888888889 0.0609375 0.13055555555555556
2 0.29375 0.3277777777777778 0.040625 0.09305555555555556
2 0.3515625 0.29583333333333334 0.02265625 0.058333333333333334
2 0.3296875 0.3111111111111111 0.0328125 0.07222222222222222
2 0.3671875 0.2875 0.01796875 0.044444444444444446
2 0.378125 0.2861111111111111 0.01484375 0.03194444444444444
0 0.85078125 0.33611111111111114 0.0546875 0.09583333333333334
0 0.75078125 0.3125 0.034375 0.07361111111111111
0 0.69296875 0.2972222222222222 0.0234375 0.059722222222222225
0 0.65234375 0.2902777777777778 0.01875 0.04722222222222222
0 0.62109375 0.2833333333333333 0.015625 0.04027777777777778
0 0.60234375 0.28055555555555556 0.01484375 0.034722222222222224
0 0.58359375 0.27361111111111114 0.01015625 0.034722222222222224
0 0.56484375 0.26944444444444443 0.0109375 0.030555555555555555