0 0.9625 0.28888888888888886 0.07421875 0.2361111111111111
0 0.79609375 0.1986111111111111 0.05234375 0.14583333333333334
0 0.734375 0.16666666666666666 0.03671875 0.11527777777777778
0 0.68828125 0.14583333333333334 0.02734375 0.09444444444444444
0 0.63359375 0.11944444444444445 0.01484375 0.06388888888888888
0 0.61640625 0.1125 0.01328125 0.05416666666666667
0 0.6515625 0.13055555555555556 0.01953125 0.07083333333333333
0 0.603125 0.10694444444444444 0.0125 0.05138888888888889
0 0.59296875 0.10416666666666667 0.01015625 0.03888888888888889
2 0.146875 0.20972222222222223 0.0609375 0.16666666666666666
2 0.303125 0.14583333333333334 0.02890625 0.09444444444444444
2 0.3390625 0.12777777777777777 0.02109375 0.0763888888888889
2 0.3546875 0.12222222222222222 0.01796875 0.07083333333333333
2 0.378125 0.1125 0.015625 0.0625
2 0.3921875 0.10833333333333334 0.0140625 0.05416666666666667
2 0.4046875 0.10277777777777777 0.01328125 0.04861111111111111
2 0.41875 0.09444444444444444 0.0140625 0.043055555555555555
2 0.25078125 0.1625 0.05 0.1375