2 0.75703125 0.11527777777777778 0.0328125 0.08611111111111111
2 0.6328125 0.1111111111111111 0.028125 0.0763888888888889
2 0.83203125 0.11944444444444445 0.03515625 0.08888888888888889
2 0.68984375 0.11388888888888889 0.0296875 0.07916666666666666
2 0.93984375 0.13194444444444445 0.04296875 0.10555555555555556
2 0.58046875 0.10972222222222222 0.0265625 0.07083333333333333
2 0.8984375 0.125 0.0390625 0.09861111111111111
2 0.990625 0.14027777777777778 0.01875 0.1111111111111111
0 0.07265625 0.39861111111111114 0.14453125 0.35138888888888886
0 0.24453125 0.31666666666666665 0.11015625 0.26944444444444443
0 0.44140625 0.24722222222222223 0.07265625 0.175
0 0.35390625 0.2652777777777778 0.0703125 0.2263888888888889
0 0.48515625 0.21805555555555556 0.059375 0.1527777777777778
0 0.53984375 0.19166666666666668 0.05078125 0.14722222222222223
0 0.5515625 0.17083333333333334 0.03515625 0.14027777777777778