0 0.1453125 0.26805555555555555 0.08046875 0.19305555555555556
0 0.253125 0.2111111111111111 0.04453125 0.1361111111111111
0 0.32890625 0.1763888888888889 0.03515625 0.10138888888888889
0 0.425 0.12638888888888888 0.01171875 0.04583333333333333
0 0.3640625 0.15 0.021875 0.08194444444444444
0 0.3890625 0.14027777777777778 0.01640625 0.06527777777777778
0 0.4078125 0.13472222222222222 0.0140625 0.05138888888888889
2 0.91953125 0.25416666666666665 0.07578125 0.18472222222222223
2 0.81484375 0.20833333333333334 0.05234375 0.14027777777777778
2 0.7484375 0.17916666666666667 0.0359375 0.10833333333333334
2 0.70859375 0.16111111111111112 0.02890625 0.08888888888888889
2 0.678125 0.14583333333333334 0.021875 0.07361111111111111
2 0.65546875 0.1375 0.01875 0.06527777777777778
2 0.6234375 0.12361111111111112 0.01484375 0.05
2 0.63984375 0.12916666666666668 0.01640625 0.05694444444444444