0 0.79140625 0.43472222222222223 0.06640625 0.16111111111111112
0 0.665625 0.36944444444444446 0.0296875 0.09722222222222222
0 0.6375 0.35 0.025 0.07777777777777778
0 0.60859375 0.3333333333333333 0.01796875 0.06111111111111111
0 0.590625 0.3236111111111111 0.01328125 0.05277777777777778
0 0.5671875 0.3138888888888889 0.0109375 0.029166666666666667
0 0.54296875 0.3055555555555556 0.01015625 0.022222222222222223
0 0.5734375 0.31666666666666665 0.01171875 0.041666666666666664
0 0.55546875 0.30277777777777776 0.009375 0.041666666666666664
2 0.14453125 0.42777777777777776 0.07109375 0.17222222222222222
2 0.278125 0.36666666666666664 0.040625 0.10694444444444444
2 0.3359375 0.3388888888888889 0.02578125 0.0763888888888889
2 0.3703125 0.3277777777777778 0.01953125 0.06388888888888888
2 0.3828125 0.31805555555555554 0.015625 0.05138888888888889
2 0.39921875 0.31666666666666665 0.0140625 0.04027777777777778
2 0.4125 0.30277777777777776 0.0140625 0.04722222222222222