2 0.30546875 0.39166666666666666 0.0515625 0.06944444444444445
2 0.3546875 0.3416666666666667 0.0359375 0.08194444444444444
2 0.2265625 0.5013888888888889 0.04765625 0.09166666666666666
2 0.02421875 0.6902777777777778 0.0484375 0.1638888888888889
2 0.3828125 0.32916666666666666 0.02734375 0.0625
2 0.4359375 0.2972222222222222 0.01640625 0.041666666666666664
2 0.89140625 0.2861111111111111 0.0125 0.027777777777777776
2 0.403125 0.31527777777777777 0.02265625 0.05694444444444444
2 0.92890625 0.2861111111111111 0.01328125 0.029166666666666667
2 0.984375 0.2875 0.01328125 0.027777777777777776
2 0.41875 0.30694444444444446 0.0203125 0.05
2 0.33125 0.28888888888888886 0.01328125 0.027777777777777776
2 0.2484375 0.2833333333333333 0.0140625 0.02361111111111111
2 0.7609375 0.2791666666666667 0.01015625 0.020833333333333332
2 0.3 0.2861111111111111 0.015625 0.030555555555555555
0 0.80234375 0.3472222222222222 0.04609375 0.08611111111111111
0 0.90703125 0.3736111111111111 0.06015625 0.11388888888888889
0 0.7375 0.32916666666666666 0.03359375 0.06666666666666667
0 0.68125 0.30694444444444446 0.0171875 0.05694444444444444
0 0.7046875 0.3125 0.021875 0.06944444444444445
0 0.65703125 0.3013888888888889 0.01484375 0.04861111111111111
0 0.62734375 0.29444444444444445 0.0140625 0.03888888888888889
0 0.86484375 0.2861111111111111 0.01015625 0.034722222222222224
0 0.8265625 0.2875 0.009375 0.029166666666666667
0 0.6453125 0.3013888888888889 0.0125 0.04027777777777778
0 0.7765625 0.2847222222222222 0.0125 0.03333333333333333
0 0.615625 0.28888888888888886 0.01171875 0.04027777777777778