2 0.91015625 0.5166666666666667 0.12734375 0.2388888888888889
2 0.7796875 0.4388888888888889 0.07890625 0.1597222222222222
2 0.6859375 0.3736111111111111 0.04140625 0.09444444444444444
2 0.64921875 0.35138888888888886 0.02890625 0.06805555555555555
2 0.62734375 0.33611111111111114 0.0234375 0.05555555555555555
2 0.6 0.32083333333333336 0.009375 0.04027777777777778
2 0.609375 0.3263888888888889 0.0171875 0.043055555555555555
0 0.1078125 0.4 0.065625 0.11666666666666667
0 0.22734375 0.37083333333333335 0.04453125 0.08611111111111111
0 0.28828125 0.35138888888888886 0.03671875 0.06805555555555555
0 0.3546875 0.33611111111111114 0.0203125 0.05
0 0.37265625 0.3277777777777778 0.0171875 0.044444444444444446
0 0.396875 0.32222222222222224 0.0140625 0.03611111111111111
0 0.41328125 0.3138888888888889 0.01328125 0.03888888888888889
0 0.43046875 0.3138888888888889 0.0140625 0.0375
0 0.4359375 0.3125 0.0078125 0.030555555555555555
0 0.45078125 0.3111111111111111 0.0109375 0.027777777777777776