2 0.79453125 0.425 0.08515625 0.14027777777777778
2 0.675 0.4083333333333333 0.06484375 0.11805555555555555
2 0.9375 0.4527777777777778 0.103125 0.17222222222222222
2 0.46171875 0.38333333333333336 0.04765625 0.09027777777777778
2 0.59375 0.39861111111111114 0.05625 0.10694444444444444
2 0.5203125 0.3888888888888889 0.0515625 0.09722222222222222
2 0.39765625 0.37916666666666665 0.04375 0.08472222222222223
2 0.3453125 0.3736111111111111 0.0421875 0.07916666666666666
2 0.20859375 0.36944444444444446 0.03828125 0.07361111111111111
2 0.01796875 0.3680555555555556 0.0359375 0.06944444444444445
2 0.290625 0.36944444444444446 0.040625 0.075
2 0.10546875 0.3680555555555556 0.040625 0.07361111111111111