0 0.88359375 0.5013888888888889 0.13125 0.24722222222222223
0 0.71171875 0.4013888888888889 0.07109375 0.15
0 0.6359375 0.3458333333333333 0.03671875 0.09305555555555556
0 0.6109375 0.3277777777777778 0.0265625 0.07361111111111111
0 0.59140625 0.3125 0.0203125 0.06111111111111111
0 0.57578125 0.30694444444444446 0.01796875 0.041666666666666664
2 0.05703125 0.35694444444444445 0.0625 0.11944444444444445
2 0.15703125 0.3333333333333333 0.04765625 0.09583333333333334
2 0.22109375 0.32083333333333336 0.0359375 0.07777777777777778
2 0.309375 0.30277777777777776 0.02265625 0.044444444444444446
2 0.33515625 0.29444444444444445 0.01953125 0.044444444444444446
2 0.27265625 0.30972222222222223 0.02734375 0.05555555555555555
2 0.35546875 0.2902777777777778 0.01640625 0.03611111111111111
2 0.40546875 0.2791666666666667 0.0140625 0.027777777777777776
2 0.3734375 0.2902777777777778 0.015625 0.027777777777777776