2 0.809375 0.3416666666666667 0.021875 0.05277777777777778
2 0.88125 0.3472222222222222 0.0328125 0.059722222222222225
2 0.696875 0.3347222222222222 0.01796875 0.043055555555555555
2 0.6328125 0.32916666666666666 0.015625 0.03888888888888889
2 0.96953125 0.6041666666666666 0.05859375 0.15
2 0.915625 0.35 0.0265625 0.0625
2 0.5875 0.3263888888888889 0.01328125 0.034722222222222224
2 0.5546875 0.3236111111111111 0.01328125 0.03194444444444444
2 0.9546875 0.5041666666666667 0.07421875 0.11805555555555555
2 0.9421875 0.3458333333333333 0.0234375 0.04861111111111111
2 0.9609375 0.43472222222222223 0.0609375 0.10555555555555556
2 0.4921875 0.31805555555555554 0.0109375 0.027777777777777776
2 0.4640625 0.31666666666666665 0.01015625 0.025
2 0.5203125 0.31805555555555554 0.009375 0.025
2 0.9609375 0.46111111111111114 0.06015625 0.05416666666666667
0 0.20625 0.4361111111111111 0.07890625 0.14027777777777778
0 0.33671875 0.40694444444444444 0.06015625 0.11527777777777778
0 0.0375 0.47638888888888886 0.07421875 0.17916666666666667
0 0.4 0.3958333333333333 0.05234375 0.09861111111111111
0 0.540625 0.36527777777777776 0.0265625 0.07083333333333333
0 0.4921875 0.37916666666666665 0.04375 0.08194444444444444
0 0.45234375 0.3416666666666667 0.01640625 0.04583333333333333
0 0.41796875 0.33055555555555555 0.01484375 0.04861111111111111
0 0.52109375 0.3541666666666667 0.0171875 0.05416666666666667
0 0.375 0.32916666666666666 0.0109375 0.027777777777777776
0 0.39375 0.33194444444444443 0.01328125 0.03333333333333333
0 0.49921875 0.3486111111111111 0.01953125 0.05555555555555555