2 0.396875 0.3819444444444444 0.04921875 0.13055555555555556
2 0.30546875 0.4027777777777778 0.0609375 0.15694444444444444
2 0.19609375 0.42777777777777776 0.07890625 0.18611111111111112
2 0.51328125 0.3625 0.04140625 0.10833333333333334
2 0.553125 0.35694444444444445 0.03828125 0.10277777777777777
2 0.46484375 0.37222222222222223 0.04609375 0.11944444444444445
2 0.88671875 0.33194444444444443 0.03359375 0.07777777777777778
2 0.63125 0.3472222222222222 0.0359375 0.09305555555555556
2 0.828125 0.3347222222222222 0.0328125 0.0763888888888889
2 0.77578125 0.33611111111111114 0.03125 0.07777777777777778
2 0.678125 0.34444444444444444 0.034375 0.08888888888888889
2 0.7453125 0.3375 0.0359375 0.08333333333333333
2 0.5875 0.3527777777777778 0.04140625 0.09583333333333334
2 0.7109375 0.3416666666666667 0.034375 0.08055555555555556