1 0.953125 0.20972222222222223 0.07734375 0.19583333333333333
1 0.134375 0.2152777777777778 0.0765625 0.20277777777777778
1 0.79375 0.14305555555555555 0.040625 0.12916666666666668
1 0.25703125 0.15 0.04453125 0.1375
1 0.73203125 0.11666666666666667 0.034375 0.10138888888888889
1 0.35 0.10138888888888889 0.02421875 0.0763888888888889
1 0.315625 0.11944444444444445 0.03203125 0.10694444444444444
1 0.375 0.09027777777777778 0.01796875 0.059722222222222225
1 0.6625 0.0875 0.02109375 0.06666666666666667
1 0.6875 0.09722222222222222 0.025 0.08194444444444444
1 0.6359375 0.08194444444444444 0.01640625 0.05694444444444444
1 0.390625 0.08472222222222223 0.01484375 0.05
1 0.61796875 0.07083333333333333 0.0125 0.05138888888888889