0 0.14375 0.25555555555555554 0.0734375 0.18055555555555555
0 0.2671875 0.19027777777777777 0.04296875 0.1125
0 0.32109375 0.16805555555555557 0.02578125 0.08888888888888889
0 0.35703125 0.15416666666666667 0.0203125 0.07222222222222222
0 0.38046875 0.14305555555555555 0.01484375 0.059722222222222225
2 0.89453125 0.25416666666666665 0.07578125 0.18194444444444444
2 0.6890625 0.1638888888888889 0.02890625 0.0875
2 0.63671875 0.14166666666666666 0.01796875 0.06388888888888888
2 0.659375 0.1486111111111111 0.021875 0.075
2 0.61953125 0.13333333333333333 0.01484375 0.05694444444444444
2 0.7609375 0.19583333333333333 0.04296875 0.12638888888888888