2 0.83125 0.5111111111111111 0.10390625 0.23055555555555557
2 0.684375 0.42083333333333334 0.0640625 0.13472222222222222
2 0.62265625 0.37777777777777777 0.040625 0.08888888888888889
2 0.58984375 0.3597222222222222 0.02734375 0.06111111111111111
2 0.55703125 0.3375 0.01640625 0.04861111111111111
2 0.5703125 0.3486111111111111 0.02109375 0.05138888888888889
0 0.09921875 0.38472222222222224 0.05 0.09027777777777778
0 0.19375 0.3625 0.0328125 0.07083333333333333
0 0.2546875 0.35138888888888886 0.02578125 0.05416666666666667
0 0.2875 0.34305555555555556 0.0171875 0.044444444444444446
0 0.31875 0.3347222222222222 0.015625 0.041666666666666664
0 0.3421875 0.33194444444444443 0.0125 0.03333333333333333
0 0.35703125 0.3277777777777778 0.0140625 0.03194444444444444