0 0.171875 0.2722222222222222 0.0671875 0.18333333333333332
0 0.0265625 0.36944444444444446 0.053125 0.2833333333333333
0 0.275 0.21666666666666667 0.04375 0.13194444444444445
0 0.328125 0.19027777777777777 0.028125 0.1
0 0.36015625 0.1736111111111111 0.0203125 0.08055555555555556
0 0.38828125 0.1597222222222222 0.01640625 0.06527777777777778
0 0.40703125 0.1486111111111111 0.01328125 0.05555555555555555
2 0.95078125 0.275 0.07734375 0.19027777777777777
2 0.81796875 0.21388888888888888 0.046875 0.1361111111111111
2 0.75 0.1875 0.0359375 0.10555555555555556
2 0.6734375 0.15694444444444444 0.0203125 0.075
2 0.703125 0.16944444444444445 0.0265625 0.08611111111111111
2 0.64921875 0.14722222222222223 0.01640625 0.06111111111111111
2 0.6296875 0.14166666666666666 0.015625 0.05138888888888889
2 0.61015625 0.13194444444444445 0.0125 0.043055555555555555