2 0.68203125 0.42083333333333334 0.0515625 0.06805555555555555
2 0.63359375 0.37083333333333335 0.03515625 0.08333333333333333
2 0.75859375 0.4736111111111111 0.05234375 0.2013888888888889
2 0.96875 0.7180555555555556 0.0625 0.1638888888888889
2 0.60546875 0.35694444444444445 0.0265625 0.0625
2 0.55234375 0.3263888888888889 0.0171875 0.04027777777777778
2 0.09921875 0.31527777777777777 0.01328125 0.027777777777777776
2 0.00703125 0.31666666666666665 0.01328125 0.027777777777777776
2 0.06328125 0.31527777777777777 0.0125 0.02638888888888889
2 0.58515625 0.34444444444444444 0.02265625 0.05694444444444444
2 0.5703125 0.3347222222222222 0.0203125 0.05
2 0.65625 0.31805555555555554 0.0140625 0.029166666666666667
2 0.6875 0.3138888888888889 0.01484375 0.030555555555555555
2 0.73984375 0.3138888888888889 0.0140625 0.025
0 0.1921875 0.31527777777777777 0.01796875 0.04583333333333333
2 0.22890625 0.30833333333333335 0.01171875 0.020833333333333332
2 0.12734375 0.31666666666666665 0.01328125 0.029166666666666667
0 0.18828125 0.375 0.0453125 0.08472222222222223
0 0.084375 0.4013888888888889 0.06015625 0.1125
0 0.253125 0.35694444444444445 0.0328125 0.06666666666666667
0 0.30859375 0.3375 0.0171875 0.05416666666666667
0 0.05 0.31805555555555554 0.01015625 0.03194444444444444
0 0.33203125 0.32916666666666666 0.01640625 0.05
0 0.2859375 0.34305555555555556 0.025 0.06388888888888888
0 0.36171875 0.32222222222222224 0.01171875 0.04027777777777778
0 0.0828125 0.3125 0.0125 0.04027777777777778
0 0.165625 0.31527777777777777 0.01171875 0.030555555555555555
0 0.34453125 0.33055555555555555 0.0125 0.04027777777777778
0 0.12734375 0.31666666666666665 0.01171875 0.030555555555555555
0 0.2140625 0.31527777777777777 0.01171875 0.02638888888888889
0 0.3734375 0.31805555555555554 0.01171875 0.043055555555555555
0 0.3875 0.32083333333333336 0.0140625 0.043055555555555555
0 0.40625 0.3194444444444444 0.00859375 0.044444444444444446