1 0.153125 0.24722222222222223 0.0703125 0.2
1 0.93046875 0.22777777777777777 0.071875 0.18055555555555555
1 0.83515625 0.1875 0.0515625 0.14027777777777778
1 0.23984375 0.19305555555555556 0.04921875 0.1486111111111111
1 0.77109375 0.16111111111111112 0.03515625 0.1125
1 0.6625 0.1388888888888889 0.02421875 0.0875
1 0.5046875 0.14027777777777778 0.025 0.09166666666666666
1 0.60859375 0.14166666666666666 0.02421875 0.08472222222222223
1 0.5578125 0.1388888888888889 0.02421875 0.09027777777777778
1 0.31171875 0.1597222222222222 0.03125 0.10416666666666667
1 0.72109375 0.1388888888888889 0.0265625 0.0875
1 0.346875 0.14444444444444443 0.0234375 0.08472222222222223
1 0.44765625 0.14166666666666666 0.02734375 0.08611111111111111
1 0.39609375 0.14166666666666666 0.0265625 0.08333333333333333