0 0.13515625 0.5138888888888888 0.14453125 0.28055555555555556
0 0.2734375 0.38333333333333336 0.07578125 0.15416666666666667
0 0.35703125 0.33611111111111114 0.03828125 0.06388888888888888
0 0.36953125 0.3013888888888889 0.02421875 0.0763888888888889
0 0.0265625 0.2625 0.0109375 0.016666666666666666
0 0.090625 0.2569444444444444 0.01015625 0.016666666666666666
0 0.38671875 0.2861111111111111 0.0171875 0.05694444444444444
0 0.06328125 0.25972222222222224 0.0125 0.016666666666666666
2 0.87109375 0.31805555555555554 0.05546875 0.10138888888888889
2 0.696875 0.28055555555555556 0.02578125 0.059722222222222225
2 0.75390625 0.29444444444444445 0.03359375 0.075
2 0.66796875 0.275 0.02109375 0.04722222222222222
2 0.63671875 0.2722222222222222 0.015625 0.034722222222222224
2 0.01328125 0.24861111111111112 0.00859375 0.018055555555555554
2 0.04296875 0.24861111111111112 0.00859375 0.020833333333333332
2 0.61328125 0.25972222222222224 0.01640625 0.041666666666666664
2 0.5890625 0.25416666666666665 0.0125 0.03888888888888889