2 0.98359375 0.43333333333333335 0.0328125 0.2152777777777778
2 0.853125 0.3972222222222222 0.09296875 0.1736111111111111
2 0.7125 0.37083333333333335 0.071875 0.14305555555555555
2 0.61328125 0.35833333333333334 0.06640625 0.12777777777777777
2 0.4859375 0.3402777777777778 0.053125 0.10555555555555556
2 0.378125 0.3277777777777778 0.0484375 0.09583333333333334
2 0.43671875 0.3347222222222222 0.0546875 0.1
2 0.22421875 0.3194444444444444 0.04609375 0.08333333333333333
2 0.03828125 0.3138888888888889 0.04453125 0.075
2 0.31328125 0.3236111111111111 0.0484375 0.09166666666666666
2 0.11484375 0.3138888888888889 0.04296875 0.0763888888888889
2 0.1875 0.31527777777777777 0.0421875 0.08055555555555556
2 0.54375 0.3472222222222222 0.0578125 0.11527777777777778
2 0.271875 0.32222222222222224 0.04765625 0.08472222222222223