0 0.2375 0.425 0.05234375 0.125
2 0.79296875 0.41388888888888886 0.05390625 0.12916666666666668
2 0.70390625 0.37777777777777777 0.034375 0.08888888888888889
2 0.6484375 0.35694444444444445 0.02265625 0.0625
2 0.62734375 0.3472222222222222 0.01796875 0.05138888888888889
2 0.6078125 0.3416666666666667 0.01640625 0.041666666666666664
2 0.59375 0.3375 0.01328125 0.03194444444444444
2 0.58203125 0.33194444444444443 0.01015625 0.027777777777777776
2 0.57265625 0.3263888888888889 0.01015625 0.029166666666666667
0 0.31484375 0.3902777777777778 0.0421875 0.11944444444444445
0 0.36640625 0.36527777777777776 0.0359375 0.08888888888888889
0 0.3890625 0.3458333333333333 0.021875 0.07361111111111111
0 0.4125 0.3486111111111111 0.01171875 0.044444444444444446