1 0.06640625 0.27361111111111114 0.075 0.17916666666666667
1 0.77109375 0.24305555555555555 0.0515625 0.14583333333333334
1 0.8546875 0.3 0.08046875 0.20277777777777778
1 0.17265625 0.23194444444444445 0.0515625 0.14027777777777778
1 0.703125 0.20277777777777778 0.03203125 0.10972222222222222
1 0.2421875 0.20694444444444443 0.03671875 0.10972222222222222
1 0.296875 0.18333333333333332 0.02734375 0.09027777777777778
1 0.6703125 0.18611111111111112 0.02578125 0.09166666666666666
1 0.40859375 0.18611111111111112 0.0265625 0.08472222222222223
1 0.353125 0.18194444444444444 0.02421875 0.08888888888888889
1 0.56953125 0.18611111111111112 0.02734375 0.08888888888888889
1 0.51328125 0.18333333333333332 0.02421875 0.09305555555555556
1 0.62109375 0.18611111111111112 0.02890625 0.08611111111111111
1 0.4609375 0.18472222222222223 0.025 0.09166666666666666