2 0.059375 0.5722222222222222 0.11875 0.29444444444444445
2 0.2171875 0.4638888888888889 0.08515625 0.1763888888888889
2 0.3078125 0.4111111111111111 0.0578125 0.12222222222222222
2 0.3578125 0.3861111111111111 0.040625 0.09722222222222222
2 0.38359375 0.3625 0.02890625 0.07083333333333333
2 0.41875 0.34444444444444444 0.02109375 0.058333333333333334
2 0.40546875 0.3472222222222222 0.0234375 0.06805555555555555
0 0.96875 0.4236111111111111 0.0625 0.13055555555555556
0 0.8546875 0.3902777777777778 0.05390625 0.09583333333333334
0 0.7125 0.35138888888888886 0.02734375 0.06666666666666667
0 0.76015625 0.36527777777777776 0.0328125 0.07083333333333333
0 0.68125 0.3416666666666667 0.01953125 0.05555555555555555
0 0.66171875 0.3388888888888889 0.01484375 0.044444444444444446
0 0.65078125 0.3333333333333333 0.015625 0.043055555555555555