0 0.225 0.4597222222222222 0.07265625 0.1625
2 0.7859375 0.3277777777777778 0.0140625 0.04583333333333333
2 0.715625 0.32222222222222224 0.0109375 0.03888888888888889
2 0.64375 0.31666666666666665 0.01015625 0.03194444444444444
2 0.6734375 0.3194444444444444 0.0109375 0.034722222222222224
2 0.6203125 0.31527777777777777 0.00859375 0.029166666666666667
2 0.8578125 0.3388888888888889 0.0125 0.06111111111111111
0 0.54296875 0.3597222222222222 0.0296875 0.08194444444444444
2 0.59609375 0.3111111111111111 0.00703125 0.022222222222222223
0 0.3109375 0.4305555555555556 0.059375 0.12638888888888888
0 0.3734375 0.40555555555555556 0.0515625 0.12916666666666668
0 0.421875 0.3902777777777778 0.04375 0.11388888888888889
0 0.4625 0.38055555555555554 0.034375 0.11388888888888889
0 0.51015625 0.3736111111111111 0.04453125 0.0875