0 0.06484375 0.29305555555555557 0.09453125 0.22777777777777777
0 0.22265625 0.21388888888888888 0.05078125 0.14444444444444443
0 0.3 0.1763888888888889 0.03515625 0.10555555555555556
0 0.34375 0.15694444444444444 0.0234375 0.07916666666666666
0 0.37265625 0.1388888888888889 0.0171875 0.06805555555555555
0 0.39453125 0.12777777777777777 0.015625 0.05555555555555555
2 0.85 0.2263888888888889 0.0640625 0.1625
2 0.74921875 0.18055555555555555 0.04140625 0.11388888888888889
2 0.684375 0.15 0.0265625 0.08472222222222223
2 0.63515625 0.12638888888888888 0.0171875 0.06111111111111111
2 0.66015625 0.1388888888888889 0.02109375 0.07361111111111111
2 0.6171875 0.12083333333333333 0.0140625 0.05