0 0.1171875 0.2638888888888889 0.0765625 0.19027777777777777
0 0.2265625 0.2111111111111111 0.04609375 0.13472222222222222
0 0.31171875 0.17222222222222222 0.0296875 0.09444444444444444
0 0.36796875 0.14305555555555555 0.01640625 0.0625
0 0.39296875 0.13055555555555556 0.01328125 0.05138888888888889
0 0.40703125 0.12222222222222222 0.01015625 0.04583333333333333
0 0.34140625 0.15694444444444444 0.01953125 0.075
0 0.41484375 0.11944444444444445 0.0109375 0.043055555555555555
2 0.9203125 0.2625 0.08046875 0.19583333333333333
2 0.77890625 0.2013888888888889 0.04765625 0.13194444444444445
2 0.703125 0.16805555555555557 0.02890625 0.09583333333333334
2 0.64921875 0.14444444444444443 0.02109375 0.07361111111111111
2 0.628125 0.13194444444444445 0.01796875 0.0625
2 0.6078125 0.12361111111111112 0.0140625 0.05138888888888889
2 0.5953125 0.11805555555555555 0.0125 0.04722222222222222
2 0.578125 0.1111111111111111 0.01171875 0.03888888888888889