1 0.1609375 0.25 0.059375 0.18055555555555555
1 0.86796875 0.2375 0.06328125 0.16805555555555557
1 0.775 0.19583333333333333 0.04140625 0.12222222222222222
1 0.26484375 0.19722222222222222 0.03828125 0.12361111111111112
1 0.325 0.1736111111111111 0.02578125 0.09444444444444444
1 0.7078125 0.16944444444444445 0.02578125 0.09305555555555556
1 0.6734375 0.15416666666666667 0.0171875 0.07222222222222222
1 0.36484375 0.1527777777777778 0.01796875 0.07083333333333333
1 0.38828125 0.14305555555555555 0.01328125 0.0625
1 0.64765625 0.14166666666666666 0.015625 0.059722222222222225
1 0.403125 0.13472222222222222 0.01328125 0.05138888888888889
1 0.61796875 0.12916666666666668 0.0109375 0.043055555555555555
1 0.415625 0.12638888888888888 0.0140625 0.04583333333333333
1 0.63515625 0.1361111111111111 0.01328125 0.05555555555555555