2 0.71640625 0.3472222222222222 0.0421875 0.10833333333333334
2 0.825 0.39166666666666666 0.05859375 0.15416666666666667
2 0.65625 0.3236111111111111 0.02734375 0.07222222222222222
2 0.61953125 0.30833333333333335 0.01953125 0.05694444444444444
2 0.59921875 0.2986111111111111 0.01640625 0.05
2 0.5828125 0.29444444444444445 0.0140625 0.03888888888888889
2 0.571875 0.2902777777777778 0.0125 0.03194444444444444
2 0.54140625 0.27361111111111114 0.01015625 0.029166666666666667
0 0.13671875 0.425 0.08125 0.18055555555555555
0 0.2640625 0.35138888888888886 0.0453125 0.12222222222222222
0 0.32421875 0.33194444444444443 0.02890625 0.10138888888888889
0 0.35625 0.31527777777777777 0.0203125 0.07361111111111111