0 0.17421875 0.24722222222222223 0.06796875 0.1736111111111111
0 0.27734375 0.19305555555555556 0.040625 0.12083333333333333
0 0.33203125 0.16805555555555557 0.02890625 0.09027777777777778
0 0.36796875 0.14722222222222223 0.01875 0.06805555555555555
0 0.39296875 0.1388888888888889 0.01484375 0.058333333333333334
0 0.41015625 0.13333333333333333 0.01328125 0.05138888888888889
2 0.93125 0.26666666666666666 0.0828125 0.19722222222222222
2 0.71640625 0.16944444444444445 0.03125 0.09305555555555556
2 0.76640625 0.19166666666666668 0.0421875 0.11805555555555555
2 0.64453125 0.1375 0.01796875 0.06111111111111111
2 0.67421875 0.15 0.0234375 0.07916666666666666
2 0.62734375 0.12916666666666668 0.01484375 0.05277777777777778