0 0.25390625 0.5041666666666667 0.10390625 0.20972222222222223
0 0.0390625 0.7333333333333333 0.078125 0.3527777777777778
0 0.3890625 0.39305555555555555 0.0328125 0.09444444444444444
0 0.35859375 0.4125 0.0546875 0.11805555555555555
0 0.41484375 0.37083333333333335 0.02890625 0.06805555555555555
0 0.52109375 0.3388888888888889 0.02109375 0.05
0 0.48203125 0.33611111111111114 0.01640625 0.06527777777777778
0 0.4515625 0.35 0.01640625 0.043055555555555555
0 0.43359375 0.3625 0.021875 0.044444444444444446
2 0.97109375 0.38333333333333336 0.05703125 0.14166666666666666
2 0.8578125 0.3611111111111111 0.04921875 0.10694444444444444
2 0.75390625 0.33611111111111114 0.034375 0.07361111111111111
2 0.7921875 0.35138888888888886 0.03203125 0.07916666666666666