2 0.36171875 0.20416666666666666 0.05078125 0.12916666666666668
2 0.6625 0.25277777777777777 0.07265625 0.17916666666666667
2 0.275 0.1986111111111111 0.04609375 0.12361111111111112
2 0.778125 0.29444444444444445 0.08828125 0.22361111111111112
2 0.19609375 0.19583333333333333 0.04921875 0.12361111111111112
2 0.11328125 0.19583333333333333 0.05 0.12083333333333333
2 0.5671875 0.2388888888888889 0.0609375 0.1638888888888889
2 0.9015625 0.3402777777777778 0.1140625 0.26666666666666666
2 0.490625 0.22361111111111112 0.05546875 0.14583333333333334
2 0.42109375 0.20972222222222223 0.05 0.13472222222222222
2 0.03828125 0.19305555555555556 0.05 0.12083333333333333