2 0.9765625 0.42916666666666664 0.046875 0.16805555555555557
2 0.859375 0.38472222222222224 0.06484375 0.12361111111111112
2 0.76796875 0.35 0.0390625 0.08333333333333333
2 0.7171875 0.3347222222222222 0.02890625 0.06666666666666667
2 0.684375 0.3236111111111111 0.0234375 0.05277777777777778
2 0.6609375 0.31666666666666665 0.01953125 0.04583333333333333
2 0.6125 0.30694444444444446 0.015625 0.022222222222222223
2 0.64296875 0.3125 0.01484375 0.0375
2 0.63125 0.30833333333333335 0.01171875 0.03333333333333333
2 0.86328125 0.3472222222222222 0.01796875 0.04722222222222222
2 0.9890625 0.42083333333333334 0.021875 0.15
0 0.09921875 0.4583333333333333 0.1046875 0.18055555555555555
0 0.23828125 0.3958333333333333 0.0625 0.11944444444444445
0 0.3296875 0.35694444444444445 0.034375 0.08333333333333333
0 0.37109375 0.3416666666666667 0.02890625 0.06666666666666667
0 0.396875 0.3333333333333333 0.02109375 0.04722222222222222