0 0.9234375 0.2847222222222222 0.09296875 0.2222222222222222
0 0.790625 0.2152777777777778 0.05078125 0.14583333333333334
0 0.709375 0.175 0.034375 0.10416666666666667
0 0.67109375 0.15416666666666667 0.02265625 0.08472222222222223
0 0.6375 0.1388888888888889 0.0171875 0.07083333333333333
0 0.59453125 0.11666666666666667 0.01171875 0.043055555555555555
0 0.5828125 0.1125 0.009375 0.0375
0 0.60625 0.12222222222222222 0.01171875 0.04861111111111111
0 0.6203125 0.12638888888888888 0.0140625 0.05694444444444444
2 0.03671875 0.2777777777777778 0.07265625 0.21666666666666667
2 0.1921875 0.20277777777777778 0.053125 0.14166666666666666
2 0.2796875 0.16944444444444445 0.0328125 0.10138888888888889
2 0.315625 0.1527777777777778 0.02734375 0.08888888888888889
2 0.34375 0.14027777777777778 0.021875 0.0763888888888889
2 0.3796875 0.125 0.01328125 0.05416666666666667
2 0.39375 0.11944444444444445 0.0140625 0.05138888888888889
2 0.4046875 0.11388888888888889 0.01171875 0.04583333333333333
2 0.36328125 0.13333333333333333 0.01796875 0.06388888888888888
2 0.4140625 0.10833333333333334 0.0109375 0.044444444444444446