0 0.3375 0.3486111111111111 0.10546875 0.26666666666666666
0 0.471875 0.2791666666666667 0.07265625 0.1986111111111111
0 0.5578125 0.23194444444444445 0.053125 0.15
0 0.61171875 0.20416666666666666 0.04140625 0.12361111111111112
0 0.64453125 0.1875 0.03515625 0.10694444444444444
0 0.684375 0.16666666666666666 0.03359375 0.09583333333333334
1 0.7109375 0.1527777777777778 0.0203125 0.0763888888888889
1 0.74765625 0.13472222222222222 0.0125 0.05694444444444444
1 0.73125 0.14166666666666666 0.015625 0.06527777777777778
2 0.9828125 0.19444444444444445 0.03203125 0.12361111111111112
2 0.965625 0.17222222222222222 0.0375 0.10555555555555556