0 0.734375 0.5347222222222222 0.1203125 0.25277777777777777
0 0.63828125 0.43333333333333335 0.06875 0.15416666666666667
0 0.59375 0.39444444444444443 0.05078125 0.11527777777777778
0 0.5578125 0.3625 0.0328125 0.08611111111111111
0 0.54140625 0.34444444444444444 0.021875 0.07083333333333333
0 0.890625 0.29305555555555557 0.01328125 0.05138888888888889
0 0.93515625 0.3138888888888889 0.0140625 0.020833333333333332
0 0.9921875 0.30972222222222223 0.01328125 0.041666666666666664
0 0.51953125 0.3277777777777778 0.0171875 0.05277777777777778
2 0.1734375 0.34444444444444444 0.0359375 0.07083333333333333
2 0.07421875 0.3638888888888889 0.05078125 0.09583333333333334
2 0.2375 0.32916666666666666 0.0265625 0.05416666666666667
2 0.28203125 0.3194444444444444 0.01953125 0.04583333333333333
2 0.92578125 0.2986111111111111 0.0109375 0.02361111111111111
2 0.96015625 0.3013888888888889 0.01328125 0.025
2 0.30859375 0.3138888888888889 0.01796875 0.04027777777777778
2 0.33828125 0.30972222222222223 0.01328125 0.02638888888888889
2 0.32109375 0.3138888888888889 0.0140625 0.02638888888888889