2 0.253125 0.4722222222222222 0.0890625 0.18055555555555555
2 0.02421875 0.7666666666666667 0.0484375 0.1763888888888889
2 0.3921875 0.375 0.03046875 0.07916666666666666
2 0.3484375 0.4041666666666667 0.05 0.10833333333333334
2 0.415625 0.3625 0.025 0.06527777777777778
2 0.43125 0.3541666666666667 0.0171875 0.04722222222222222
2 0.46328125 0.32916666666666666 0.0140625 0.03611111111111111
2 0.44609375 0.34305555555555556 0.0140625 0.041666666666666664
2 0.43984375 0.3486111111111111 0.01484375 0.03888888888888889
0 0.85078125 0.38333333333333336 0.03984375 0.08194444444444444
0 0.9734375 0.4125 0.053125 0.1111111111111111
0 0.7328125 0.35833333333333334 0.01953125 0.05
0 0.7734375 0.36666666666666664 0.028125 0.06527777777777778
0 0.66796875 0.3472222222222222 0.01328125 0.03194444444444444
0 0.6953125 0.35 0.0171875 0.041666666666666664
0 0.640625 0.33611111111111114 0.01171875 0.03333333333333333
0 0.65078125 0.3375 0.0125 0.03888888888888889