1 0.92265625 0.2847222222222222 0.0890625 0.21388888888888888
1 0.78515625 0.2125 0.0484375 0.14583333333333334
1 0.20390625 0.2125 0.05 0.1375
1 0.0296875 0.30694444444444446 0.059375 0.2
1 0.71484375 0.17916666666666667 0.02734375 0.10555555555555556
1 0.2875 0.1736111111111111 0.0296875 0.10416666666666667
1 0.32421875 0.15694444444444444 0.0203125 0.08611111111111111
1 0.6734375 0.15833333333333333 0.02109375 0.08194444444444444
1 0.378125 0.13333333333333333 0.0140625 0.058333333333333334
1 0.6203125 0.13055555555555556 0.0140625 0.05694444444444444
1 0.35859375 0.14027777777777778 0.0171875 0.07361111111111111
1 0.64296875 0.14305555555555555 0.01875 0.07083333333333333