0 0.73515625 0.43472222222222223 0.0578125 0.15
0 0.66328125 0.39861111111111114 0.0421875 0.11527777777777778
0 0.8734375 0.5208333333333334 0.075 0.23194444444444445
0 0.60546875 0.36944444444444446 0.0265625 0.0875
0 0.575 0.35138888888888886 0.021875 0.07083333333333333
0 0.53984375 0.3375 0.015625 0.05138888888888889
0 0.51796875 0.3236111111111111 0.009375 0.03611111111111111
0 0.53046875 0.33055555555555555 0.0125 0.04722222222222222
2 0.11875 0.43472222222222223 0.0640625 0.16527777777777777
2 0.2421875 0.3736111111111111 0.03671875 0.09861111111111111
2 0.290625 0.35 0.025 0.07777777777777778
2 0.3203125 0.3347222222222222 0.0203125 0.059722222222222225
2 0.34140625 0.3263888888888889 0.015625 0.04722222222222222
2 0.359375 0.3236111111111111 0.01484375 0.034722222222222224
2 0.378125 0.30972222222222223 0.009375 0.029166666666666667