2 0.33671875 0.3458333333333333 0.04296875 0.11527777777777778
2 0.2765625 0.35694444444444445 0.05078125 0.12638888888888888
2 0.203125 0.38472222222222224 0.06171875 0.15694444444444444
2 0.45078125 0.3333333333333333 0.0375 0.09861111111111111
2 0.146875 0.4125 0.0765625 0.18611111111111112
2 0.61171875 0.31805555555555554 0.03203125 0.07777777777777778
2 0.8046875 0.29583333333333334 0.01875 0.05555555555555555
2 0.7625 0.3013888888888889 0.02265625 0.06111111111111111
2 0.70078125 0.30833333333333335 0.0265625 0.06944444444444445
2 0.84921875 0.2916666666666667 0.01875 0.05138888888888889
2 0.88359375 0.28888888888888886 0.0171875 0.04722222222222222