2 0.215625 0.4527777777777778 0.09921875 0.17777777777777778
2 0.13046875 0.5305555555555556 0.11875 0.25972222222222224
2 0.03203125 0.4263888888888889 0.0640625 0.15138888888888888
0 0.86015625 0.4013888888888889 0.065625 0.1111111111111111
0 0.9734375 0.4222222222222222 0.053125 0.13333333333333333
0 0.33203125 0.35833333333333334 0.03828125 0.07222222222222222
0 0.57734375 0.375 0.04453125 0.0875
0 0.128125 0.34444444444444444 0.0375 0.058333333333333334
0 0.44375 0.36666666666666664 0.03984375 0.07916666666666666
0 0.2234375 0.35138888888888886 0.02734375 0.0625
0 0.05546875 0.3388888888888889 0.02734375 0.05694444444444444