0 0.83046875 0.4527777777777778 0.07734375 0.17083333333333334
2 0.0984375 0.4375 0.0546875 0.1763888888888889
2 0.225 0.38055555555555554 0.0453125 0.11388888888888889
2 0.35234375 0.3277777777777778 0.01875 0.05138888888888889
2 0.30078125 0.35138888888888886 0.02734375 0.07361111111111111
2 0.328125 0.3375 0.0203125 0.059722222222222225
2 0.38359375 0.31666666666666665 0.0109375 0.03333333333333333
2 0.3703125 0.3194444444444444 0.01484375 0.043055555555555555
2 0.39453125 0.3111111111111111 0.0109375 0.030555555555555555
0 0.709375 0.3958333333333333 0.0546875 0.1375
0 0.64375 0.3597222222222222 0.034375 0.10138888888888889
0 0.60859375 0.3402777777777778 0.0234375 0.075
0 0.58125 0.33194444444444443 0.01328125 0.059722222222222225