2 0.9453125 0.14722222222222223 0.03359375 0.08472222222222223
2 0.70234375 0.1375 0.02578125 0.0625
2 0.80703125 0.14027777777777778 0.03046875 0.07361111111111111
2 0.87265625 0.14166666666666666 0.03203125 0.07916666666666666
2 0.7515625 0.1375 0.02890625 0.06805555555555555
0 0.1625 0.3763888888888889 0.1265625 0.29583333333333334
0 0.31171875 0.325 0.1 0.24583333333333332
0 0.425 0.2833333333333333 0.08203125 0.20416666666666666
0 0.5046875 0.25555555555555554 0.0578125 0.1736111111111111
0 0.65859375 0.2013888888888889 0.04296875 0.12777777777777777
0 0.575 0.2375 0.06015625 0.15694444444444444
0 0.61171875 0.21666666666666667 0.046875 0.14305555555555555