0 0.29453125 0.3236111111111111 0.02890625 0.05
0 0.2125 0.32222222222222224 0.03828125 0.07361111111111111
0 0.36640625 0.3194444444444444 0.01953125 0.03611111111111111
0 0.42109375 0.30833333333333335 0.01640625 0.043055555555555555
0 0.5125 0.3 0.015625 0.03611111111111111
0 0.54921875 0.29583333333333334 0.0125 0.029166666666666667
0 0.11796875 0.3333333333333333 0.02890625 0.07361111111111111
2 0.88359375 0.39861111111111114 0.08671875 0.15833333333333333
2 0.465625 0.3472222222222222 0.05859375 0.08888888888888889
2 0.68828125 0.37222222222222223 0.0671875 0.12638888888888888
2 0.53671875 0.3763888888888889 0.04921875 0.06666666666666667
2 0.621875 0.3680555555555556 0.059375 0.10555555555555556
2 0.5671875 0.3277777777777778 0.0328125 0.06805555555555555
2 0.659375 0.30694444444444446 0.021875 0.05138888888888889
2 0.6 0.32083333333333336 0.0265625 0.0625
2 0.7078125 0.3013888888888889 0.01640625 0.0375
2 0.7578125 0.2902777777777778 0.015625 0.03194444444444444
2 0.6375 0.31666666666666665 0.02265625 0.05138888888888889
2 0.53984375 0.3333333333333333 0.02890625 0.0625
2 0.73359375 0.2972222222222222 0.01640625 0.03194444444444444