0 0.08984375 0.5333333333333333 0.1296875 0.23472222222222222
0 0.5453125 0.425 0.06328125 0.12222222222222222
0 0.3859375 0.4625 0.0875 0.16111111111111112
0 0.65859375 0.39861111111111114 0.04765625 0.09861111111111111
0 0.73046875 0.38055555555555554 0.0328125 0.08194444444444444
0 0.778125 0.36944444444444446 0.0265625 0.06944444444444445
0 0.8296875 0.35833333333333334 0.02109375 0.059722222222222225
0 0.93984375 0.33055555555555555 0.0140625 0.03333333333333333
0 0.9203125 0.3347222222222222 0.015625 0.041666666666666664
0 0.86328125 0.3486111111111111 0.0203125 0.05277777777777778
0 0.9546875 0.325 0.0125 0.03611111111111111
0 0.90625 0.3402777777777778 0.015625 0.043055555555555555