2 0.93515625 0.5763888888888888 0.12890625 0.2777777777777778
2 0.69453125 0.3763888888888889 0.03203125 0.06944444444444445
2 0.8140625 0.4125 0.0515625 0.10972222222222222
2 0.77421875 0.39861111111111114 0.046875 0.09444444444444444
2 0.85234375 0.44027777777777777 0.0515625 0.13194444444444445
2 0.72890625 0.3819444444444444 0.028125 0.0763888888888889
2 0.746875 0.3875 0.03203125 0.08472222222222223
2 0.91953125 0.5166666666666667 0.0921875 0.2
0 0.146875 0.46944444444444444 0.084375 0.15
0 0.246875 0.44166666666666665 0.06796875 0.12916666666666668
0 0.303125 0.4152777777777778 0.05078125 0.09861111111111111
0 0.321875 0.4 0.028125 0.09305555555555556
2 0.90546875 0.45555555555555555 0.05234375 0.12777777777777777