2 0.24375 0.5180555555555556 0.128125 0.24722222222222223
2 0.4546875 0.41388888888888886 0.07578125 0.13333333333333333
2 0.60546875 0.3861111111111111 0.053125 0.10694444444444444
2 0.6984375 0.37222222222222223 0.05 0.08888888888888889
2 0.8484375 0.3597222222222222 0.0453125 0.07361111111111111
2 0.6421875 0.37777777777777777 0.04453125 0.09722222222222222
2 0.53671875 0.3958333333333333 0.06171875 0.11666666666666667
2 0.93046875 0.35833333333333334 0.04296875 0.07083333333333333
2 0.37734375 0.4388888888888889 0.0640625 0.16111111111111112
2 0.32421875 0.46944444444444444 0.09453125 0.19722222222222222
2 0.76171875 0.36666666666666664 0.046875 0.08333333333333333
2 0.13828125 0.5805555555555556 0.16796875 0.31527777777777777
2 0.80234375 0.3625 0.04453125 0.07916666666666666