2 0.09765625 0.4986111111111111 0.14765625 0.26805555555555555
2 0.2515625 0.4111111111111111 0.09453125 0.18055555555555555
2 0.33828125 0.3736111111111111 0.075 0.14305555555555555
2 0.54921875 0.31805555555555554 0.0421875 0.08472222222222223
2 0.00703125 0.7347222222222223 0.0140625 0.16527777777777777
2 0.47421875 0.3277777777777778 0.04765625 0.09583333333333334
2 0.6203125 0.3111111111111111 0.04375 0.0763888888888889
2 0.3921875 0.3472222222222222 0.04921875 0.11805555555555555
2 0.74453125 0.30416666666666664 0.0390625 0.06944444444444445
2 0.425 0.33611111111111114 0.0375 0.10416666666666667
2 0.6875 0.30694444444444446 0.03828125 0.07083333333333333
2 0.8796875 0.30277777777777776 0.0359375 0.06527777777777778
2 0.95625 0.3013888888888889 0.03515625 0.06666666666666667
2 0.815625 0.30277777777777776 0.0359375 0.06805555555555555