2 0.90859375 0.4166666666666667 0.0796875 0.1361111111111111
2 0.79765625 0.38333333333333336 0.04921875 0.09861111111111111
2 0.72890625 0.3638888888888889 0.03671875 0.0763888888888889
2 0.59140625 0.325 0.0140625 0.04027777777777778
2 0.684375 0.35138888888888886 0.02890625 0.0625
2 0.61640625 0.32916666666666666 0.0171875 0.041666666666666664
0 0.37734375 0.3333333333333333 0.0125 0.05555555555555555
2 0.44609375 0.31527777777777777 0.01015625 0.029166666666666667
2 0.54921875 0.32222222222222224 0.01328125 0.03611111111111111
2 0.5015625 0.31805555555555554 0.0125 0.03194444444444444
2 0.53203125 0.3194444444444444 0.01171875 0.034722222222222224
2 0.48046875 0.31666666666666665 0.01328125 0.029166666666666667
2 0.56328125 0.3236111111111111 0.0125 0.03333333333333333
2 0.51796875 0.31805555555555554 0.0109375 0.03194444444444444
2 0.40703125 0.31527777777777777 0.009375 0.027777777777777776
2 0.42734375 0.31666666666666665 0.01171875 0.029166666666666667
2 0.46484375 0.31527777777777777 0.01015625 0.029166666666666667
2 0.63359375 0.3333333333333333 0.01796875 0.04722222222222222
2 0.653125 0.3416666666666667 0.021875 0.05138888888888889
0 0.0875 0.4388888888888889 0.08359375 0.14166666666666666
0 0.22890625 0.39166666666666666 0.053125 0.09861111111111111
0 0.2890625 0.37083333333333335 0.0375 0.07916666666666666
0 0.3234375 0.3611111111111111 0.028125 0.059722222222222225
0 0.390625 0.33055555555555555 0.0171875 0.04027777777777778
0 0.3578125 0.3458333333333333 0.0203125 0.05416666666666667