0 0.0359375 0.33611111111111114 0.071875 0.28888888888888886
0 0.03984375 0.2916666666666667 0.07265625 0.22083333333333333
2 0.871875 0.24444444444444444 0.075 0.19166666666666668
2 0.64453125 0.1875 0.0484375 0.12638888888888888
2 0.95546875 0.2861111111111111 0.0890625 0.23055555555555557
2 0.77421875 0.22083333333333333 0.065625 0.1597222222222222
2 0.52421875 0.17222222222222222 0.040625 0.1111111111111111
2 0.4265625 0.16111111111111112 0.0375 0.1
2 0.47265625 0.1638888888888889 0.0375 0.10138888888888889
2 0.7109375 0.20416666666666666 0.0546875 0.14444444444444443
2 0.57734375 0.17916666666666667 0.04453125 0.11805555555555555