2 0.771875 0.4625 0.08046875 0.16666666666666666
2 0.66796875 0.4 0.04375 0.10138888888888889
2 0.625 0.37083333333333335 0.03125 0.07361111111111111
2 0.609375 0.3611111111111111 0.01796875 0.05694444444444444
2 0.57578125 0.34444444444444444 0.01875 0.04027777777777778
2 0.5953125 0.35555555555555557 0.01875 0.04861111111111111
2 0.58828125 0.3486111111111111 0.0203125 0.044444444444444446
0 0.11484375 0.40555555555555556 0.059375 0.10416666666666667
0 0.21953125 0.375 0.03828125 0.07361111111111111
0 0.28515625 0.3625 0.028125 0.058333333333333334
0 0.3375 0.35 0.021875 0.04583333333333333
0 0.36015625 0.3458333333333333 0.01640625 0.0375
0 0.38203125 0.3416666666666667 0.01328125 0.029166666666666667
0 0.3984375 0.3347222222222222 0.01015625 0.03194444444444444
0 0.40859375 0.33055555555555555 0.01328125 0.0375