0 0.2015625 0.30277777777777776 0.09375 0.23194444444444445
2 0.8078125 0.28194444444444444 0.08203125 0.2125
2 0.959375 0.4305555555555556 0.07890625 0.32083333333333336
1 0.23828125 0.2638888888888889 0.05625 0.1875
1 0.30234375 0.21388888888888888 0.04765625 0.14027777777777778
1 0.65625 0.18333333333333332 0.03515625 0.10833333333333334
1 0.3515625 0.18333333333333332 0.03515625 0.10416666666666667
1 0.7140625 0.21388888888888888 0.04765625 0.14166666666666666
1 0.384375 0.1625 0.0234375 0.0875
1 0.621875 0.16111111111111112 0.02578125 0.08611111111111111
1 0.5984375 0.14722222222222223 0.01796875 0.07083333333333333