2 0.02890625 0.4388888888888889 0.05703125 0.16527777777777777
2 0.15 0.3972222222222222 0.06171875 0.11944444444444445
2 0.23828125 0.3611111111111111 0.03828125 0.08194444444444444
2 0.2875 0.3458333333333333 0.028125 0.06527777777777778
2 0.31875 0.33611111111111114 0.02265625 0.05277777777777778
2 0.34296875 0.3263888888888889 0.01796875 0.05138888888888889
2 0.3578125 0.32916666666666666 0.0109375 0.029166666666666667
2 0.0078125 0.3861111111111111 0.0140625 0.05694444444444444
2 0.14453125 0.3597222222222222 0.0171875 0.044444444444444446
0 0.890625 0.46805555555555556 0.1015625 0.1763888888888889
0 0.75546875 0.40694444444444444 0.06015625 0.11805555555555555
0 0.66640625 0.3680555555555556 0.034375 0.08194444444444444