2 0.13515625 0.4152777777777778 0.08359375 0.14722222222222223
2 0.26015625 0.39305555555555555 0.06484375 0.12361111111111112
2 0.44609375 0.37777777777777777 0.04921875 0.10416666666666667
2 0.53125 0.36944444444444446 0.0453125 0.09583333333333334
2 0.68515625 0.3597222222222222 0.04609375 0.08611111111111111
2 0.7609375 0.35833333333333334 0.04453125 0.08055555555555556
2 0.6296875 0.3625 0.0359375 0.08888888888888889
2 0.3515625 0.3819444444444444 0.05546875 0.1125
2 0.9671875 0.3527777777777778 0.0421875 0.0763888888888889
2 0.8890625 0.3541666666666667 0.04296875 0.07777777777777778
2 0.8296875 0.3541666666666667 0.0453125 0.08055555555555556