0 0.14921875 0.21805555555555556 0.06171875 0.17916666666666667
0 0.24921875 0.16944444444444445 0.04296875 0.125
0 0.3140625 0.1388888888888889 0.0265625 0.09583333333333334
1 0.60546875 0.09583333333333334 0.0125 0.05
2 0.97265625 0.2638888888888889 0.0546875 0.225
2 0.83828125 0.19722222222222222 0.0578125 0.15833333333333333
2 0.69765625 0.13055555555555556 0.03046875 0.09861111111111111
2 0.75703125 0.16111111111111112 0.0421875 0.11805555555555555
1 0.3546875 0.11944444444444445 0.0171875 0.07083333333333333
1 0.65546875 0.11666666666666667 0.0203125 0.07916666666666666
1 0.3734375 0.10833333333333334 0.01484375 0.059722222222222225
1 0.6265625 0.10416666666666667 0.021875 0.06527777777777778