1 0.0359375 0.2986111111111111 0.071875 0.2611111111111111
1 0.83671875 0.1986111111111111 0.0625 0.15694444444444444
1 0.19453125 0.1986111111111111 0.053125 0.1625
1 0.27421875 0.1625 0.03671875 0.10416666666666667
1 0.7359375 0.15555555555555556 0.0359375 0.1111111111111111
1 0.3171875 0.1375 0.0203125 0.08611111111111111
1 0.34296875 0.12083333333333333 0.0171875 0.07361111111111111
1 0.6875 0.1375 0.02421875 0.08472222222222223
1 0.6453125 0.12083333333333333 0.02109375 0.07222222222222222
1 0.3625 0.10972222222222222 0.0140625 0.058333333333333334
1 0.6171875 0.1111111111111111 0.01328125 0.05
1 0.37578125 0.10277777777777777 0.01328125 0.05416666666666667
1 0.603125 0.10694444444444444 0.0125 0.04722222222222222
1 0.38828125 0.09583333333333334 0.0109375 0.04583333333333333