2 0.7421875 0.4444444444444444 0.06796875 0.1597222222222222
2 0.65625 0.39305555555555555 0.04921875 0.1111111111111111
2 0.6140625 0.36527777777777776 0.034375 0.08055555555555556
2 0.5875 0.3486111111111111 0.02421875 0.06111111111111111
2 0.57265625 0.3416666666666667 0.01796875 0.04583333333333333
2 0.5609375 0.3375 0.015625 0.034722222222222224
0 0.16796875 0.36944444444444446 0.0390625 0.08055555555555556
0 0.04765625 0.4 0.06328125 0.1111111111111111
0 0.2359375 0.3527777777777778 0.028125 0.06527777777777778
0 0.284375 0.34444444444444444 0.0234375 0.05138888888888889
0 0.3125 0.33194444444444443 0.015625 0.05277777777777778
0 0.35859375 0.3236111111111111 0.01015625 0.03888888888888889
0 0.3390625 0.33194444444444443 0.01484375 0.03611111111111111
2 0.94765625 0.5986111111111111 0.1046875 0.4041666666666667