2 0.9796875 0.43333333333333335 0.040625 0.1763888888888889
2 0.8609375 0.3875 0.0671875 0.12777777777777777
2 0.765625 0.35138888888888886 0.040625 0.0875
2 0.71328125 0.3347222222222222 0.03046875 0.07083333333333333
2 0.67890625 0.325 0.02421875 0.05416666666666667
2 0.65390625 0.31666666666666665 0.0203125 0.04861111111111111
2 0.6359375 0.31527777777777777 0.01484375 0.03194444444444444
2 0.6234375 0.30833333333333335 0.0125 0.034722222222222224
2 0.86484375 0.3486111111111111 0.01953125 0.04861111111111111
0 0.0671875 0.4638888888888889 0.109375 0.18888888888888888
0 0.2125 0.4 0.06484375 0.125
0 0.3078125 0.35833333333333334 0.0359375 0.0875
0 0.3515625 0.34305555555555556 0.03046875 0.06805555555555555
0 0.37890625 0.33194444444444443 0.021875 0.05