0 0.95703125 0.2708333333333333 0.08515625 0.22361111111111112
0 0.8296875 0.2013888888888889 0.05625 0.1527777777777778
0 0.74921875 0.1597222222222222 0.034375 0.10972222222222222
0 0.70546875 0.1388888888888889 0.02421875 0.08472222222222223
0 0.67734375 0.125 0.0171875 0.06527777777777778
0 0.65703125 0.11527777777777778 0.0140625 0.05416666666666667
0 0.6453125 0.10833333333333334 0.01171875 0.05
0 0.62890625 0.09861111111111111 0.01328125 0.044444444444444446
2 0.221875 0.19027777777777777 0.05078125 0.14305555555555555
2 0.0515625 0.2611111111111111 0.09296875 0.21805555555555556
2 0.30078125 0.15694444444444444 0.03515625 0.10833333333333334
2 0.35546875 0.13472222222222222 0.02578125 0.0875
2 0.40859375 0.1125 0.01640625 0.06388888888888888
2 0.3890625 0.12361111111111112 0.02109375 0.06805555555555555
2 0.42578125 0.10694444444444444 0.015625 0.05694444444444444
2 0.44140625 0.09861111111111111 0.01484375 0.05138888888888889
2 0.459375 0.09305555555555556 0.01484375 0.04583333333333333
2 0.47421875 0.08611111111111111 0.01171875 0.03611111111111111