2 0.01796875 0.4736111111111111 0.0359375 0.175
2 0.14921875 0.4236111111111111 0.0625 0.12083333333333333
2 0.540625 0.3458333333333333 0.015625 0.03611111111111111
2 0.49375 0.3486111111111111 0.0171875 0.03888888888888889
2 0.2390625 0.3958333333333333 0.0421875 0.08611111111111111
2 0.28515625 0.37916666666666665 0.03203125 0.06666666666666667
2 0.3203125 0.3680555555555556 0.028125 0.05694444444444444
2 0.52109375 0.3472222222222222 0.01640625 0.0375
2 0.46875 0.35138888888888886 0.0171875 0.04027777777777778
2 0.36171875 0.3611111111111111 0.0234375 0.05416666666666667
2 0.4484375 0.3527777777777778 0.0171875 0.043055555555555555
2 0.40546875 0.35833333333333334 0.02109375 0.04861111111111111
2 0.42578125 0.35555555555555557 0.01953125 0.04583333333333333
2 0.56484375 0.34305555555555556 0.015625 0.03611111111111111
0 0.8484375 0.44027777777777777 0.06484375 0.12638888888888888
0 0.9703125 0.5 0.05859375 0.18472222222222223
0 0.7453125 0.40694444444444444 0.04375 0.08611111111111111
0 0.66640625 0.37222222222222223 0.0203125 0.06111111111111111
0 0.65234375 0.36944444444444446 0.0203125 0.05277777777777778
0 0.69296875 0.38472222222222224 0.0296875 0.06666666666666667