0 0.83515625 0.24444444444444444 0.0671875 0.17222222222222222
0 0.74296875 0.1986111111111111 0.03984375 0.12777777777777777
0 0.67421875 0.16944444444444445 0.025 0.0875
0 0.646875 0.15416666666666667 0.01953125 0.07777777777777778
0 0.62109375 0.14305555555555555 0.015625 0.06111111111111111
0 0.603125 0.13194444444444445 0.0140625 0.05555555555555555
0 0.58828125 0.12777777777777777 0.0125 0.04722222222222222
2 0.11640625 0.24166666666666667 0.0640625 0.1736111111111111
2 0.21796875 0.1986111111111111 0.04296875 0.12777777777777777
2 0.28515625 0.16944444444444445 0.03046875 0.09444444444444444
2 0.34375 0.14166666666666666 0.01953125 0.07361111111111111
2 0.30859375 0.15694444444444444 0.02578125 0.0875
2 0.36328125 0.1361111111111111 0.0171875 0.059722222222222225
2 0.38125 0.12638888888888888 0.0140625 0.05555555555555555
2 0.39765625 0.11944444444444445 0.0140625 0.04861111111111111