2 0.846875 0.12916666666666668 0.053125 0.12916666666666668
2 0.77421875 0.12083333333333333 0.04609375 0.11944444444444445
2 0.90234375 0.14305555555555555 0.0609375 0.14305555555555555
2 0.571875 0.10277777777777777 0.03515625 0.09722222222222222
2 0.36640625 0.09305555555555556 0.03203125 0.08333333333333333
2 0.65390625 0.10694444444444444 0.0375 0.10138888888888889
2 0.72578125 0.11388888888888889 0.04140625 0.1125
2 0.428125 0.09722222222222222 0.0328125 0.08611111111111111
2 0.98984375 0.18472222222222223 0.0203125 0.18611111111111112
2 0.9625 0.1597222222222222 0.065625 0.16111111111111112
2 0.4953125 0.09861111111111111 0.034375 0.09166666666666666
0 0.121875 0.33194444444444443 0.1359375 0.31805555555555554
0 0.2078125 0.26666666666666666 0.1015625 0.2513888888888889
0 0.2875 0.225 0.0625 0.22083333333333333
0 0.3109375 0.19444444444444445 0.05859375 0.18611111111111112