0 0.12265625 0.4861111111111111 0.06640625 0.17222222222222222
0 0.23828125 0.3736111111111111 0.02578125 0.06944444444444445
0 0.15703125 0.4444444444444444 0.05546875 0.14444444444444443
0 0.196875 0.38333333333333336 0.02421875 0.07083333333333333
0 0.2875 0.36944444444444446 0.02421875 0.058333333333333334
0 0.34453125 0.3625 0.0171875 0.03888888888888889
0 0.17421875 0.3902777777777778 0.02421875 0.07916666666666666
0 0.19609375 0.3458333333333333 0.0125 0.03333333333333333
2 0.771875 0.4708333333333333 0.07421875 0.17777777777777778
2 0.671875 0.4305555555555556 0.05390625 0.1361111111111111
2 0.52734375 0.39166666666666666 0.03125 0.09583333333333334
2 0.5703125 0.4041666666666667 0.0359375 0.10416666666666667