0 0.0453125 0.2972222222222222 0.08984375 0.21805555555555556
0 0.18359375 0.23194444444444445 0.05703125 0.15416666666666667
0 0.26328125 0.19444444444444445 0.03671875 0.11527777777777778
0 0.32265625 0.17083333333333334 0.02265625 0.08055555555555556
0 0.37265625 0.14583333333333334 0.01484375 0.05694444444444444
0 0.34921875 0.15694444444444444 0.01875 0.07083333333333333
2 0.81484375 0.23055555555555557 0.05390625 0.1527777777777778
2 0.7359375 0.19583333333333333 0.03828125 0.11666666666666667
2 0.6828125 0.17083333333333334 0.0265625 0.09027777777777778
2 0.6328125 0.14722222222222223 0.01796875 0.06805555555555555
2 0.6015625 0.13333333333333333 0.01328125 0.05
2 0.61640625 0.14027777777777778 0.015625 0.05694444444444444