2 0.946875 0.43472222222222223 0.084375 0.15138888888888888
2 0.7984375 0.38333333333333336 0.04921875 0.09861111111111111
2 0.72734375 0.3597222222222222 0.034375 0.06944444444444445
2 0.69375 0.35 0.02734375 0.058333333333333334
2 0.665625 0.3416666666666667 0.021875 0.04722222222222222
2 0.6453125 0.3347222222222222 0.01796875 0.04027777777777778
2 0.628125 0.33194444444444443 0.01640625 0.029166666666666667
2 0.58828125 0.31805555555555554 0.0125 0.03194444444444444
2 0.5421875 0.31527777777777777 0.01171875 0.027777777777777776
2 0.55625 0.31666666666666665 0.01171875 0.029166666666666667
2 0.61796875 0.3263888888888889 0.0125 0.029166666666666667
2 0.5296875 0.3138888888888889 0.01015625 0.02638888888888889
2 0.5671875 0.31805555555555554 0.0109375 0.02638888888888889
2 0.60625 0.32222222222222224 0.01171875 0.030555555555555555
0 0.10234375 0.44722222222222224 0.084375 0.1486111111111111
0 0.30625 0.3680555555555556 0.03515625 0.07361111111111111
0 0.2296875 0.3958333333333333 0.0515625 0.10138888888888889
0 0.35 0.3541666666666667 0.02578125 0.058333333333333334
0 0.39140625 0.3472222222222222 0.015625 0.030555555555555555
0 0.4265625 0.325 0.01484375 0.027777777777777776
0 0.37578125 0.35138888888888886 0.015625 0.034722222222222224
0 0.4078125 0.3375 0.0125 0.029166666666666667
0 0.35234375 0.3638888888888889 0.01953125 0.03611111111111111