0 0.7296875 0.5541666666666667 0.146875 0.2791666666666667
0 0.2734375 0.4375 0.0890625 0.16666666666666666
0 0.08828125 0.4097222222222222 0.08125 0.14166666666666666
0 0.971875 0.35 0.0421875 0.0625
0 0.90078125 0.34305555555555556 0.03359375 0.06111111111111111
0 0.9609375 0.7722222222222223 0.078125 0.2902777777777778
0 0.83984375 0.3388888888888889 0.03515625 0.058333333333333334
0 0.63828125 0.33055555555555555 0.0171875 0.029166666666666667
0 0.490625 0.3236111111111111 0.01484375 0.025
0 0.7375 0.3388888888888889 0.028125 0.03333333333333333
0 0.69140625 0.3375 0.01953125 0.027777777777777776
0 0.796875 0.3236111111111111 0.02421875 0.075
0 0.5875 0.3277777777777778 0.01484375 0.025
0 0.2703125 0.3125 0.0140625 0.020833333333333332
0 0.11953125 0.3055555555555556 0.01484375 0.020833333333333332
0 0.5453125 0.325 0.01484375 0.02361111111111111
0 0.4296875 0.32083333333333336 0.015625 0.02361111111111111
0 0.17265625 0.30833333333333335 0.01328125 0.020833333333333332
0 0.21953125 0.30972222222222223 0.01484375 0.020833333333333332
0 0.06484375 0.30277777777777776 0.01484375 0.020833333333333332
0 0.34453125 0.31527777777777777 0.01484375 0.02361111111111111
2 0.93046875 0.3236111111111111 0.025 0.04861111111111111
2 0.8546875 0.3194444444444444 0.0171875 0.04583333333333333
2 0.715625 0.3138888888888889 0.01640625 0.0375
2 0.628125 0.30972222222222223 0.0125 0.03333333333333333
2 0.753125 0.31527777777777777 0.01484375 0.04027777777777778
2 0.675 0.3125 0.015625 0.03611111111111111
2 0.51484375 0.30833333333333335 0.01328125 0.030555555555555555
2 0.45390625 0.3055555555555556 0.0125 0.030555555555555555
2 0.578125 0.30833333333333335 0.0125 0.030555555555555555
2 0.390625 0.30277777777777776 0.0125 0.030555555555555555