2 0.78515625 0.4652777777777778 0.06015625 0.18472222222222223
2 0.6203125 0.4166666666666667 0.05078125 0.13194444444444445
2 0.5140625 0.3902777777777778 0.03671875 0.10555555555555556
2 0.70625 0.44027777777777777 0.06328125 0.15694444444444444
2 0.40859375 0.3736111111111111 0.034375 0.09027777777777778
2 0.35546875 0.3680555555555556 0.03203125 0.08333333333333333
2 0.4609375 0.37916666666666665 0.03671875 0.09444444444444444
2 0.2078125 0.3597222222222222 0.03203125 0.0763888888888889
2 0.271875 0.3638888888888889 0.03046875 0.0763888888888889
2 0.2390625 0.3611111111111111 0.03046875 0.0763888888888889
2 0.16796875 0.3611111111111111 0.03125 0.07083333333333333
2 0.309375 0.36666666666666664 0.03046875 0.08055555555555556
2 0.5578125 0.4 0.0421875 0.11388888888888889