0 0.815625 0.225 0.06328125 0.16666666666666666
0 0.7359375 0.18611111111111112 0.03984375 0.12638888888888888
0 0.68125 0.1638888888888889 0.02890625 0.09583333333333334
0 0.63828125 0.14166666666666666 0.0203125 0.07361111111111111
0 0.6171875 0.13055555555555556 0.01640625 0.06527777777777778
0 0.59765625 0.12361111111111112 0.0140625 0.05416666666666667
0 0.58359375 0.11527777777777778 0.01171875 0.05138888888888889
0 0.571875 0.1111111111111111 0.01171875 0.044444444444444446
0 0.5640625 0.10972222222222222 0.009375 0.03611111111111111
2 0.0671875 0.24305555555555555 0.075 0.19166666666666668
2 0.20703125 0.18333333333333332 0.0421875 0.12916666666666668
2 0.265625 0.16111111111111112 0.03203125 0.10138888888888889
2 0.30859375 0.14027777777777778 0.0234375 0.08333333333333333
2 0.32578125 0.13333333333333333 0.01953125 0.0763888888888889
2 0.3515625 0.12222222222222222 0.0171875 0.06527777777777778
2 0.3671875 0.11666666666666667 0.01484375 0.05694444444444444
2 0.38125 0.10972222222222222 0.01328125 0.05138888888888889
2 0.39609375 0.10555555555555556 0.01484375 0.043055555555555555