0 0.9546875 0.24722222222222223 0.090625 0.22777777777777777
0 0.79921875 0.1638888888888889 0.04921875 0.14722222222222223
0 0.7203125 0.12916666666666668 0.03125 0.10277777777777777
0 0.68125 0.1111111111111111 0.02421875 0.08472222222222223
0 0.64296875 0.09444444444444444 0.01796875 0.06666666666666667
0 0.628125 0.08333333333333333 0.01484375 0.059722222222222225
0 0.61328125 0.0763888888888889 0.0140625 0.05277777777777778
0 0.596875 0.06944444444444445 0.0109375 0.04583333333333333
2 0.04609375 0.22916666666666666 0.0890625 0.21805555555555556
2 0.20625 0.15833333333333333 0.05078125 0.14027777777777778
2 0.27265625 0.12638888888888888 0.03671875 0.10972222222222222
2 0.32109375 0.10694444444444444 0.02578125 0.08611111111111111
2 0.35546875 0.09166666666666666 0.02109375 0.06944444444444445
2 0.38671875 0.07916666666666666 0.01640625 0.05416666666666667
2 0.39921875 0.06944444444444445 0.01328125 0.05277777777777778
2 0.4125 0.06388888888888888 0.0125 0.04722222222222222
2 0.42421875 0.059722222222222225 0.0125 0.041666666666666664