0 0.17890625 0.24583333333333332 0.06015625 0.1625
0 0.0359375 0.325 0.071875 0.2388888888888889
0 0.27734375 0.1986111111111111 0.04140625 0.11666666666666667
0 0.328125 0.17222222222222222 0.0234375 0.09166666666666666
0 0.359375 0.1597222222222222 0.02109375 0.07083333333333333
0 0.38828125 0.14583333333333334 0.015625 0.059722222222222225
0 0.40625 0.1375 0.01171875 0.05
0 0.4203125 0.13333333333333333 0.0109375 0.04027777777777778
2 0.86015625 0.24027777777777778 0.06484375 0.16944444444444445
2 0.709375 0.17083333333333334 0.03125 0.09166666666666666
2 0.67265625 0.15555555555555556 0.02265625 0.0763888888888889
2 0.64921875 0.14305555555555555 0.01796875 0.06527777777777778
2 0.7609375 0.19444444444444445 0.040625 0.11944444444444445
2 0.62890625 0.1361111111111111 0.015625 0.05416666666666667
2 0.6140625 0.13055555555555556 0.01328125 0.04583333333333333
2 0.5890625 0.11944444444444445 0.01015625 0.03611111111111111