2 0.1390625 0.5777777777777777 0.15703125 0.3055555555555556
2 0.29296875 0.5111111111111111 0.1140625 0.22777777777777777
2 0.37421875 0.46944444444444444 0.090625 0.18472222222222223
2 0.4359375 0.44583333333333336 0.0765625 0.1597222222222222
2 0.6046875 0.40555555555555556 0.05859375 0.11666666666666667
2 0.83828125 0.3736111111111111 0.0484375 0.08472222222222223
2 0.48828125 0.4305555555555556 0.06640625 0.14166666666666666
2 0.94453125 0.36944444444444446 0.04765625 0.08055555555555556
2 0.6453125 0.39861111111111114 0.04921875 0.10972222222222222
2 0.68203125 0.3888888888888889 0.04765625 0.10416666666666667
2 0.76796875 0.37777777777777777 0.0546875 0.0875
2 0.54296875 0.4166666666666667 0.06015625 0.12916666666666668
2 0.90390625 0.37222222222222223 0.04765625 0.08055555555555556
2 0.7125 0.38333333333333336 0.03984375 0.09444444444444444
2 0.99296875 0.3888888888888889 0.0140625 0.034722222222222224