1 0.875 0.24861111111111112 0.0609375 0.1486111111111111
1 0.13125 0.3125 0.08984375 0.22361111111111112
1 0.24609375 0.24166666666666667 0.053125 0.14722222222222223
1 0.75546875 0.19722222222222222 0.03671875 0.10833333333333334
1 0.71484375 0.18055555555555555 0.0296875 0.09027777777777778
1 0.3078125 0.20277777777777778 0.034375 0.1125
1 0.3328125 0.18333333333333332 0.02734375 0.09166666666666666
1 0.3640625 0.16944444444444445 0.01796875 0.06805555555555555
1 0.4953125 0.15694444444444444 0.01796875 0.06805555555555555
1 0.68203125 0.16805555555555557 0.02265625 0.0763888888888889
1 0.534375 0.15833333333333333 0.01796875 0.06527777777777778
1 0.6546875 0.15694444444444444 0.0171875 0.06527777777777778
1 0.38125 0.1597222222222222 0.01640625 0.059722222222222225
1 0.6125 0.15694444444444444 0.01953125 0.06666666666666667
1 0.4546875 0.1597222222222222 0.0203125 0.06527777777777778
1 0.41640625 0.16111111111111112 0.01875 0.059722222222222225
1 0.571875 0.15833333333333333 0.01796875 0.06388888888888888