0 0.0859375 0.28194444444444444 0.084375 0.20972222222222223
0 0.23203125 0.20833333333333334 0.04296875 0.13472222222222222
0 0.29296875 0.18055555555555555 0.028125 0.10694444444444444
0 0.34453125 0.15833333333333333 0.01953125 0.0763888888888889
0 0.365625 0.14583333333333334 0.01640625 0.06388888888888888
0 0.384375 0.13472222222222222 0.01484375 0.05416666666666667
0 0.40390625 0.12638888888888888 0.01171875 0.04583333333333333
2 0.91171875 0.26805555555555555 0.08046875 0.19027777777777777
2 0.78828125 0.20555555555555555 0.04765625 0.14027777777777778
2 0.71484375 0.1763888888888889 0.03359375 0.1
2 0.665625 0.15416666666666667 0.02421875 0.07916666666666666
2 0.62734375 0.1361111111111111 0.01796875 0.06388888888888888
2 0.6125 0.12777777777777777 0.01484375 0.05555555555555555
2 0.59609375 0.11805555555555555 0.01171875 0.04861111111111111
2 0.584375 0.11527777777777778 0.01171875 0.043055555555555555