2 0.04921875 0.5125 0.0984375 0.2847222222222222
2 0.27890625 0.30694444444444446 0.0328125 0.07222222222222222
2 0.15703125 0.34444444444444444 0.053125 0.1125
2 0.19765625 0.33055555555555555 0.0484375 0.09583333333333334
2 0.1171875 0.37222222222222223 0.053125 0.13472222222222222
2 0.24375 0.3125 0.028125 0.07777777777777778
2 0.22578125 0.31805555555555554 0.0328125 0.0875
2 0.0484375 0.45 0.09453125 0.20555555555555555
0 0.840625 0.4013888888888889 0.08671875 0.15416666666666667
0 0.7375 0.3736111111111111 0.06953125 0.13194444444444445
0 0.68046875 0.3472222222222222 0.05234375 0.10138888888888889
0 0.6609375 0.33055555555555555 0.02890625 0.09583333333333334
2 0.06328125 0.3875 0.05390625 0.13055555555555556