0 0.86171875 0.25972222222222224 0.07265625 0.17916666666666667
0 0.7484375 0.20277777777777778 0.03984375 0.12361111111111112
0 0.690625 0.1763888888888889 0.02578125 0.09722222222222222
0 0.6265625 0.14305555555555555 0.01640625 0.06666666666666667
0 0.6484375 0.15555555555555556 0.01875 0.0763888888888889
0 0.58203125 0.12361111111111112 0.0109375 0.041666666666666664
0 0.603125 0.13472222222222222 0.0140625 0.05694444444444444
2 0.1171875 0.24722222222222223 0.06796875 0.1763888888888889
2 0.221875 0.2 0.046875 0.12916666666666668
2 0.28671875 0.17083333333333334 0.03046875 0.09861111111111111
2 0.38125 0.13055555555555556 0.0125 0.0763888888888889
2 0.35 0.14305555555555555 0.015625 0.08055555555555556
2 0.33125 0.15416666666666667 0.02265625 0.07777777777777778
2 0.36875 0.1361111111111111 0.0140625 0.05694444444444444
2 0.40234375 0.12083333333333333 0.01171875 0.044444444444444446
2 0.41875 0.11388888888888889 0.009375 0.04027777777777778