0 0.259375 0.42777777777777776 0.04921875 0.13194444444444445
0 0.31484375 0.3888888888888889 0.03515625 0.09861111111111111
0 0.36328125 0.3625 0.02578125 0.07222222222222222
0 0.38828125 0.35 0.01640625 0.05694444444444444
0 0.41015625 0.3402777777777778 0.0125 0.044444444444444446
0 0.19609375 0.325 0.00859375 0.015277777777777777
0 0.41953125 0.3347222222222222 0.01015625 0.034722222222222224
0 0.4328125 0.3347222222222222 0.00859375 0.02361111111111111
2 0.58046875 0.325 0.01484375 0.04722222222222222
2 0.7953125 0.4263888888888889 0.0609375 0.14583333333333334
2 0.6859375 0.3763888888888889 0.03359375 0.09444444444444444
2 0.63671875 0.35694444444444445 0.02265625 0.07361111111111111
2 0.5953125 0.3388888888888889 0.01484375 0.041666666666666664
2 0.6171875 0.3458333333333333 0.0171875 0.05555555555555555
2 0.5640625 0.325 0.01171875 0.034722222222222224