0 0.1453125 0.45694444444444443 0.04296875 0.15138888888888888
0 0.1765625 0.4111111111111111 0.0328125 0.09166666666666666
0 0.19453125 0.36527777777777776 0.025 0.08472222222222223
0 0.159375 0.4236111111111111 0.0390625 0.11666666666666667
2 0.84296875 0.49027777777777776 0.06328125 0.2125
2 0.66953125 0.4166666666666667 0.053125 0.13194444444444445
2 0.7484375 0.44583333333333336 0.06796875 0.1625
2 0.565625 0.38333333333333336 0.0359375 0.09305555555555556
2 0.49140625 0.3625 0.02265625 0.06666666666666667
2 0.51953125 0.37083333333333335 0.03203125 0.07777777777777778
2 0.615625 0.4 0.0421875 0.1125
2 0.4046875 0.3486111111111111 0.01953125 0.05416666666666667
2 0.3625 0.3458333333333333 0.01484375 0.04861111111111111
2 0.46171875 0.35694444444444445 0.021875 0.059722222222222225
2 0.2203125 0.3263888888888889 0.01015625 0.02638888888888889
2 0.31015625 0.3277777777777778 0.0109375 0.029166666666666667
2 0.3234375 0.34444444444444444 0.01640625 0.034722222222222224
2 0.28046875 0.3277777777777778 0.009375 0.027777777777777776
2 0.2984375 0.3277777777777778 0.009375 0.029166666666666667
2 0.26015625 0.3277777777777778 0.01015625 0.02638888888888889
2 0.3375 0.34444444444444444 0.01640625 0.041666666666666664
2 0.2390625 0.3277777777777778 0.009375 0.025
2 0.43203125 0.3527777777777778 0.01875 0.05555555555555555