2 0.9578125 0.47638888888888886 0.08359375 0.18472222222222223
2 0.83828125 0.41805555555555557 0.06171875 0.12777777777777777
2 0.5734375 0.38055555555555554 0.04453125 0.08472222222222223
2 0.88984375 0.4375 0.07734375 0.14722222222222223
2 0.38828125 0.36666666666666664 0.03671875 0.06805555555555555
2 0.70078125 0.3902777777777778 0.04765625 0.09861111111111111
2 0.28203125 0.35833333333333334 0.03046875 0.059722222222222225
2 0.21015625 0.3527777777777778 0.03046875 0.05277777777777778
2 0.765625 0.3972222222222222 0.05625 0.10694444444444444
2 0.15625 0.3472222222222222 0.025 0.04861111111111111
2 0.059375 0.3402777777777778 0.021875 0.041666666666666664
2 0.103125 0.34305555555555556 0.0234375 0.04583333333333333
2 0.0140625 0.3375 0.0171875 0.03888888888888889
0 0.03828125 0.55 0.07578125 0.1361111111111111
0 0.03046875 0.4597222222222222 0.0609375 0.10277777777777777
0 0.01796875 0.4027777777777778 0.02734375 0.05