0 0.87578125 0.2513888888888889 0.07265625 0.18194444444444444
0 0.78046875 0.20555555555555555 0.040625 0.1361111111111111
0 0.71640625 0.17916666666666667 0.03046875 0.10555555555555556
0 0.66640625 0.15833333333333333 0.0203125 0.07777777777777778
0 0.64375 0.14722222222222223 0.01640625 0.06527777777777778
0 0.62265625 0.1375 0.01328125 0.05694444444444444
2 0.06796875 0.2777777777777778 0.08359375 0.20972222222222223
2 0.221875 0.20694444444444443 0.0453125 0.13472222222222222
2 0.28359375 0.18055555555555555 0.0328125 0.10555555555555556
2 0.328125 0.15833333333333333 0.0234375 0.0875
2 0.38671875 0.13333333333333333 0.015625 0.05694444444444444
2 0.371875 0.1388888888888889 0.0171875 0.06527777777777778