0 0.83125 0.23194444444444445 0.06640625 0.19444444444444445
0 0.71484375 0.1736111111111111 0.04375 0.13472222222222222
0 0.65625 0.14583333333333334 0.03203125 0.10138888888888889
0 0.5859375 0.1111111111111111 0.01640625 0.06527777777777778
0 0.61328125 0.12222222222222222 0.02109375 0.07361111111111111
0 0.5671875 0.10277777777777777 0.0140625 0.058333333333333334
0 0.5296875 0.08472222222222223 0.01484375 0.043055555555555555
0 0.54375 0.09166666666666666 0.0125 0.04722222222222222
0 0.55234375 0.09583333333333334 0.0125 0.05416666666666667
2 0.0171875 0.25 0.034375 0.21944444444444444
2 0.22265625 0.14305555555555555 0.03359375 0.10972222222222222
2 0.16953125 0.16944444444444445 0.046875 0.13055555555555556
2 0.2703125 0.12222222222222222 0.02421875 0.08472222222222223
2 0.30390625 0.10833333333333334 0.01796875 0.06944444444444445
2 0.321875 0.10277777777777777 0.01484375 0.059722222222222225
2 0.33515625 0.09583333333333334 0.01484375 0.05555555555555555
2 0.346875 0.09166666666666666 0.0125 0.04861111111111111
2 0.3609375 0.08333333333333333 0.0140625 0.043055555555555555
2 0.378125 0.07777777777777778 0.01328125 0.03888888888888889
2 0.165625 0.13333333333333333 0.01640625 0.05555555555555555