0 0.196875 0.22777777777777777 0.04765625 0.15138888888888888
0 0.26796875 0.19444444444444445 0.03828125 0.11805555555555555
0 0.321875 0.17222222222222222 0.02109375 0.08611111111111111
0 0.3578125 0.1527777777777778 0.01796875 0.075
0 0.38046875 0.14305555555555555 0.01484375 0.058333333333333334
0 0.3984375 0.13472222222222222 0.01171875 0.05138888888888889
2 0.77734375 0.20416666666666666 0.0484375 0.13194444444444445
2 0.703125 0.1736111111111111 0.0296875 0.09722222222222222
2 0.83671875 0.23333333333333334 0.05859375 0.1625
2 0.66875 0.15694444444444444 0.0234375 0.07916666666666666
2 0.6171875 0.13333333333333333 0.015625 0.05416666666666667
2 0.640625 0.14305555555555555 0.0171875 0.06527777777777778