2 0.57890625 0.3680555555555556 0.0453125 0.13472222222222222
2 0.66484375 0.3819444444444444 0.0578125 0.15138888888888888
2 0.87890625 0.45694444444444443 0.08046875 0.23333333333333334
2 0.38671875 0.3375 0.03984375 0.10138888888888889
2 0.75234375 0.40555555555555556 0.07109375 0.17777777777777778
2 0.5078125 0.3541666666666667 0.04296875 0.12083333333333333
2 0.32890625 0.33194444444444443 0.03828125 0.09583333333333334
2 0.428125 0.3416666666666667 0.03359375 0.10694444444444444
2 0.23515625 0.325 0.03515625 0.0875
2 0.27734375 0.3263888888888889 0.03671875 0.09027777777777778
2 0.17890625 0.32083333333333336 0.034375 0.08333333333333333
2 0.121875 0.32083333333333336 0.03671875 0.08333333333333333