2 0.3296875 0.49722222222222223 0.10546875 0.20694444444444443
2 0.16640625 0.5611111111111111 0.146875 0.275
2 0.56875 0.42916666666666664 0.06796875 0.13194444444444445
2 0.6484375 0.4166666666666667 0.06171875 0.11944444444444445
2 0.7421875 0.3958333333333333 0.05546875 0.1
2 0.0109375 0.7388888888888889 0.021875 0.31666666666666665
2 0.4421875 0.4666666666666667 0.0859375 0.1736111111111111
2 0.69375 0.4041666666666667 0.05546875 0.10833333333333334
2 0.83515625 0.39305555555555555 0.05234375 0.09583333333333334
2 0.94609375 0.3888888888888889 0.05546875 0.09444444444444444
2 0.4953125 0.4444444444444444 0.06328125 0.15
0 0.140625 0.34305555555555556 0.0265625 0.019444444444444445