0 0.7140625 0.5069444444444444 0.10859375 0.20416666666666666
0 0.61796875 0.42083333333333334 0.05078125 0.11944444444444445
0 0.565625 0.4 0.03203125 0.05277777777777778
0 0.946875 0.3347222222222222 0.0171875 0.030555555555555555
0 0.53203125 0.36527777777777776 0.0171875 0.03333333333333333
0 0.55390625 0.3763888888888889 0.0171875 0.03611111111111111
0 0.16875 0.2861111111111111 0.0203125 0.027777777777777776
0 0.99375 0.34305555555555556 0.0125 0.022222222222222223
2 0.20859375 0.35833333333333334 0.02890625 0.06527777777777778
2 0.27109375 0.3458333333333333 0.01953125 0.05
2 0.29453125 0.3402777777777778 0.0171875 0.044444444444444446
2 0.31328125 0.3402777777777778 0.01484375 0.0375
2 0.12578125 0.38055555555555554 0.0421875 0.08055555555555556
2 0.9703125 0.3277777777777778 0.015625 0.027777777777777776
2 0.32890625 0.33055555555555555 0.015625 0.044444444444444446
2 0.24453125 0.3486111111111111 0.025 0.059722222222222225
2 0.34375 0.3277777777777778 0.0140625 0.03888888888888889
2 0.35625 0.325 0.01328125 0.03611111111111111
2 0.37265625 0.3263888888888889 0.01328125 0.025
2 0.121875 0.35555555555555557 0.0171875 0.03611111111111111
2 0.38671875 0.31805555555555554 0.0140625 0.027777777777777776