2 0.91328125 0.46944444444444444 0.09765625 0.19027777777777777
2 0.4328125 0.38333333333333336 0.0453125 0.09166666666666666
2 0.653125 0.4152777777777778 0.06640625 0.12916666666666668
2 0.56015625 0.4 0.0578125 0.10972222222222222
2 0.3640625 0.3763888888888889 0.0453125 0.08194444444444444
2 0.22734375 0.3680555555555556 0.040625 0.0763888888888889
2 0.2984375 0.37222222222222223 0.04375 0.08055555555555556
2 0.73046875 0.4305555555555556 0.0609375 0.14305555555555555
2 0.065625 0.36527777777777776 0.040625 0.06944444444444445
2 0.1125 0.36666666666666664 0.04140625 0.07083333333333333
2 0.1640625 0.3680555555555556 0.04140625 0.07361111111111111
2 0.4875 0.3888888888888889 0.05078125 0.09722222222222222
2 0.01875 0.3625 0.03671875 0.07083333333333333