0 0.13671875 0.2361111111111111 0.059375 0.1736111111111111
0 0.24921875 0.1875 0.03359375 0.11388888888888889
0 0.29296875 0.16944444444444445 0.02265625 0.08888888888888889
0 0.32890625 0.15 0.01875 0.0763888888888889
0 0.3546875 0.1388888888888889 0.01484375 0.0625
0 0.3734375 0.13194444444444445 0.01328125 0.05277777777777778
0 0.3875 0.125 0.0109375 0.04861111111111111
2 0.8421875 0.24305555555555555 0.06484375 0.17222222222222222
2 0.70234375 0.1763888888888889 0.03359375 0.10277777777777777
2 0.65625 0.15416666666666667 0.02421875 0.08472222222222223
2 0.73671875 0.19166666666666668 0.0390625 0.12083333333333333
2 0.61015625 0.13333333333333333 0.015625 0.0625
2 0.58984375 0.125 0.01640625 0.05138888888888889
2 0.63125 0.14305555555555555 0.0203125 0.06805555555555555