1 0.64921875 0.18611111111111112 0.040625 0.12222222222222222
1 0.11796875 0.3236111111111111 0.09765625 0.25555555555555554
1 0.8484375 0.3458333333333333 0.1078125 0.2722222222222222
1 0.25 0.23333333333333334 0.05234375 0.16527777777777777
1 0.725 0.24305555555555555 0.0640625 0.16944444444444445
1 0.46640625 0.15416666666666667 0.0265625 0.08333333333333333
1 0.553125 0.15416666666666667 0.0234375 0.08055555555555556
1 0.3203125 0.18472222222222223 0.0359375 0.1111111111111111
1 0.6203125 0.16666666666666666 0.0296875 0.09166666666666666
1 0.5984375 0.1527777777777778 0.0203125 0.08333333333333333
1 0.365625 0.15416666666666667 0.01953125 0.07916666666666666
1 0.35546875 0.16666666666666666 0.0296875 0.08472222222222223