2 0.878125 0.45694444444444443 0.10078125 0.17777777777777778
2 0.765625 0.4236111111111111 0.07421875 0.14305555555555555
2 0.6734375 0.4 0.0546875 0.11388888888888889
2 0.5984375 0.38055555555555554 0.0484375 0.09166666666666666
2 0.5546875 0.3680555555555556 0.0359375 0.08055555555555556
2 0.50703125 0.3611111111111111 0.03515625 0.06944444444444445
2 0.4640625 0.35694444444444445 0.03046875 0.06388888888888888
2 0.365625 0.3458333333333333 0.02421875 0.05277777777777778
2 0.42421875 0.35 0.028125 0.058333333333333334
2 0.33203125 0.34305555555555556 0.01875 0.04722222222222222
0 0.03046875 0.45 0.0609375 0.14444444444444443
0 0.06875 0.4305555555555556 0.05703125 0.1111111111111111
0 0.11640625 0.38472222222222224 0.03828125 0.125
0 0.01328125 0.4041666666666667 0.0265625 0.05277777777777778