0 0.15546875 0.16944444444444445 0.0515625 0.15555555555555556
0 0.01953125 0.25555555555555554 0.0390625 0.2388888888888889
0 0.23046875 0.1361111111111111 0.0328125 0.11388888888888889
0 0.2875 0.10833333333333334 0.021875 0.08611111111111111
0 0.31328125 0.09444444444444444 0.01796875 0.06944444444444445
0 0.3421875 0.08333333333333333 0.01484375 0.06388888888888888
0 0.3765625 0.06805555555555555 0.0109375 0.04027777777777778
0 0.36640625 0.06944444444444445 0.01015625 0.043055555555555555
0 0.3890625 0.06111111111111111 0.009375 0.034722222222222224
0 0.35546875 0.075 0.01328125 0.05138888888888889
2 0.9515625 0.24027777777777778 0.09296875 0.23055555555555557
2 0.7109375 0.12916666666666668 0.040625 0.11805555555555555
2 0.79921875 0.16944444444444445 0.05859375 0.15833333333333333
2 0.60859375 0.08611111111111111 0.01796875 0.06805555555555555
2 0.65390625 0.10555555555555556 0.02578125 0.09027777777777778
2 0.628125 0.09583333333333334 0.021875 0.0763888888888889
2 0.59296875 0.08055555555555556 0.01796875 0.058333333333333334
2 0.5796875 0.07222222222222222 0.01328125 0.05277777777777778
2 0.56875 0.06805555555555555 0.0140625 0.05
2 0.55078125 0.06111111111111111 0.01171875 0.044444444444444446
2 0.55859375 0.06388888888888888 0.01171875 0.04583333333333333