2 0.21796875 0.4527777777777778 0.071875 0.16944444444444445
2 0.30859375 0.4 0.0515625 0.11805555555555555
2 0.353125 0.36944444444444446 0.0359375 0.08472222222222223
2 0.38046875 0.3527777777777778 0.025 0.06388888888888888
2 0.396875 0.3458333333333333 0.01953125 0.04861111111111111
2 0.40859375 0.3402777777777778 0.01640625 0.03611111111111111
0 0.8234375 0.375 0.04140625 0.08472222222222223
0 0.95 0.40555555555555556 0.06640625 0.11666666666666667
0 0.7515625 0.35694444444444445 0.0296875 0.06805555555555555
0 0.7 0.3472222222222222 0.02421875 0.05416666666666667
0 0.67109375 0.3347222222222222 0.01640625 0.05694444444444444
0 0.62265625 0.325 0.0109375 0.041666666666666664
0 0.64296875 0.3347222222222222 0.015625 0.03888888888888889
2 0.028125 0.6166666666666667 0.05625 0.4263888888888889