2 0.13203125 0.5458333333333333 0.14140625 0.25833333333333336
2 0.27890625 0.4625 0.0890625 0.1736111111111111
2 0.63046875 0.36527777777777776 0.0421875 0.06805555555555555
2 0.36171875 0.425 0.0703125 0.13194444444444445
2 0.4921875 0.3819444444444444 0.04375 0.08611111111111111
2 0.5625 0.37222222222222223 0.03984375 0.0763888888888889
2 0.69375 0.3625 0.0390625 0.0625
2 0.81328125 0.35833333333333334 0.03671875 0.059722222222222225
2 0.4140625 0.4 0.046875 0.10694444444444444
2 0.74765625 0.3597222222222222 0.03984375 0.0625
2 0.8734375 0.35833333333333334 0.03515625 0.05694444444444444
2 0.4453125 0.3888888888888889 0.0359375 0.09444444444444444
2 0.94609375 0.35833333333333334 0.03671875 0.058333333333333334