2 0.66875 0.35 0.053125 0.10416666666666667
2 0.96796875 0.3902777777777778 0.0640625 0.15138888888888888
2 0.8390625 0.37222222222222223 0.07265625 0.13333333333333333
2 0.56015625 0.34444444444444444 0.04453125 0.09722222222222222
2 0.4390625 0.3388888888888889 0.04375 0.09166666666666666
2 0.20703125 0.32916666666666666 0.0421875 0.08055555555555556
2 0.2765625 0.3333333333333333 0.04375 0.08472222222222223
2 0.340625 0.3347222222222222 0.04140625 0.08611111111111111
2 0.053125 0.2916666666666667 0.01640625 0.034722222222222224
2 0.1515625 0.325 0.03359375 0.075
2 0.75078125 0.35833333333333334 0.0625 0.11527777777777778
2 0.11328125 0.3138888888888889 0.040625 0.07777777777777778
2 0.09921875 0.30972222222222223 0.01875 0.07361111111111111