0 0.85 0.30416666666666664 0.090625 0.22361111111111112
0 0.7265625 0.2361111111111111 0.04765625 0.1527777777777778
0 0.6421875 0.19444444444444445 0.03671875 0.11388888888888889
0 0.59765625 0.17083333333333334 0.02265625 0.08888888888888889
0 0.57109375 0.15833333333333333 0.01953125 0.07361111111111111
0 0.54609375 0.14583333333333334 0.0140625 0.059722222222222225
0 0.52890625 0.14027777777777778 0.01328125 0.05
2 0.05 0.24166666666666667 0.065625 0.16805555555555557
2 0.1578125 0.19583333333333333 0.040625 0.11944444444444445
2 0.25546875 0.15555555555555556 0.0234375 0.0763888888888889
2 0.28125 0.14583333333333334 0.01953125 0.06111111111111111
2 0.2140625 0.17222222222222222 0.03125 0.09583333333333334
2 0.303125 0.1361111111111111 0.0140625 0.05555555555555555