2 0.11484375 0.3347222222222222 0.11875 0.3
0 0.921875 0.34444444444444444 0.109375 0.28055555555555556
0 0.79609375 0.24305555555555555 0.06796875 0.18333333333333332
0 0.74296875 0.2 0.046875 0.14444444444444443
0 0.71015625 0.17083333333333334 0.0328125 0.11805555555555555
0 0.67734375 0.15555555555555556 0.02578125 0.10277777777777777
0 0.6296875 0.1375 0.03046875 0.08611111111111111
2 0.2671875 0.21666666666666667 0.07109375 0.20694444444444443
2 0.31796875 0.19305555555555556 0.05390625 0.15416666666666667
2 0.37265625 0.1597222222222222 0.0375 0.12361111111111112
0 0.66640625 0.1486111111111111 0.0265625 0.09861111111111111
0 0.58203125 0.13194444444444445 0.02578125 0.08611111111111111
0 0.540625 0.125 0.03046875 0.08194444444444444