2 0.96171875 0.4236111111111111 0.0765625 0.1361111111111111
2 0.63515625 0.3527777777777778 0.03125 0.059722222222222225
2 0.8765625 0.3972222222222222 0.06015625 0.1111111111111111
2 0.81328125 0.3819444444444444 0.05 0.09166666666666666
2 0.696875 0.35833333333333334 0.03359375 0.06527777777777778
2 0.57578125 0.3472222222222222 0.0296875 0.05416666666666667
2 0.7390625 0.3638888888888889 0.0328125 0.07222222222222222
2 0.521875 0.3458333333333333 0.02734375 0.05277777777777778
2 0.7671875 0.36944444444444446 0.03359375 0.07777777777777778
2 0.4265625 0.34305555555555556 0.02109375 0.044444444444444446
2 0.478125 0.34305555555555556 0.0234375 0.04861111111111111
0 0.20703125 0.4777777777777778 0.10234375 0.18194444444444444
0 0.3046875 0.44027777777777777 0.07578125 0.14166666666666666
0 0.0140625 0.6430555555555556 0.02734375 0.05138888888888889
0 0.34921875 0.4083333333333333 0.03828125 0.11805555555555555