1 0.91171875 0.25972222222222224 0.06953125 0.1763888888888889
1 0.83515625 0.2263888888888889 0.0578125 0.1388888888888889
1 0.16796875 0.2708333333333333 0.07109375 0.18611111111111112
1 0.7453125 0.18888888888888888 0.03515625 0.10416666666666667
1 0.26015625 0.22083333333333333 0.046875 0.13472222222222222
1 0.31484375 0.19166666666666668 0.03046875 0.10555555555555556
1 0.68828125 0.16666666666666666 0.025 0.08055555555555556
1 0.3578125 0.16944444444444445 0.02421875 0.08194444444444444
1 0.659375 0.15555555555555556 0.0203125 0.06805555555555555
1 0.384375 0.15833333333333333 0.01796875 0.06111111111111111
1 0.6375 0.14722222222222223 0.0140625 0.05555555555555555
1 0.40234375 0.1486111111111111 0.01328125 0.05138888888888889
1 0.62421875 0.14166666666666666 0.0125 0.04583333333333333
1 0.60859375 0.1361111111111111 0.0109375 0.04583333333333333