0 0.85859375 0.3763888888888889 0.11875 0.29444444444444445
0 0.7328125 0.28194444444444444 0.07421875 0.20694444444444443
0 0.675 0.2375 0.0546875 0.16111111111111112
0 0.61640625 0.2 0.04765625 0.13055555555555556
1 0.58125 0.17222222222222222 0.028125 0.09583333333333334
1 0.34765625 0.14305555555555555 0.01875 0.06944444444444445
1 0.5578125 0.15694444444444444 0.02109375 0.08055555555555556
1 0.53984375 0.14583333333333334 0.015625 0.07083333333333333
2 0.040625 0.3736111111111111 0.08125 0.30277777777777776
2 0.153125 0.2763888888888889 0.0765625 0.20833333333333334
2 0.21796875 0.23055555555555557 0.05625 0.1625
2 0.26484375 0.19583333333333333 0.04453125 0.12916666666666668
1 0.328125 0.15555555555555556 0.025 0.0875
1 0.29921875 0.1736111111111111 0.0296875 0.09861111111111111
1 0.6109375 0.18888888888888888 0.034375 0.11527777777777778