1 0.91640625 0.2611111111111111 0.0734375 0.16666666666666666
1 0.2109375 0.2569444444444444 0.05859375 0.1625
1 0.03515625 0.37222222222222223 0.0703125 0.2777777777777778
1 0.78359375 0.20972222222222223 0.03984375 0.11666666666666667
1 0.2953125 0.21388888888888888 0.04140625 0.11805555555555555
1 0.7203125 0.18055555555555555 0.0296875 0.09444444444444444
1 0.340625 0.18611111111111112 0.02734375 0.09583333333333334
1 0.3703125 0.17222222222222222 0.02265625 0.07222222222222222
1 0.6890625 0.16944444444444445 0.0234375 0.0763888888888889
1 0.65859375 0.1597222222222222 0.01640625 0.06111111111111111
1 0.3953125 0.1625 0.01640625 0.0625
1 0.640625 0.1527777777777778 0.01484375 0.05416666666666667
1 0.4140625 0.15138888888888888 0.01171875 0.05