2 0.971875 0.43194444444444446 0.05625 0.16944444444444445
2 0.85 0.3888888888888889 0.06484375 0.125
2 0.7578125 0.3527777777777778 0.0390625 0.08472222222222223
2 0.70703125 0.3375 0.0296875 0.06805555555555555
2 0.6734375 0.3277777777777778 0.0234375 0.05277777777777778
2 0.64921875 0.32083333333333336 0.01953125 0.04722222222222222
2 0.63203125 0.31805555555555554 0.0140625 0.030555555555555555
2 0.6 0.30972222222222223 0.01328125 0.020833333333333332
2 0.6203125 0.30972222222222223 0.0125 0.03333333333333333
2 0.85390625 0.35138888888888886 0.01875 0.04722222222222222
2 0.99296875 0.3763888888888889 0.0140625 0.058333333333333334
0 0.08203125 0.4625 0.10625 0.18194444444444444
0 0.22265625 0.4 0.06328125 0.12083333333333333
0 0.31484375 0.3611111111111111 0.03515625 0.08472222222222223
0 0.35703125 0.34444444444444444 0.0296875 0.06666666666666667
0 0.38359375 0.33611111111111114 0.021875 0.04722222222222222