2 0.51953125 0.39444444444444443 0.03984375 0.10277777777777777
2 0.834375 0.4847222222222222 0.08046875 0.2013888888888889
2 0.459375 0.3861111111111111 0.03515625 0.09305555555555556
2 0.65546875 0.425 0.05390625 0.13472222222222222
2 0.33828125 0.375 0.03046875 0.07916666666666666
2 0.409375 0.3819444444444444 0.03515625 0.0875
2 0.27109375 0.36944444444444446 0.03125 0.0763888888888889
2 0.30859375 0.37083333333333335 0.03359375 0.0763888888888889
2 0.725 0.4444444444444444 0.06484375 0.1597222222222222
2 0.371875 0.3763888888888889 0.0328125 0.08333333333333333
2 0.16484375 0.3625 0.0328125 0.0763888888888889
2 0.228125 0.3680555555555556 0.03046875 0.07361111111111111
2 0.1984375 0.3680555555555556 0.03203125 0.07222222222222222
2 0.5828125 0.4041666666666667 0.04453125 0.11666666666666667
2 0.1375 0.3638888888888889 0.02578125 0.06805555555555555