0 0.95859375 0.23472222222222222 0.0828125 0.22777777777777777
0 0.8109375 0.15694444444444444 0.05625 0.15555555555555556
0 0.73203125 0.11944444444444445 0.0328125 0.1111111111111111
0 0.68515625 0.1 0.02421875 0.08194444444444444
0 0.653125 0.08055555555555556 0.0171875 0.07083333333333333
0 0.63125 0.07222222222222222 0.015625 0.05694444444444444
2 0.16015625 0.16666666666666666 0.0625 0.16805555555555557
2 0.30859375 0.09722222222222222 0.03125 0.09722222222222222
2 0.35234375 0.07777777777777778 0.0234375 0.075
2 0.25 0.12638888888888888 0.04375 0.12361111111111112
2 0.3703125 0.06944444444444445 0.01953125 0.06527777777777778
2 0.38984375 0.0625 0.01640625 0.05694444444444444