0 0.1984375 0.5513888888888889 0.13359375 0.2638888888888889
0 0.34375 0.4222222222222222 0.0640625 0.13333333333333333
0 0.38828125 0.3819444444444444 0.03828125 0.09305555555555556
0 0.425 0.36527777777777776 0.0265625 0.058333333333333334
0 0.4296875 0.3486111111111111 0.021875 0.05
0 0.45 0.3402777777777778 0.015625 0.04583333333333333
2 0.8953125 0.375 0.05 0.09305555555555556
2 0.7953125 0.35555555555555557 0.03359375 0.06944444444444445
2 0.73671875 0.3416666666666667 0.02421875 0.05694444444444444
2 0.7109375 0.3402777777777778 0.02109375 0.041666666666666664
2 0.65390625 0.32083333333333336 0.01484375 0.04722222222222222
2 0.68984375 0.3263888888888889 0.01875 0.05555555555555555
2 0.6296875 0.3194444444444444 0.0140625 0.034722222222222224
2 0.67109375 0.325 0.0171875 0.04861111111111111
2 0.64296875 0.3194444444444444 0.0125 0.04027777777777778