0 0.246875 0.49722222222222223 0.10546875 0.20416666666666666
0 0.3375 0.42083333333333334 0.06015625 0.12638888888888888
0 0.39296875 0.3763888888888889 0.034375 0.08333333333333333
0 0.41953125 0.3611111111111111 0.021875 0.06388888888888888
2 0.97890625 0.4166666666666667 0.040625 0.10972222222222222
2 0.84609375 0.37222222222222223 0.04453125 0.08472222222222223
2 0.76875 0.35555555555555557 0.03125 0.06666666666666667
2 0.68828125 0.3375 0.01953125 0.04722222222222222
2 0.615625 0.31805555555555554 0.01328125 0.03194444444444444
2 0.64609375 0.325 0.0125 0.041666666666666664
2 0.66328125 0.3277777777777778 0.015625 0.05138888888888889
2 0.721875 0.3458333333333333 0.0234375 0.05416666666666667
2 0.6296875 0.3236111111111111 0.0125 0.034722222222222224