0 0.79296875 0.5069444444444444 0.11484375 0.21944444444444444
0 0.69453125 0.4236111111111111 0.065625 0.1361111111111111
0 0.6359375 0.3763888888888889 0.0375 0.09027777777777778
0 0.6078125 0.3611111111111111 0.0234375 0.06805555555555555
2 0.146875 0.37222222222222223 0.04765625 0.09027777777777778
2 0.2296875 0.3541666666666667 0.03359375 0.07222222222222222
2 0.3171875 0.3347222222222222 0.02109375 0.05138888888888889
2 0.0125 0.42083333333333334 0.025 0.11666666666666667
2 0.3953125 0.3138888888888889 0.01484375 0.03611111111111111
2 0.28046875 0.34444444444444444 0.02578125 0.058333333333333334
2 0.34375 0.3236111111111111 0.01640625 0.05555555555555555
2 0.3625 0.32222222222222224 0.01328125 0.044444444444444446
2 0.3796875 0.3194444444444444 0.0140625 0.0375