0 0.71484375 0.44305555555555554 0.078125 0.15555555555555556
0 0.8859375 0.5833333333333334 0.165625 0.2972222222222222
0 0.64375 0.3875 0.0453125 0.10277777777777777
0 0.6125 0.3611111111111111 0.02890625 0.0763888888888889
0 0.5890625 0.3472222222222222 0.02109375 0.05694444444444444
2 0.17421875 0.3527777777777778 0.03359375 0.075
2 0.0875 0.37222222222222223 0.0546875 0.09722222222222222
2 0.23828125 0.3402777777777778 0.02890625 0.06388888888888888
2 0.284375 0.33055555555555555 0.0234375 0.05277777777777778
2 0.36015625 0.31805555555555554 0.01484375 0.03333333333333333
2 0.3421875 0.32222222222222224 0.01796875 0.03611111111111111
2 0.31953125 0.325 0.01875 0.044444444444444446
2 0.375 0.3138888888888889 0.01328125 0.027777777777777776