0 0.83359375 0.46944444444444444 0.07421875 0.1625
2 0.13671875 0.4527777777777778 0.05234375 0.16666666666666666
2 0.25703125 0.4 0.04296875 0.10833333333333334
2 0.378125 0.3486111111111111 0.0171875 0.04861111111111111
2 0.3296875 0.37222222222222223 0.02578125 0.06944444444444445
2 0.35546875 0.3597222222222222 0.01953125 0.05694444444444444
2 0.40859375 0.3388888888888889 0.01015625 0.030555555555555555
2 0.39609375 0.3416666666666667 0.0140625 0.04027777777777778
2 0.41875 0.3347222222222222 0.0109375 0.029166666666666667
0 0.71875 0.41388888888888886 0.0515625 0.13194444444444445
0 0.65625 0.37916666666666665 0.03203125 0.09722222222222222
0 0.62265625 0.3611111111111111 0.021875 0.07222222222222222
0 0.596875 0.3541666666666667 0.0125 0.05694444444444444