0 0.165625 0.3611111111111111 0.11015625 0.27361111111111114
0 0.28203125 0.27361111111111114 0.06875 0.19166666666666668
0 0.3359375 0.23194444444444445 0.05078125 0.1486111111111111
0 0.38984375 0.19722222222222222 0.04453125 0.12083333333333333
1 0.42265625 0.17083333333333334 0.02578125 0.08888888888888889
1 0.6390625 0.14444444444444443 0.0171875 0.06388888888888888
1 0.44453125 0.15833333333333333 0.01953125 0.075
1 0.4609375 0.14722222222222223 0.01484375 0.06527777777777778
2 0.9421875 0.35833333333333334 0.11171875 0.28055555555555556
2 0.81953125 0.26805555555555555 0.07109375 0.19305555555555556
2 0.759375 0.225 0.05234375 0.15
2 0.715625 0.19444444444444445 0.04140625 0.11944444444444445
1 0.65703125 0.15555555555555556 0.02265625 0.08055555555555556
1 0.684375 0.17222222222222222 0.02734375 0.09027777777777778
1 0.3953125 0.1875 0.03203125 0.10694444444444444