2 0.7796875 0.44583333333333336 0.07265625 0.1736111111111111
2 0.6015625 0.4013888888888889 0.0484375 0.12361111111111112
2 0.68046875 0.4166666666666667 0.05703125 0.14166666666666666
2 0.86796875 0.48194444444444445 0.0609375 0.2152777777777778
2 0.39921875 0.37222222222222223 0.0328125 0.08888888888888889
2 0.47578125 0.38333333333333336 0.0390625 0.09861111111111111
2 0.3296875 0.36527777777777776 0.03203125 0.08333333333333333
2 0.43515625 0.3763888888888889 0.03515625 0.09305555555555556
2 0.14375 0.3597222222222222 0.03125 0.07222222222222222
2 0.19375 0.3597222222222222 0.03046875 0.07222222222222222
2 0.28671875 0.3638888888888889 0.03046875 0.07916666666666666
2 0.25546875 0.3625 0.03125 0.075
2 0.22265625 0.3597222222222222 0.03203125 0.07361111111111111
2 0.36953125 0.3680555555555556 0.0359375 0.08472222222222223
2 0.53125 0.3888888888888889 0.040625 0.10833333333333334