1 0.84453125 0.2916666666666667 0.08671875 0.22083333333333333
1 0.2109375 0.3013888888888889 0.08359375 0.22361111111111112
1 0.3125 0.225 0.04921875 0.15
1 0.72109375 0.2152777777777778 0.04765625 0.14583333333333334
1 0.35625 0.18888888888888888 0.0390625 0.11388888888888889
1 0.67109375 0.18472222222222223 0.0359375 0.1111111111111111
1 0.53125 0.14027777777777778 0.0203125 0.07083333333333333
1 0.6375 0.15833333333333333 0.02578125 0.0875
1 0.39453125 0.1597222222222222 0.025 0.08888888888888889
1 0.615625 0.14444444444444443 0.02265625 0.0763888888888889
1 0.42578125 0.1388888888888889 0.01640625 0.06805555555555555
1 0.41171875 0.14722222222222223 0.01640625 0.07361111111111111
1 0.46171875 0.1388888888888889 0.0234375 0.07083333333333333