2 0.5796875 0.3819444444444444 0.04921875 0.09166666666666666
2 0.9171875 0.4152777777777778 0.08828125 0.1375
2 0.4375 0.36666666666666664 0.03515625 0.07361111111111111
2 0.35390625 0.35694444444444445 0.03359375 0.0625
2 0.29765625 0.35 0.02734375 0.05555555555555555
2 0.24375 0.34444444444444444 0.02421875 0.04722222222222222
2 0.20390625 0.3402777777777778 0.021875 0.043055555555555555
2 0.14375 0.3347222222222222 0.015625 0.034722222222222224
2 0.1640625 0.3375 0.0171875 0.0375
2 0.121875 0.33194444444444443 0.015625 0.03333333333333333
2 0.103125 0.33055555555555555 0.0140625 0.029166666666666667
2 0.0859375 0.32916666666666666 0.01328125 0.029166666666666667
2 0.0546875 0.3263888888888889 0.01328125 0.025
2 0.059375 0.3263888888888889 0.0140625 0.02638888888888889
2 0.075 0.32916666666666666 0.01171875 0.02361111111111111