0 0.2328125 0.5430555555555555 0.1171875 0.225
0 0.33515625 0.4583333333333333 0.06953125 0.14027777777777778
0 0.3953125 0.4097222222222222 0.0390625 0.09305555555555556
0 0.42421875 0.39305555555555555 0.02578125 0.07083333333333333
2 0.8125 0.38472222222222224 0.034375 0.075
2 0.7609375 0.375 0.025 0.059722222222222225
2 0.721875 0.36527777777777776 0.021875 0.05277777777777778
2 0.8984375 0.4041666666666667 0.04921875 0.09305555555555556
2 0.6953125 0.35555555555555557 0.01796875 0.05555555555555555
2 0.675 0.3527777777777778 0.015625 0.04861111111111111
2 0.64296875 0.34444444444444444 0.01640625 0.0375
2 0.65859375 0.35138888888888886 0.01484375 0.03888888888888889