2 0.36328125 0.4444444444444444 0.0796875 0.14583333333333334
2 0.2640625 0.4875 0.1046875 0.19583333333333333
2 0.08125 0.6013888888888889 0.1625 0.3138888888888889
2 0.42265625 0.41388888888888886 0.05078125 0.11944444444444445
2 0.45703125 0.4 0.03984375 0.10416666666666667
2 0.72265625 0.3680555555555556 0.04140625 0.07222222222222222
2 0.7796875 0.3638888888888889 0.03984375 0.06944444444444445
2 0.65625 0.37083333333333335 0.0421875 0.0763888888888889
2 0.5828125 0.37916666666666665 0.0421875 0.08333333333333333
2 0.85 0.3638888888888889 0.03671875 0.06666666666666667
2 0.5078125 0.3902777777777778 0.0484375 0.09583333333333334
2 0.9140625 0.3638888888888889 0.03671875 0.06527777777777778
2 0.9875 0.3625 0.02421875 0.06666666666666667