2 0.2578125 0.45416666666666666 0.06953125 0.1625
2 0.3453125 0.4027777777777778 0.05 0.1125
2 0.3875 0.3736111111111111 0.03515625 0.08194444444444444
2 0.4140625 0.35694444444444445 0.02421875 0.06111111111111111
2 0.43046875 0.35 0.01875 0.04722222222222222
2 0.44140625 0.3458333333333333 0.015625 0.034722222222222224
0 0.840625 0.37777777777777777 0.03984375 0.08194444444444444
0 0.96328125 0.4083333333333333 0.0640625 0.1125
0 0.771875 0.3611111111111111 0.02890625 0.06527777777777778
0 0.721875 0.3527777777777778 0.0234375 0.05277777777777778
0 0.69375 0.3402777777777778 0.015625 0.05416666666666667
0 0.64765625 0.33055555555555555 0.0109375 0.04027777777777778
0 0.6671875 0.3402777777777778 0.01484375 0.0375
2 0.0515625 0.6111111111111112 0.103125 0.4111111111111111