2 0.8265625 0.4 0.0609375 0.11805555555555555
2 0.74765625 0.36944444444444446 0.03515625 0.08333333333333333
2 0.69375 0.35555555555555557 0.03125 0.0625
2 0.65703125 0.3416666666666667 0.02421875 0.05138888888888889
2 0.63046875 0.3347222222222222 0.01875 0.043055555555555555
2 0.6140625 0.33194444444444443 0.015625 0.034722222222222224
2 0.6015625 0.3277777777777778 0.0140625 0.027777777777777776
2 0.57109375 0.31666666666666665 0.0140625 0.025
2 0.58671875 0.32222222222222224 0.0125 0.02361111111111111
0 0.24765625 0.38055555555555554 0.04375 0.0875
0 0.14375 0.41944444444444445 0.0703125 0.125
0 0.31015625 0.35833333333333334 0.034375 0.06666666666666667
0 0.34453125 0.3472222222222222 0.02109375 0.05138888888888889
0 0.3703125 0.3402777777777778 0.01640625 0.043055555555555555
0 0.40078125 0.3347222222222222 0.0125 0.029166666666666667
0 0.41328125 0.32916666666666666 0.009375 0.018055555555555554
0 0.3890625 0.3347222222222222 0.01328125 0.034722222222222224