0 0.859375 0.6 0.1609375 0.29305555555555557
0 0.70078125 0.5027777777777778 0.0984375 0.19305555555555556
0 0.6140625 0.45555555555555555 0.07734375 0.1486111111111111
0 0.48359375 0.4152777777777778 0.0515625 0.10972222222222222
0 0.44140625 0.4013888888888889 0.04296875 0.09444444444444444
0 0.5328125 0.4305555555555556 0.06328125 0.12083333333333333
0 0.9953125 0.35694444444444445 0.009375 0.04583333333333333
0 0.30546875 0.37222222222222223 0.02734375 0.06944444444444445
0 0.33671875 0.38055555555555554 0.03671875 0.07083333333333333
0 0.23515625 0.3597222222222222 0.02421875 0.05555555555555555
0 0.38515625 0.3958333333333333 0.04140625 0.075
0 0.94296875 0.3527777777777778 0.0140625 0.02638888888888889
0 0.26015625 0.3736111111111111 0.03046875 0.043055555555555555
0 0.96328125 0.35138888888888886 0.015625 0.03611111111111111
0 0.90625 0.34305555555555556 0.0125 0.02638888888888889
0 0.88828125 0.3416666666666667 0.0109375 0.020833333333333332
0 0.41875 0.3402777777777778 0.0125 0.025
0 0.265625 0.3527777777777778 0.02109375 0.044444444444444446
0 0.3859375 0.34444444444444444 0.01484375 0.03333333333333333
0 0.92578125 0.34444444444444444 0.0140625 0.03194444444444444
0 0.2921875 0.3541666666666667 0.015625 0.03611111111111111
2 0.0203125 0.3416666666666667 0.021875 0.04583333333333333
2 0.134375 0.3375 0.01640625 0.03888888888888889
2 0.20078125 0.3333333333333333 0.01484375 0.034722222222222224
2 0.28359375 0.32916666666666666 0.0125 0.029166666666666667
2 0.2484375 0.33055555555555555 0.01484375 0.030555555555555555
2 0.32109375 0.3277777777777778 0.01171875 0.02638888888888889
2 0.38203125 0.325 0.009375 0.02361111111111111
2 0.3515625 0.3263888888888889 0.01171875 0.025