0 0.21171875 0.2125 0.05546875 0.14722222222222223
0 0.29375 0.17083333333333334 0.03359375 0.10138888888888889
0 0.359375 0.14166666666666666 0.01953125 0.06666666666666667
0 0.33125 0.15138888888888888 0.02734375 0.08888888888888889
0 0.39765625 0.125 0.0140625 0.043055555555555555
0 0.38515625 0.12916666666666668 0.01484375 0.05694444444444444
0 0.41015625 0.11666666666666667 0.0109375 0.04583333333333333
0 0.4203125 0.1125 0.0109375 0.0375
2 0.91015625 0.24583333333333332 0.07578125 0.18888888888888888
2 0.69453125 0.15 0.0265625 0.08888888888888889
2 0.6640625 0.1375 0.0203125 0.07361111111111111
2 0.6109375 0.11527777777777778 0.0140625 0.05138888888888889
2 0.6 0.1111111111111111 0.0125 0.04583333333333333
2 0.753125 0.1736111111111111 0.03828125 0.11527777777777778
2 0.6390625 0.12777777777777777 0.0171875 0.0625
2 0.628125 0.12222222222222222 0.015625 0.05694444444444444
2 0.58984375 0.10833333333333334 0.0109375 0.043055555555555555