2 0.63125 0.3861111111111111 0.04921875 0.09444444444444444
2 0.83515625 0.40694444444444444 0.06796875 0.125
2 0.5328125 0.37777777777777777 0.04609375 0.09166666666666666
2 0.2046875 0.3625 0.03828125 0.07083333333333333
2 0.41796875 0.37222222222222223 0.03984375 0.08194444444444444
2 0.709375 0.39444444444444443 0.04609375 0.10555555555555556
2 0.35546875 0.3680555555555556 0.04140625 0.075
2 0.13515625 0.3611111111111111 0.0375 0.06944444444444445
2 0.27421875 0.36527777777777776 0.04140625 0.075
2 0.98125 0.46944444444444444 0.0359375 0.07777777777777778
2 0.06328125 0.3611111111111111 0.03828125 0.06805555555555555
2 0.0140625 0.3611111111111111 0.028125 0.06666666666666667