2 0.103125 0.325 0.109375 0.275
0 0.84453125 0.3347222222222222 0.10078125 0.25833333333333336
0 0.72890625 0.24166666666666667 0.0625 0.16805555555555557
0 0.6796875 0.20277777777777778 0.04296875 0.13194444444444445
0 0.65 0.175 0.03046875 0.10833333333333334
0 0.61953125 0.16111111111111112 0.0234375 0.09444444444444444
0 0.57578125 0.14444444444444443 0.028125 0.07916666666666666
2 0.24296875 0.21666666666666667 0.065625 0.19027777777777777
2 0.28984375 0.19444444444444445 0.04921875 0.14166666666666666
2 0.33984375 0.1638888888888889 0.034375 0.11388888888888889
0 0.609375 0.15555555555555556 0.02421875 0.09027777777777778
0 0.5328125 0.1388888888888889 0.0234375 0.07916666666666666
0 0.49453125 0.13333333333333333 0.02734375 0.075