0 0.08671875 0.2861111111111111 0.0890625 0.2125
0 0.22890625 0.2125 0.0515625 0.14305555555555555
0 0.30859375 0.17222222222222222 0.02734375 0.09305555555555556
0 0.34921875 0.15694444444444444 0.01953125 0.07222222222222222
0 0.375 0.14444444444444443 0.01484375 0.0625
0 0.39453125 0.13472222222222222 0.0125 0.05416666666666667
0 0.40625 0.13055555555555556 0.01171875 0.04861111111111111
2 0.8125 0.2125 0.05234375 0.14305555555555555
2 0.94921875 0.2763888888888889 0.08671875 0.20277777777777778
2 0.725 0.1763888888888889 0.034375 0.10138888888888889
2 0.67109375 0.15138888888888888 0.02265625 0.07916666666666666
2 0.628125 0.13472222222222222 0.01484375 0.059722222222222225
2 0.6453125 0.14166666666666666 0.01640625 0.06527777777777778
2 0.61328125 0.12777777777777777 0.01328125 0.05138888888888889
2 0.59765625 0.12222222222222222 0.01328125 0.044444444444444446