0 0.27265625 0.3875 0.03984375 0.10277777777777777
0 0.1703125 0.44305555555555554 0.06875 0.15833333333333333
0 0.33125 0.3597222222222222 0.025 0.0763888888888889
0 0.35703125 0.34444444444444444 0.01796875 0.06111111111111111
0 0.40078125 0.3333333333333333 0.01171875 0.030555555555555555
0 0.409375 0.33055555555555555 0.01015625 0.02638888888888889
0 0.38203125 0.3388888888888889 0.015625 0.044444444444444446
2 0.6921875 0.37916666666666665 0.0375 0.10555555555555556
2 0.7796875 0.42777777777777776 0.0625 0.15694444444444444
2 0.6328125 0.3541666666666667 0.02421875 0.075
2 0.6 0.3388888888888889 0.01796875 0.059722222222222225
2 0.58671875 0.33055555555555555 0.015625 0.05694444444444444
2 0.56796875 0.33055555555555555 0.01484375 0.041666666666666664
2 0.55390625 0.3236111111111111 0.0125 0.030555555555555555