1 0.1 0.2861111111111111 0.08671875 0.20833333333333334
1 0.23359375 0.2152777777777778 0.046875 0.14305555555555555
1 0.8 0.2152777777777778 0.0484375 0.13472222222222222
1 0.96953125 0.30694444444444446 0.05859375 0.19583333333333333
1 0.30234375 0.18333333333333332 0.0265625 0.10277777777777777
1 0.71875 0.1763888888888889 0.02890625 0.10138888888888889
1 0.68203125 0.16111111111111112 0.01953125 0.08472222222222223
1 0.3421875 0.1625 0.02109375 0.07916666666666666
1 0.63046875 0.1388888888888889 0.0140625 0.05694444444444444
1 0.39375 0.1361111111111111 0.0140625 0.05555555555555555
1 0.64921875 0.14444444444444443 0.01640625 0.07083333333333333
1 0.371875 0.14722222222222223 0.01796875 0.06805555555555555