0 0.84140625 0.2222222222222222 0.06484375 0.18611111111111112
0 0.7125 0.16111111111111112 0.034375 0.12361111111111112
0 0.6671875 0.1388888888888889 0.0265625 0.10138888888888889
0 0.628125 0.11805555555555555 0.0203125 0.08333333333333333
0 0.6015625 0.10833333333333334 0.01640625 0.06666666666666667
0 0.5828125 0.09583333333333334 0.0140625 0.059722222222222225
0 0.56796875 0.09027777777777778 0.0125 0.05
0 0.5578125 0.08472222222222223 0.0109375 0.044444444444444446
2 0.06015625 0.22361111111111112 0.0765625 0.18888888888888888
2 0.22890625 0.14583333333333334 0.034375 0.1111111111111111
2 0.2828125 0.12361111111111112 0.02578125 0.09027777777777778
2 0.31171875 0.1111111111111111 0.0203125 0.07361111111111111
2 0.33515625 0.1 0.01640625 0.06388888888888888
2 0.35625 0.08888888888888889 0.01640625 0.05694444444444444
2 0.1890625 0.1638888888888889 0.04296875 0.13333333333333333
2 0.36640625 0.08611111111111111 0.0140625 0.05138888888888889
2 0.37734375 0.08055555555555556 0.01171875 0.04583333333333333