0 0.2046875 0.5375 0.13203125 0.2569444444444444
0 0.68515625 0.34444444444444444 0.02109375 0.0375
0 0.3421875 0.4152777777777778 0.06328125 0.1375
0 0.7484375 0.3388888888888889 0.0203125 0.03194444444444444
0 0.62265625 0.34305555555555556 0.0203125 0.05277777777777778
0 0.5421875 0.325 0.0265625 0.10416666666666667
0 0.4796875 0.3541666666666667 0.02578125 0.05555555555555555
0 0.4359375 0.35833333333333334 0.02734375 0.06666666666666667
0 0.80546875 0.3333333333333333 0.01875 0.029166666666666667
0 0.40390625 0.36527777777777776 0.0234375 0.07777777777777778
0 0.39140625 0.37916666666666665 0.0390625 0.09722222222222222
2 0.90703125 0.3597222222222222 0.04765625 0.08194444444444444