2 0.11640625 0.38333333333333336 0.07734375 0.1388888888888889
2 0.221875 0.3458333333333333 0.0421875 0.09583333333333334
2 0.2875 0.32916666666666666 0.03515625 0.07222222222222222
2 0.33125 0.3138888888888889 0.02890625 0.059722222222222225
2 0.3609375 0.30416666666666664 0.02109375 0.04861111111111111
2 0.38046875 0.3 0.01796875 0.04027777777777778
2 0.434375 0.28055555555555556 0.01640625 0.03194444444444444
2 0.39453125 0.29305555555555557 0.015625 0.04027777777777778
2 0.41015625 0.28888888888888886 0.015625 0.03888888888888889
0 0.93515625 0.40555555555555556 0.0890625 0.14583333333333334
0 0.79375 0.35555555555555557 0.0515625 0.09722222222222222
0 0.71796875 0.33055555555555555 0.0359375 0.0763888888888889
0 0.6765625 0.31527777777777777 0.01953125 0.059722222222222225
0 0.64765625 0.30833333333333335 0.0171875 0.04861111111111111
0 0.62578125 0.3013888888888889 0.01328125 0.03888888888888889
0 0.61328125 0.3 0.01328125 0.034722222222222224