0 0.6765625 0.3486111111111111 0.0328125 0.09166666666666666
0 0.7515625 0.37916666666666665 0.046875 0.11944444444444445
0 0.62578125 0.325 0.0234375 0.06666666666666667
0 0.60625 0.31527777777777777 0.01640625 0.05555555555555555
0 0.5765625 0.30416666666666664 0.0109375 0.034722222222222224
0 0.5890625 0.3111111111111111 0.0125 0.03333333333333333
2 0.31484375 0.34305555555555556 0.03359375 0.09027777777777778
2 0.2640625 0.3680555555555556 0.04453125 0.11805555555555555
2 0.39140625 0.3138888888888889 0.0171875 0.05138888888888889
2 0.4046875 0.30416666666666664 0.01328125 0.044444444444444446
2 0.37421875 0.3194444444444444 0.015625 0.06111111111111111
2 0.41640625 0.30277777777777776 0.0125 0.03194444444444444
2 0.36171875 0.3277777777777778 0.0234375 0.07361111111111111
2 0.42578125 0.2972222222222222 0.01015625 0.030555555555555555