0 0.75703125 0.22777777777777777 0.04921875 0.1361111111111111
0 0.9171875 0.3125 0.09453125 0.21805555555555556
0 0.69140625 0.19444444444444445 0.03046875 0.10277777777777777
0 0.65078125 0.1736111111111111 0.02109375 0.07777777777777778
0 0.6234375 0.16111111111111112 0.015625 0.0625
0 0.6078125 0.15416666666666667 0.01328125 0.05555555555555555
0 0.58359375 0.14027777777777778 0.0125 0.044444444444444446
0 0.5765625 0.1375 0.0109375 0.04027777777777778
0 0.590625 0.14305555555555555 0.01171875 0.04722222222222222
2 0.03984375 0.29305555555555557 0.07890625 0.20416666666666666
2 0.18984375 0.22361111111111112 0.05 0.1375
2 0.275 0.18888888888888888 0.034375 0.10277777777777777
2 0.32265625 0.16944444444444445 0.025 0.08333333333333333
2 0.3484375 0.15833333333333333 0.02109375 0.06944444444444445
2 0.3890625 0.14583333333333334 0.01484375 0.05
2 0.4078125 0.1361111111111111 0.0140625 0.044444444444444446
2 0.3703125 0.15138888888888888 0.0171875 0.059722222222222225
2 0.415625 0.13333333333333333 0.009375 0.03611111111111111