1 0.12109375 0.24444444444444444 0.06640625 0.2
1 0.83046875 0.1986111111111111 0.0578125 0.15
1 0.90859375 0.23333333333333334 0.071875 0.18888888888888888
1 0.22734375 0.19305555555555556 0.04296875 0.14722222222222223
1 0.73984375 0.16111111111111112 0.03125 0.1111111111111111
1 0.28984375 0.1638888888888889 0.03046875 0.1125
1 0.3390625 0.14027777777777778 0.02109375 0.08472222222222223
1 0.6828125 0.1361111111111111 0.02265625 0.0875
1 0.3671875 0.125 0.0171875 0.06666666666666667
1 0.62109375 0.1111111111111111 0.0125 0.04583333333333333
1 0.634375 0.1125 0.01328125 0.05694444444444444
1 0.6546875 0.12222222222222222 0.0171875 0.07222222222222222
1 0.3875 0.1125 0.01328125 0.05694444444444444
1 0.4015625 0.10694444444444444 0.0125 0.05