2 0.9515625 0.48055555555555557 0.096875 0.19583333333333333
2 0.72578125 0.4152777777777778 0.065625 0.12916666666666668
2 0.82578125 0.44027777777777777 0.0859375 0.15416666666666667
2 0.59140625 0.38333333333333336 0.04296875 0.09166666666666666
2 0.65703125 0.39861111111111114 0.0546875 0.10833333333333334
2 0.5328125 0.37083333333333335 0.03828125 0.07777777777777778
2 0.325 0.3458333333333333 0.0203125 0.05
2 0.38046875 0.3486111111111111 0.025 0.05416666666666667
2 0.496875 0.3625 0.03046875 0.06666666666666667
2 0.45625 0.35694444444444445 0.03046875 0.06111111111111111
2 0.4171875 0.3527777777777778 0.02734375 0.058333333333333334
2 0.2921875 0.34305555555555556 0.0171875 0.044444444444444446
0 0.053125 0.45 0.08046875 0.1486111111111111
0 0.009375 0.5847222222222223 0.01796875 0.03194444444444444
0 0.06484375 0.3819444444444444 0.0296875 0.06666666666666667
0 0.08984375 0.4125 0.053125 0.12638888888888888