2 0.728125 0.5125 0.11484375 0.23472222222222222
2 0.465625 0.4027777777777778 0.06171875 0.12222222222222222
2 0.33125 0.3819444444444444 0.0515625 0.1
2 0.52734375 0.42083333333333334 0.06953125 0.1375
2 0.59453125 0.45416666666666666 0.07265625 0.1736111111111111
2 0.21328125 0.36944444444444446 0.04375 0.08611111111111111
2 0.390625 0.39305555555555555 0.04765625 0.10972222222222222
2 0.15546875 0.36527777777777776 0.0453125 0.08055555555555556
2 0.05625 0.3597222222222222 0.04140625 0.07222222222222222
2 0.25390625 0.3736111111111111 0.04296875 0.08888888888888889
2 0.10078125 0.3611111111111111 0.04296875 0.07777777777777778
2 0.0078125 0.36944444444444446 0.015625 0.04722222222222222
2 0.9421875 0.6486111111111111 0.11484375 0.37222222222222223