0 0.1484375 0.25972222222222224 0.07109375 0.17916666666666667
0 0.24140625 0.2125 0.04609375 0.13472222222222222
0 0.30859375 0.18194444444444444 0.03125 0.09861111111111111
0 0.346875 0.1625 0.02109375 0.07916666666666666
0 0.371875 0.15138888888888888 0.01796875 0.0625
0 0.39375 0.14027777777777778 0.0140625 0.05555555555555555
0 0.409375 0.13472222222222222 0.01171875 0.043055555555555555
2 0.90703125 0.25972222222222224 0.07734375 0.19027777777777777
2 0.790625 0.20833333333333334 0.0484375 0.13472222222222222
2 0.72265625 0.1763888888888889 0.03359375 0.1
2 0.6828125 0.16111111111111112 0.02578125 0.08194444444444444
2 0.615625 0.13055555555555556 0.01328125 0.05138888888888889
2 0.63359375 0.1388888888888889 0.01640625 0.059722222222222225
2 0.653125 0.14722222222222223 0.01953125 0.06944444444444445
2 0.5953125 0.12222222222222222 0.01328125 0.041666666666666664