0 0.89609375 0.2986111111111111 0.01640625 0.034722222222222224
0 0.934375 0.2986111111111111 0.01875 0.043055555555555555
0 0.84296875 0.29583333333333334 0.01015625 0.020833333333333332
0 0.82265625 0.29305555555555557 0.01171875 0.020833333333333332
0 0.990625 0.3111111111111111 0.01875 0.03333333333333333
2 0.33984375 0.3625 0.0578125 0.11388888888888889
2 0.94609375 0.3388888888888889 0.053125 0.08055555555555556
2 0.2328125 0.375 0.06796875 0.125
2 0.07421875 0.39305555555555555 0.08359375 0.15138888888888888
2 0.47265625 0.3527777777777778 0.05703125 0.10138888888888889
2 0.73984375 0.3458333333333333 0.0484375 0.0875
2 0.6140625 0.35 0.05078125 0.09583333333333334
2 0.79375 0.35694444444444445 0.0484375 0.059722222222222225
2 0.8703125 0.35555555555555557 0.04609375 0.05694444444444444
2 0.82578125 0.3194444444444444 0.02578125 0.05
2 0.728125 0.30277777777777776 0.01640625 0.03194444444444444
2 0.77265625 0.30694444444444446 0.02109375 0.04722222222222222
2 0.88046875 0.3277777777777778 0.028125 0.06111111111111111
2 0.85546875 0.3236111111111111 0.0265625 0.05555555555555555
2 0.6796875 0.29444444444444445 0.0140625 0.02638888888888889
2 0.7046875 0.2972222222222222 0.015625 0.030555555555555555
2 0.79609375 0.3125 0.021875 0.04722222222222222