1 0.1390625 0.25833333333333336 0.06328125 0.19027777777777777
1 0.815625 0.21388888888888888 0.05546875 0.14305555555555555
1 0.88984375 0.24722222222222223 0.06796875 0.17916666666666667
1 0.240625 0.20972222222222223 0.04140625 0.14027777777777778
1 0.72890625 0.17916666666666667 0.0296875 0.10694444444444444
1 0.30078125 0.18194444444444444 0.02890625 0.10694444444444444
1 0.346875 0.15833333333333333 0.01953125 0.08055555555555556
1 0.675 0.15416666666666667 0.021875 0.08333333333333333
1 0.37421875 0.14444444444444443 0.01640625 0.0625
1 0.615625 0.13055555555555556 0.01171875 0.043055555555555555
1 0.628125 0.13194444444444445 0.01328125 0.05416666666666667
1 0.6484375 0.14166666666666666 0.01640625 0.06805555555555555
1 0.39375 0.13333333333333333 0.01328125 0.05416666666666667
1 0.40703125 0.12638888888888888 0.01171875 0.04722222222222222