1 0.92109375 0.24722222222222223 0.0703125 0.16666666666666666
1 0.17265625 0.2611111111111111 0.07421875 0.18472222222222223
1 0.03828125 0.35833333333333334 0.0765625 0.2833333333333333
1 0.821875 0.20972222222222223 0.04765625 0.12777777777777777
1 0.621875 0.18055555555555555 0.03125 0.09722222222222222
1 0.56171875 0.18055555555555555 0.03046875 0.10138888888888889
1 0.31953125 0.18194444444444444 0.0296875 0.10138888888888889
1 0.74921875 0.17777777777777778 0.03515625 0.10138888888888889
1 0.2734375 0.20416666666666666 0.04140625 0.12916666666666668
1 0.50078125 0.17916666666666667 0.0328125 0.10416666666666667
1 0.4359375 0.18194444444444444 0.0328125 0.10138888888888889
1 0.684375 0.17916666666666667 0.03203125 0.10138888888888889
1 0.37734375 0.18472222222222223 0.03203125 0.09583333333333334