0 0.22421875 0.4861111111111111 0.11953125 0.22083333333333333
0 0.32890625 0.3861111111111111 0.05703125 0.125
0 0.39375 0.35555555555555557 0.04375 0.09305555555555556
0 0.43046875 0.3333333333333333 0.0265625 0.06388888888888888
0 0.0296875 0.2986111111111111 0.01171875 0.020833333333333332
0 0.0734375 0.2972222222222222 0.01171875 0.019444444444444445
2 0.9859375 0.3736111111111111 0.02734375 0.125
2 0.89921875 0.3472222222222222 0.0515625 0.09583333333333334
2 0.83359375 0.3333333333333333 0.0375 0.08055555555555556
2 0.78125 0.32222222222222224 0.0328125 0.06805555555555555
2 0.71328125 0.3125 0.02109375 0.0375
2 0.68828125 0.30277777777777776 0.01953125 0.0375
2 0.74453125 0.31527777777777777 0.02578125 0.059722222222222225
2 0.6703125 0.2986111111111111 0.01640625 0.03333333333333333
2 0.62109375 0.2875 0.01328125 0.025
2 0.6546875 0.2972222222222222 0.015625 0.025
2 0.63984375 0.29305555555555557 0.015625 0.02361111111111111