2 0.9109375 0.5347222222222222 0.13671875 0.2513888888888889
2 0.73203125 0.42916666666666664 0.06953125 0.1388888888888889
2 0.63125 0.36944444444444446 0.03125 0.07361111111111111
2 0.6625 0.39305555555555555 0.0421875 0.08472222222222223
2 0.59140625 0.35138888888888886 0.01875 0.04027777777777778
2 0.7328125 0.3347222222222222 0.01953125 0.0375
2 0.665625 0.3375 0.01796875 0.034722222222222224
2 0.77109375 0.3277777777777778 0.0140625 0.04027777777777778
2 0.796875 0.3277777777777778 0.015625 0.03611111111111111
2 0.6046875 0.35694444444444445 0.02421875 0.05694444444444444
0 0.2171875 0.37777777777777777 0.0421875 0.06805555555555555
0 0.10625 0.4027777777777778 0.06171875 0.10972222222222222
0 0.25 0.36527777777777776 0.034375 0.06666666666666667
0 0.29921875 0.35555555555555557 0.02578125 0.04861111111111111
0 0.3546875 0.33611111111111114 0.01015625 0.043055555555555555
0 0.38515625 0.3333333333333333 0.01328125 0.044444444444444446
0 0.325 0.34444444444444444 0.01640625 0.04583333333333333
0 0.33984375 0.3388888888888889 0.0171875 0.04583333333333333
0 0.2375 0.3277777777777778 0.01171875 0.025
0 0.26484375 0.3236111111111111 0.0125 0.029166666666666667