2 0.21875 0.38055555555555554 0.06015625 0.10833333333333334
2 0.3 0.36666666666666664 0.0515625 0.09305555555555556
2 0.0921875 0.4097222222222222 0.08046875 0.1388888888888889
2 0.53671875 0.3472222222222222 0.034375 0.06666666666666667
2 0.37734375 0.35694444444444445 0.04140625 0.07916666666666666
2 0.4484375 0.3527777777777778 0.03828125 0.07361111111111111
2 0.75 0.3388888888888889 0.03203125 0.058333333333333334
2 0.62109375 0.3416666666666667 0.034375 0.06111111111111111
2 0.6859375 0.3402777777777778 0.0296875 0.059722222222222225
2 0.80390625 0.33611111111111114 0.0296875 0.05555555555555555
0 0.990625 0.6097222222222223 0.01796875 0.06111111111111111
0 0.98828125 0.375 0.0234375 0.09166666666666666
0 0.92890625 0.4652777777777778 0.0953125 0.1638888888888889
0 0.94453125 0.38055555555555554 0.04140625 0.09722222222222222
0 0.88828125 0.42083333333333334 0.06953125 0.15833333333333333