2 0.84296875 0.4861111111111111 0.06328125 0.20972222222222223
2 0.62734375 0.4263888888888889 0.05078125 0.14027777777777778
2 0.72265625 0.4513888888888889 0.0625 0.16805555555555557
2 0.490625 0.3972222222222222 0.04140625 0.10833333333333334
2 0.53515625 0.40694444444444444 0.03671875 0.11666666666666667
2 0.24609375 0.36944444444444446 0.03359375 0.07916666666666666
2 0.296875 0.37222222222222223 0.0328125 0.08055555555555556
2 0.346875 0.3763888888888889 0.03359375 0.08472222222222223
2 0.18984375 0.3680555555555556 0.03203125 0.0763888888888889
2 0.384375 0.38055555555555554 0.03515625 0.09027777777777778
2 0.140625 0.36944444444444446 0.03203125 0.07361111111111111
2 0.43359375 0.3888888888888889 0.0375 0.09722222222222222