1 0.78046875 0.25972222222222224 0.06015625 0.1875
2 0.07109375 0.4166666666666667 0.13828125 0.3375
1 0.246875 0.2708333333333333 0.07421875 0.19027777777777777
1 0.9484375 0.38333333333333336 0.09921875 0.30972222222222223
1 0.5359375 0.1638888888888889 0.02734375 0.0875
1 0.69375 0.2 0.03984375 0.12083333333333333
1 0.4453125 0.1638888888888889 0.02421875 0.08472222222222223
1 0.3734375 0.17916666666666667 0.0328125 0.09861111111111111
1 0.34140625 0.2013888888888889 0.040625 0.12361111111111112
1 0.396875 0.1638888888888889 0.02265625 0.08472222222222223
1 0.6421875 0.1638888888888889 0.0203125 0.08194444444444444
1 0.6546875 0.17222222222222222 0.03203125 0.09861111111111111