0 0.2453125 0.49027777777777776 0.10625 0.2
0 0.33984375 0.4 0.0515625 0.1125
0 0.39765625 0.37222222222222223 0.0390625 0.08611111111111111
0 0.43203125 0.35138888888888886 0.0234375 0.059722222222222225
0 0.06875 0.32083333333333336 0.01015625 0.018055555555555554
0 0.01953125 0.3263888888888889 0.0109375 0.018055555555555554
0 0.10859375 0.3194444444444444 0.00859375 0.016666666666666666
2 0.9515625 0.3902777777777778 0.06171875 0.1125
2 0.8546875 0.36527777777777776 0.04609375 0.0875
2 0.79609375 0.3541666666666667 0.034375 0.07222222222222222
2 0.74921875 0.34305555555555556 0.02890625 0.058333333333333334
2 0.7140625 0.3375 0.02265625 0.05138888888888889
2 0.6484375 0.32083333333333336 0.01484375 0.03194444444444444
2 0.68671875 0.33055555555555555 0.01796875 0.03888888888888889
2 0.665625 0.325 0.01640625 0.034722222222222224
2 0.60390625 0.30972222222222223 0.0125 0.025
2 0.634375 0.32083333333333336 0.01328125 0.022222222222222223
2 0.62265625 0.31805555555555554 0.01171875 0.020833333333333332
2 0.6203125 0.31527777777777777 0.015625 0.02638888888888889