0 0.13125 0.5375 0.1546875 0.2777777777777778
0 0.3125 0.3972222222222222 0.0671875 0.1375
0 0.371875 0.35138888888888886 0.04453125 0.09444444444444444
0 0.40703125 0.32916666666666666 0.0296875 0.07361111111111111
0 0.425 0.3138888888888889 0.01796875 0.059722222222222225
2 0.92109375 0.3416666666666667 0.046875 0.09444444444444444
2 0.828125 0.32222222222222224 0.0375 0.0763888888888889
2 0.76328125 0.30972222222222223 0.03046875 0.06111111111111111
2 0.68984375 0.29583333333333334 0.01796875 0.044444444444444446
2 0.66796875 0.2916666666666667 0.01640625 0.03888888888888889
2 0.7171875 0.3 0.0203125 0.05
2 0.6515625 0.2875 0.0125 0.03194444444444444
2 0.63984375 0.2875 0.0125 0.03194444444444444