2 0.0265625 0.4375 0.053125 0.16666666666666666
2 0.14609375 0.39305555555555555 0.0640625 0.12222222222222222
2 0.23671875 0.35833333333333334 0.03828125 0.08194444444444444
2 0.28671875 0.34305555555555556 0.02890625 0.06666666666666667
2 0.31953125 0.3333333333333333 0.0234375 0.05277777777777778
2 0.34296875 0.3263888888888889 0.01875 0.04583333333333333
2 0.390625 0.31666666666666665 0.015625 0.022222222222222223
2 0.3609375 0.32222222222222224 0.01484375 0.0375
2 0.371875 0.31666666666666665 0.01171875 0.03333333333333333
2 0.1421875 0.35694444444444445 0.0171875 0.04722222222222222
2 0.01484375 0.42777777777777776 0.0296875 0.15
0 0.89921875 0.4652777777777778 0.10390625 0.17916666666666667
0 0.7609375 0.40555555555555556 0.06171875 0.11944444444444445
0 0.67109375 0.36666666666666664 0.034375 0.08194444444444444
0 0.6296875 0.35138888888888886 0.02890625 0.06527777777777778
0 0.60390625 0.3416666666666667 0.02109375 0.04722222222222222