0 0.0875 0.34444444444444444 0.12421875 0.2569444444444444
0 0.171875 0.2763888888888889 0.06015625 0.20972222222222223
0 0.0875 0.19166666666666668 0.0609375 0.14027777777777778
0 0.02265625 0.18055555555555555 0.04453125 0.1361111111111111
0 0.13046875 0.20555555555555555 0.034375 0.1625
2 0.88515625 0.2 0.06484375 0.16805555555555557
2 0.95234375 0.23194444444444445 0.08125 0.1986111111111111
2 0.80234375 0.18194444444444444 0.0578125 0.14444444444444443
2 0.6890625 0.1527777777777778 0.04375 0.11527777777777778
2 0.99140625 0.32222222222222224 0.0171875 0.15555555555555556
2 0.4265625 0.12916666666666668 0.03203125 0.08888888888888889
2 0.48828125 0.13194444444444445 0.0359375 0.09166666666666666
2 0.7484375 0.16944444444444445 0.04921875 0.13055555555555556
2 0.53125 0.13472222222222222 0.03671875 0.09444444444444444
2 0.57890625 0.14166666666666666 0.03828125 0.1
2 0.625 0.14722222222222223 0.03671875 0.10833333333333334