0 0.171875 0.2361111111111111 0.05703125 0.16527777777777777
0 0.2796875 0.18888888888888888 0.03203125 0.10833333333333334
0 0.3203125 0.17222222222222222 0.02109375 0.08472222222222223
0 0.35546875 0.15416666666666667 0.01796875 0.07222222222222222
0 0.3796875 0.14444444444444443 0.0140625 0.059722222222222225
0 0.39765625 0.1361111111111111 0.0125 0.05138888888888889
0 0.4109375 0.13055555555555556 0.01015625 0.04583333333333333
2 0.84375 0.24305555555555555 0.06171875 0.16527777777777777
2 0.71171875 0.17916666666666667 0.03203125 0.09861111111111111
2 0.6671875 0.15833333333333333 0.0234375 0.08055555555555556
2 0.74375 0.19444444444444445 0.0375 0.11527777777777778
2 0.6234375 0.1375 0.01484375 0.059722222222222225
2 0.60390625 0.13055555555555556 0.015625 0.04861111111111111
2 0.64375 0.1486111111111111 0.01953125 0.06527777777777778