0 0.1078125 0.2763888888888889 0.08203125 0.2013888888888889
0 0.2203125 0.22083333333333333 0.0484375 0.14444444444444443
0 0.28828125 0.18888888888888888 0.034375 0.1111111111111111
0 0.38515625 0.14444444444444443 0.0140625 0.05694444444444444
0 0.340625 0.16666666666666666 0.021875 0.07777777777777778
0 0.3640625 0.15416666666666667 0.01640625 0.06805555555555555
0 0.40078125 0.1361111111111111 0.01171875 0.05138888888888889
0 0.4125 0.13194444444444445 0.01171875 0.044444444444444446
2 0.81328125 0.21944444444444444 0.04921875 0.14166666666666666
2 0.68828125 0.1638888888888889 0.02421875 0.09027777777777778
2 0.63828125 0.14444444444444443 0.01796875 0.06805555555555555
2 0.60703125 0.13194444444444445 0.01328125 0.05
2 0.73984375 0.1875 0.03671875 0.11527777777777778
2 0.66875 0.15555555555555556 0.021875 0.08055555555555556
2 0.62265625 0.1375 0.015625 0.05694444444444444
2 0.58984375 0.125 0.01484375 0.043055555555555555
2 0.74140625 0.1527777777777778 0.0140625 0.04583333333333333