2 0.87109375 0.45 0.08828125 0.15555555555555556
2 0.73828125 0.42777777777777776 0.06796875 0.13055555555555556
2 0.54140625 0.4097222222222222 0.05234375 0.1111111111111111
2 0.4515625 0.4013888888888889 0.04765625 0.10138888888888889
2 0.2890625 0.39166666666666666 0.04921875 0.09166666666666666
2 0.2078125 0.3902777777777778 0.046875 0.08472222222222223
2 0.346875 0.39444444444444443 0.03828125 0.09444444444444444
2 0.64140625 0.4152777777777778 0.059375 0.11944444444444445
2 0.00546875 0.3819444444444444 0.0109375 0.08055555555555556
2 0.07265625 0.38472222222222224 0.0453125 0.08333333333333333
2 0.13515625 0.3861111111111111 0.0484375 0.08472222222222223