2 0.20390625 0.4527777777777778 0.07734375 0.16944444444444445
2 0.4640625 0.39305555555555555 0.040625 0.10138888888888889
2 0.56015625 0.37222222222222223 0.02890625 0.08055555555555556
2 0.61328125 0.35833333333333334 0.02421875 0.06666666666666667
2 0.6484375 0.35 0.02109375 0.058333333333333334
2 0.68046875 0.34305555555555556 0.01796875 0.05
2 0.703125 0.3375 0.015625 0.044444444444444446
2 0.72734375 0.3333333333333333 0.01328125 0.03888888888888889
2 0.73828125 0.33055555555555555 0.01171875 0.03611111111111111
2 0.80390625 0.3194444444444444 0.01484375 0.02361111111111111
2 0.75078125 0.33055555555555555 0.0109375 0.027777777777777776
2 0.77109375 0.325 0.0109375 0.02638888888888889
2 0.76015625 0.3263888888888889 0.01015625 0.027777777777777776