0 0.04765625 0.3 0.0953125 0.3055555555555556
0 0.06015625 0.2513888888888889 0.07578125 0.23194444444444445
2 0.9359375 0.2013888888888889 0.07890625 0.2013888888888889
2 0.696875 0.14166666666666666 0.0515625 0.13194444444444445
2 0.98828125 0.24444444444444444 0.02265625 0.24305555555555555
2 0.83359375 0.1763888888888889 0.06953125 0.16805555555555557
2 0.5703125 0.125 0.04296875 0.11666666666666667
2 0.46796875 0.11388888888888889 0.0390625 0.10555555555555556
2 0.51640625 0.11805555555555555 0.03984375 0.10694444444444444
2 0.7671875 0.15833333333333333 0.0578125 0.15138888888888888
2 0.6265625 0.13333333333333333 0.046875 0.125