1 0.89375 0.2611111111111111 0.07109375 0.1625
1 0.05 0.3611111111111111 0.09921875 0.2652777777777778
1 0.221875 0.2611111111111111 0.06953125 0.16944444444444445
1 0.80703125 0.22361111111111112 0.04765625 0.125
1 0.2953125 0.22361111111111112 0.04140625 0.11527777777777778
1 0.72265625 0.19166666666666668 0.0296875 0.0875
1 0.334375 0.19583333333333333 0.02734375 0.09305555555555556
1 0.4953125 0.15694444444444444 0.01484375 0.059722222222222225
1 0.5671875 0.15555555555555556 0.01484375 0.05694444444444444
1 0.53046875 0.15555555555555556 0.01328125 0.05694444444444444
1 0.603125 0.15555555555555556 0.0140625 0.05416666666666667
1 0.37734375 0.1638888888888889 0.01484375 0.06527777777777778
1 0.4234375 0.15555555555555556 0.01171875 0.05555555555555555
1 0.6890625 0.17777777777777778 0.021875 0.075
1 0.4578125 0.15833333333333333 0.01328125 0.05138888888888889
1 0.39140625 0.15694444444444444 0.01328125 0.05416666666666667
1 0.66484375 0.16805555555555557 0.01796875 0.06527777777777778
1 0.63984375 0.1597222222222222 0.01328125 0.05416666666666667
1 0.35390625 0.17777777777777778 0.01953125 0.07916666666666666