0 0.334375 0.5444444444444444 0.11953125 0.24583333333333332
0 0.44453125 0.44722222222222224 0.0640625 0.1486111111111111
0 0.028125 0.7777777777777778 0.05625 0.2722222222222222
0 0.4921875 0.4041666666666667 0.0421875 0.10694444444444444
0 0.5203125 0.38333333333333336 0.03203125 0.08472222222222223
0 0.17578125 0.3277777777777778 0.01328125 0.027777777777777776
0 0.13125 0.33611111111111114 0.01171875 0.018055555555555554
0 0.06484375 0.3402777777777778 0.015625 0.02361111111111111
0 0.21875 0.3277777777777778 0.01171875 0.016666666666666666
0 0.55625 0.35138888888888886 0.01640625 0.05555555555555555
0 0.57578125 0.3416666666666667 0.01484375 0.04027777777777778
0 0.5453125 0.36527777777777776 0.02421875 0.06805555555555555
2 0.87890625 0.35138888888888886 0.03046875 0.06111111111111111
2 0.02734375 0.3263888888888889 0.015625 0.030555555555555555
2 0.1921875 0.31666666666666665 0.01015625 0.020833333333333332
2 0.07578125 0.32222222222222224 0.01171875 0.027777777777777776
2 0.165625 0.31527777777777777 0.01015625 0.018055555555555554
2 0.21875 0.32083333333333336 0.0125 0.03194444444444444
2 0.12421875 0.31805555555555554 0.01015625 0.018055555555555554
2 0.953125 0.3611111111111111 0.065625 0.0875