2 0.428125 0.4097222222222222 0.075 0.1486111111111111
2 0.25390625 0.49583333333333335 0.1046875 0.2375
2 0.35 0.4361111111111111 0.08828125 0.1763888888888889
2 0.0578125 0.6222222222222222 0.11484375 0.375
2 0.5171875 0.39166666666666666 0.0546875 0.13055555555555556
2 0.7671875 0.3527777777777778 0.0484375 0.0875
2 0.7078125 0.3597222222222222 0.0484375 0.09583333333333334
2 0.58359375 0.37777777777777777 0.05859375 0.11388888888888889
2 0.665625 0.36527777777777776 0.0484375 0.1
2 0.86640625 0.34444444444444444 0.0421875 0.07916666666666666
2 0.9265625 0.3402777777777778 0.04453125 0.075
2 0.821875 0.3472222222222222 0.04453125 0.08194444444444444
2 0.984375 0.3402777777777778 0.03125 0.07361111111111111