2 0.9171875 0.5041666666666667 0.14609375 0.2638888888888889
2 0.76484375 0.41805555555555557 0.09296875 0.17916666666666667
2 0.67890625 0.38055555555555554 0.0734375 0.14166666666666666
2 0.47109375 0.3263888888888889 0.04140625 0.08333333333333333
2 0.5453125 0.33611111111111114 0.046875 0.09444444444444444
2 0.4 0.3194444444444444 0.04296875 0.075
2 0.62578125 0.35555555555555557 0.0484375 0.11666666666666667
2 0.278125 0.3125 0.0390625 0.06805555555555555
2 0.59296875 0.34444444444444444 0.0375 0.10277777777777777
2 0.334375 0.31527777777777777 0.03828125 0.06944444444444445
2 0.14453125 0.3111111111111111 0.0359375 0.06527777777777778
2 0.06796875 0.30972222222222223 0.03515625 0.06527777777777778
2 0.20703125 0.3111111111111111 0.0359375 0.06666666666666667
2 0.00546875 0.3236111111111111 0.0109375 0.04027777777777778