0 0.9484375 0.33055555555555555 0.10234375 0.25416666666666665
0 0.7671875 0.2375 0.0546875 0.1638888888888889
0 0.68046875 0.19444444444444445 0.0359375 0.125
0 0.63203125 0.175 0.02421875 0.09444444444444444
0 0.59375 0.15555555555555556 0.0203125 0.0763888888888889
0 0.56640625 0.14305555555555555 0.01640625 0.06527777777777778
0 0.54921875 0.13333333333333333 0.01328125 0.058333333333333334
0 0.534375 0.12777777777777777 0.01328125 0.05138888888888889
2 0.08828125 0.23333333333333334 0.0609375 0.1638888888888889
2 0.175 0.19305555555555556 0.0421875 0.125
2 0.26484375 0.15138888888888888 0.02265625 0.08333333333333333
2 0.23203125 0.17083333333333334 0.028125 0.09583333333333334
2 0.3125 0.13194444444444445 0.01484375 0.058333333333333334
2 0.29296875 0.14166666666666666 0.01875 0.07083333333333333