0 0.2625 0.5791666666666667 0.153125 0.2875
0 0.37890625 0.5111111111111111 0.11015625 0.21666666666666667
0 0.46015625 0.4583333333333333 0.07734375 0.16527777777777777
0 0.546875 0.425 0.0609375 0.13194444444444445
0 0.6078125 0.39861111111111114 0.053125 0.10833333333333334
0 0.640625 0.3861111111111111 0.0390625 0.09583333333333334
0 0.6875 0.37083333333333335 0.040625 0.08055555555555556
0 0.5625 0.3402777777777778 0.015625 0.043055555555555555
0 0.6609375 0.3541666666666667 0.01953125 0.04861111111111111
0 0.7109375 0.3597222222222222 0.025 0.06944444444444445
0 0.6296875 0.3458333333333333 0.0171875 0.05416666666666667
2 0.7890625 0.32916666666666666 0.01640625 0.044444444444444446
2 0.92265625 0.33611111111111114 0.021875 0.05277777777777778
2 0.57890625 0.31805555555555554 0.0125 0.030555555555555555
2 0.61953125 0.3194444444444444 0.01171875 0.03194444444444444
2 0.546875 0.31666666666666665 0.0109375 0.029166666666666667
2 0.7140625 0.325 0.01171875 0.03888888888888889
2 0.65859375 0.32083333333333336 0.01171875 0.03194444444444444