0 0.7921875 0.18472222222222223 0.053125 0.16805555555555557
0 0.71328125 0.14722222222222223 0.0421875 0.13055555555555556
0 0.653125 0.12222222222222222 0.0234375 0.09583333333333334
0 0.6140625 0.1 0.0203125 0.08333333333333333
0 0.58828125 0.09027777777777778 0.01640625 0.06527777777777778
0 0.56875 0.08055555555555556 0.01328125 0.05694444444444444
2 0.14765625 0.15694444444444444 0.05390625 0.14583333333333334
2 0.2296875 0.12361111111111112 0.0328125 0.10833333333333334
2 0.08125 0.19027777777777777 0.06484375 0.18055555555555555
2 0.26796875 0.10555555555555556 0.02578125 0.0875
2 0.325 0.07916666666666666 0.0171875 0.06111111111111111
2 0.29921875 0.09027777777777778 0.01875 0.07361111111111111