2 0.7640625 0.5652777777777778 0.15625 0.2875
2 0.3828125 0.4236111111111111 0.06953125 0.1361111111111111
2 0.27265625 0.3861111111111111 0.0453125 0.1
2 0.22109375 0.36527777777777776 0.03984375 0.08055555555555556
2 0.15703125 0.3472222222222222 0.0265625 0.05
2 0.1859375 0.3541666666666667 0.0296875 0.06666666666666667
2 0.134375 0.3375 0.02265625 0.04722222222222222
2 0.11171875 0.33194444444444443 0.02265625 0.041666666666666664
2 0.09375 0.3277777777777778 0.0171875 0.03333333333333333
2 0.0609375 0.31805555555555554 0.0234375 0.027777777777777776
2 0.08515625 0.3236111111111111 0.015625 0.029166666666666667