0 0.71328125 0.5041666666666667 0.11328125 0.2111111111111111
0 0.6140625 0.4152777777777778 0.05234375 0.12361111111111112
0 0.56015625 0.39305555555555555 0.03359375 0.05416666666666667
0 0.9546875 0.3263888888888889 0.0171875 0.030555555555555555
0 0.525 0.35694444444444445 0.0171875 0.03333333333333333
0 0.546875 0.36944444444444446 0.01796875 0.0375
0 0.14765625 0.275 0.02109375 0.027777777777777776
0 0.9984375 0.3347222222222222 0.003125 0.02361111111111111
2 0.1890625 0.35 0.0296875 0.06805555555555555
2 0.25390625 0.3375 0.0203125 0.05138888888888889
2 0.27734375 0.33194444444444443 0.0171875 0.04722222222222222
2 0.29765625 0.33055555555555555 0.015625 0.03888888888888889
2 0.103125 0.37222222222222223 0.04375 0.08333333333333333
2 0.9796875 0.31805555555555554 0.01640625 0.027777777777777776
2 0.31328125 0.32083333333333336 0.01640625 0.04722222222222222
2 0.22578125 0.3402777777777778 0.0265625 0.0625
2 0.32890625 0.31805555555555554 0.01484375 0.04027777777777778
2 0.3421875 0.31527777777777777 0.0140625 0.0375
2 0.35859375 0.31805555555555554 0.0140625 0.025
2 0.0984375 0.3472222222222222 0.0171875 0.0375
2 0.37421875 0.30833333333333335 0.01484375 0.029166666666666667