0 0.81484375 0.19444444444444445 0.059375 0.16527777777777777
0 0.98828125 0.3736111111111111 0.02265625 0.25833333333333336
0 0.6765625 0.125 0.0265625 0.09583333333333334
0 0.73046875 0.15 0.03671875 0.125
0 0.63828125 0.10694444444444444 0.01875 0.07222222222222222
2 0.03203125 0.2375 0.0640625 0.20833333333333334
2 0.1671875 0.17083333333333334 0.053125 0.14444444444444443
2 0.2875 0.11805555555555555 0.03046875 0.09583333333333334
1 0.35546875 0.09166666666666666 0.01953125 0.08611111111111111
2 0.32734375 0.10277777777777777 0.02421875 0.07361111111111111
2 0.24140625 0.14027777777777778 0.0375 0.11388888888888889
1 0.6140625 0.09027777777777778 0.02109375 0.08888888888888889