2 0.70078125 0.34444444444444444 0.028125 0.05416666666666667
2 0.946875 0.36944444444444446 0.0453125 0.08333333333333333
2 0.77265625 0.3486111111111111 0.03203125 0.06111111111111111
2 0.88828125 0.3611111111111111 0.040625 0.07222222222222222
2 0.584375 0.3375 0.021875 0.04861111111111111
2 0.8296875 0.3527777777777778 0.034375 0.06527777777777778
2 0.63515625 0.3402777777777778 0.02265625 0.04861111111111111
2 0.5359375 0.33611111111111114 0.02109375 0.04583333333333333
0 0.1421875 0.5152777777777777 0.12734375 0.225
0 0.33359375 0.44583333333333336 0.07734375 0.15
0 0.43828125 0.3958333333333333 0.0578125 0.13472222222222222
0 0.4578125 0.3638888888888889 0.02109375 0.06944444444444445
0 0.48515625 0.3875 0.03046875 0.09861111111111111