2 0.96875 0.30277777777777776 0.059375 0.2152777777777778
2 0.74453125 0.20416666666666666 0.04921875 0.12638888888888888
2 0.92421875 0.2638888888888889 0.0765625 0.18611111111111112
2 0.79921875 0.21666666666666667 0.05859375 0.1388888888888889
2 0.86171875 0.23472222222222222 0.0625 0.15833333333333333
2 0.62890625 0.18611111111111112 0.04140625 0.10694444444444444
2 0.47734375 0.1736111111111111 0.03515625 0.09444444444444444
2 0.55703125 0.17916666666666667 0.03671875 0.09861111111111111
2 0.27265625 0.1638888888888889 0.03515625 0.08194444444444444
2 0.67421875 0.19444444444444445 0.04375 0.11527777777777778
2 0.40234375 0.16944444444444445 0.03515625 0.09027777777777778
2 0.33515625 0.16944444444444445 0.03515625 0.08333333333333333
0 0.05390625 0.3888888888888889 0.10703125 0.30277777777777776
0 0.16640625 0.3347222222222222 0.09375 0.22083333333333333
0 0.109375 0.20972222222222223 0.05234375 0.12777777777777777
0 0.046875 0.20555555555555555 0.04609375 0.12361111111111112
0 0.15546875 0.20694444444444443 0.034375 0.1125
0 0.20234375 0.29583333333333334 0.065625 0.17222222222222222