2 0.934375 0.4652777777777778 0.090625 0.17916666666666667
2 0.81328125 0.4083333333333333 0.059375 0.12361111111111112
2 0.55625 0.37222222222222223 0.04296875 0.08194444444444444
2 0.86328125 0.4263888888888889 0.075 0.14305555555555555
2 0.3765625 0.35833333333333334 0.03515625 0.06527777777777778
2 0.68046875 0.3819444444444444 0.046875 0.09583333333333334
2 0.27421875 0.35 0.02890625 0.058333333333333334
2 0.20390625 0.34444444444444444 0.02890625 0.05138888888888889
2 0.74296875 0.3888888888888889 0.05390625 0.10416666666666667
2 0.15234375 0.3402777777777778 0.02421875 0.04722222222222222
2 0.0578125 0.3333333333333333 0.021875 0.04027777777777778
2 0.1 0.33611111111111114 0.02265625 0.044444444444444446
2 0.01484375 0.33055555555555555 0.01640625 0.0375
0 0.0375 0.5361111111111111 0.07421875 0.13194444444444445
0 0.03046875 0.4486111111111111 0.059375 0.09861111111111111
0 0.01796875 0.39444444444444443 0.0265625 0.04861111111111111