2 0.9125 0.2972222222222222 0.0796875 0.2375
2 0.7875 0.26944444444444443 0.0703125 0.175
2 0.69765625 0.2638888888888889 0.05546875 0.1125
2 0.6671875 0.2125 0.04375 0.1388888888888889
2 0.64765625 0.19027777777777777 0.0390625 0.1361111111111111
0 0.23046875 0.18472222222222223 0.04375 0.1125
0 0.140625 0.2111111111111111 0.04765625 0.13055555555555556
0 0.04296875 0.26666666666666666 0.06640625 0.18472222222222223
0 0.29609375 0.1736111111111111 0.02890625 0.09583333333333334
0 0.334375 0.16666666666666666 0.02578125 0.09166666666666666
0 0.18359375 0.19583333333333333 0.03984375 0.11805555555555555
0 0.50234375 0.1486111111111111 0.02890625 0.0763888888888889
0 0.40546875 0.15555555555555556 0.03203125 0.08333333333333333
0 0.54609375 0.14583333333333334 0.0234375 0.07361111111111111
0 0.2640625 0.17777777777777778 0.03359375 0.10138888888888889
0 0.45234375 0.15138888888888888 0.028125 0.07916666666666666
0 0.590625 0.14166666666666666 0.02421875 0.07361111111111111
0 0.103125 0.2263888888888889 0.0421875 0.14027777777777778
0 0.0796875 0.24305555555555555 0.0515625 0.16111111111111112
0 0.371875 0.16111111111111112 0.03203125 0.0875