2 0.228125 0.4652777777777778 0.08125 0.16805555555555557
2 0.33359375 0.4013888888888889 0.04453125 0.10138888888888889
2 0.37734375 0.37222222222222223 0.03125 0.075
2 0.39296875 0.3625 0.01796875 0.05694444444444444
2 0.42734375 0.3458333333333333 0.01875 0.041666666666666664
2 0.40703125 0.35694444444444445 0.01875 0.05
2 0.4140625 0.35 0.0203125 0.044444444444444446
0 0.89296875 0.40694444444444444 0.059375 0.10555555555555556
0 0.78671875 0.3763888888888889 0.03828125 0.07361111111111111
0 0.72109375 0.3638888888888889 0.02890625 0.058333333333333334
0 0.66796875 0.35138888888888886 0.021875 0.04583333333333333
0 0.64453125 0.3472222222222222 0.0171875 0.0375
0 0.62265625 0.34305555555555556 0.01328125 0.030555555555555555
0 0.60625 0.33611111111111114 0.01015625 0.03333333333333333
0 0.59609375 0.33055555555555555 0.0140625 0.0375