0 0.1390625 0.2763888888888889 0.0796875 0.19305555555555556
0 0.284375 0.20833333333333334 0.04296875 0.12361111111111112
0 0.33359375 0.18472222222222223 0.03125 0.10138888888888889
0 0.3765625 0.16805555555555557 0.02109375 0.0763888888888889
0 0.40234375 0.15694444444444444 0.015625 0.059722222222222225
0 0.43671875 0.14166666666666666 0.01328125 0.044444444444444446
0 0.41953125 0.1486111111111111 0.01640625 0.05277777777777778
0 0.4578125 0.13333333333333333 0.01015625 0.034722222222222224
0 0.46953125 0.12638888888888888 0.01171875 0.03194444444444444
0 0.44921875 0.13472222222222222 0.01015625 0.03888888888888889
2 0.93515625 0.2638888888888889 0.07734375 0.19027777777777777
2 0.815625 0.20972222222222223 0.046875 0.13472222222222222
2 0.7546875 0.18333333333333332 0.0328125 0.10416666666666667
2 0.7125 0.16527777777777777 0.0234375 0.07916666666666666
2 0.68515625 0.15416666666666667 0.02109375 0.0625
2 0.63359375 0.13194444444444445 0.0125 0.04583333333333333
2 0.6625 0.14444444444444443 0.01640625 0.059722222222222225
2 0.6484375 0.1361111111111111 0.01484375 0.05138888888888889
2 0.621875 0.12777777777777777 0.01171875 0.0375