1 0.1484375 0.2375 0.0671875 0.16666666666666666
1 0.82734375 0.24305555555555555 0.065625 0.17222222222222222
1 0.253125 0.18888888888888888 0.03984375 0.11388888888888889
1 0.73046875 0.1986111111111111 0.03828125 0.10833333333333334
1 0.30078125 0.16944444444444445 0.0328125 0.09027777777777778
1 0.67890625 0.16944444444444445 0.025 0.08333333333333333
1 0.3453125 0.15138888888888888 0.01953125 0.07361111111111111
1 0.6484375 0.15555555555555556 0.01953125 0.06944444444444445
1 0.37109375 0.1388888888888889 0.01484375 0.06111111111111111
1 0.5984375 0.12916666666666668 0.01171875 0.044444444444444446
1 0.3859375 0.13194444444444445 0.0125 0.05277777777777778
1 0.40078125 0.12777777777777777 0.01171875 0.044444444444444446
1 0.62734375 0.14444444444444443 0.0140625 0.058333333333333334
1 0.61171875 0.13472222222222222 0.0125 0.05416666666666667
1 0.58671875 0.12222222222222222 0.0109375 0.041666666666666664