2 0.03125 0.12777777777777777 0.028125 0.07222222222222222
2 0.23828125 0.11805555555555555 0.01953125 0.059722222222222225
2 0.11640625 0.12222222222222222 0.0234375 0.06666666666666667
2 0.065625 0.125 0.03203125 0.06944444444444445
2 0.20078125 0.11944444444444445 0.021875 0.0625
2 0.159375 0.12083333333333333 0.02265625 0.06527777777777778
0 0.6328125 0.30416666666666664 0.0921875 0.23333333333333334
0 0.51640625 0.2569444444444444 0.07265625 0.18888888888888888
0 0.8234375 0.3861111111111111 0.13203125 0.31527777777777777
0 0.346875 0.19166666666666668 0.04375 0.12083333333333333
0 0.434375 0.2361111111111111 0.06328125 0.15
0 0.3890625 0.20972222222222223 0.05078125 0.13055555555555556
0 0.2640625 0.16666666666666666 0.02890625 0.10277777777777777
0 0.2890625 0.175 0.04375 0.11388888888888889