0 0.91328125 0.2638888888888889 0.08828125 0.2125
0 0.778125 0.19305555555555556 0.046875 0.14444444444444443
0 0.71015625 0.1625 0.0359375 0.10972222222222222
0 0.65859375 0.14027777777777778 0.025 0.08055555555555556
0 0.6265625 0.12222222222222222 0.01875 0.06944444444444445
0 0.60546875 0.1125 0.01484375 0.05694444444444444
0 0.58984375 0.10694444444444444 0.01328125 0.05
2 0.0421875 0.2513888888888889 0.084375 0.20833333333333334
2 0.1796875 0.19027777777777777 0.0546875 0.14583333333333334
2 0.25859375 0.15555555555555556 0.03515625 0.10694444444444444
2 0.3015625 0.13333333333333333 0.02734375 0.08888888888888889
2 0.33671875 0.11805555555555555 0.01953125 0.07083333333333333
2 0.359375 0.1125 0.01796875 0.05694444444444444