0 0.1171875 0.22361111111111112 0.065625 0.1763888888888889
0 0.2234375 0.17222222222222222 0.04453125 0.12638888888888888
0 0.27890625 0.14444444444444443 0.02578125 0.1
0 0.3125 0.13055555555555556 0.0234375 0.0763888888888889
0 0.34375 0.11527777777777778 0.0171875 0.06527777777777778
0 0.36328125 0.10694444444444444 0.01328125 0.05416666666666667
0 0.378125 0.10277777777777777 0.01171875 0.043055555555555555
2 0.85625 0.21805555555555556 0.0703125 0.18472222222222223
2 0.6921875 0.14166666666666666 0.03359375 0.1
2 0.65234375 0.125 0.02421875 0.08333333333333333
2 0.6265625 0.1125 0.01953125 0.07083333333333333
2 0.74765625 0.16805555555555557 0.04375 0.12916666666666668
2 0.6046875 0.10416666666666667 0.0171875 0.059722222222222225
2 0.58828125 0.09861111111111111 0.0140625 0.04861111111111111
2 0.56171875 0.08611111111111111 0.0109375 0.03888888888888889