2 0.96328125 0.45555555555555555 0.0703125 0.175
2 0.7765625 0.3861111111111111 0.05234375 0.10277777777777777
2 0.69453125 0.35833333333333334 0.03359375 0.07361111111111111
2 0.64765625 0.3458333333333333 0.02421875 0.059722222222222225
2 0.63046875 0.3375 0.01875 0.04861111111111111
2 0.6078125 0.33611111111111114 0.015625 0.03194444444444444
2 0.58984375 0.3277777777777778 0.0171875 0.027777777777777776
2 0.57265625 0.32222222222222224 0.0125 0.02638888888888889
0 0.0890625 0.46111111111111114 0.0953125 0.16527777777777777
0 0.271875 0.3888888888888889 0.040625 0.09444444444444444
0 0.309375 0.3680555555555556 0.034375 0.0763888888888889
0 0.34921875 0.35 0.0234375 0.058333333333333334
0 0.37109375 0.3416666666666667 0.01640625 0.04583333333333333
0 0.39140625 0.33611111111111114 0.0140625 0.03611111111111111
0 0.41484375 0.3236111111111111 0.01171875 0.0375
0 0.4 0.33194444444444443 0.0125 0.030555555555555555