0 0.18828125 0.22361111111111112 0.05078125 0.1527777777777778
0 0.0375 0.30833333333333335 0.07421875 0.23472222222222222
0 0.2609375 0.19166666666666668 0.03203125 0.1125
0 0.3171875 0.1638888888888889 0.02109375 0.08472222222222223
0 0.34296875 0.15 0.0171875 0.06805555555555555
0 0.37109375 0.14027777777777778 0.01484375 0.0625
0 0.40546875 0.12361111111111112 0.0109375 0.04027777777777778
0 0.3953125 0.12638888888888888 0.01015625 0.041666666666666664
0 0.4171875 0.11666666666666667 0.009375 0.03333333333333333
0 0.384375 0.13055555555555556 0.0125 0.05138888888888889
2 0.96171875 0.29444444444444445 0.07578125 0.2263888888888889
2 0.73359375 0.18472222222222223 0.03984375 0.11666666666666667
2 0.81953125 0.22361111111111112 0.0578125 0.15555555555555556
2 0.6328125 0.14305555555555555 0.01796875 0.06666666666666667
2 0.67734375 0.16111111111111112 0.02578125 0.08888888888888889
2 0.65234375 0.1527777777777778 0.021875 0.075
2 0.61796875 0.1361111111111111 0.0171875 0.058333333333333334
2 0.6046875 0.12916666666666668 0.01328125 0.05138888888888889
2 0.59375 0.125 0.0140625 0.04861111111111111
2 0.5765625 0.11666666666666667 0.01171875 0.043055555555555555
2 0.58359375 0.12083333333333333 0.0109375 0.044444444444444446