2 0.16015625 0.3972222222222222 0.06953125 0.12777777777777777
2 0.27578125 0.3611111111111111 0.03984375 0.08611111111111111
2 0.3296875 0.3486111111111111 0.03125 0.06527777777777778
2 0.36640625 0.33611111111111114 0.02421875 0.05694444444444444
2 0.38984375 0.3263888888888889 0.0203125 0.04861111111111111
2 0.40625 0.32222222222222224 0.015625 0.044444444444444446
0 0.8953125 0.4083333333333333 0.06875 0.12638888888888888
0 0.79140625 0.3736111111111111 0.04375 0.08888888888888889
0 0.7296875 0.35555555555555557 0.03515625 0.07083333333333333
0 0.69921875 0.3402777777777778 0.021875 0.0625
0 0.66953125 0.3333333333333333 0.0171875 0.044444444444444446
0 0.6484375 0.3333333333333333 0.0125 0.025
0 0.615625 0.31666666666666665 0.0125 0.025
0 0.60625 0.31527777777777777 0.01328125 0.020833333333333332
0 0.63203125 0.32222222222222224 0.01875 0.03888888888888889
0 0.63203125 0.32916666666666666 0.0140625 0.025
0 0.61015625 0.3111111111111111 0.0203125 0.034722222222222224