1 0.18359375 0.275 0.071875 0.18472222222222223
1 0.9078125 0.2625 0.0640625 0.16805555555555557
1 0.79453125 0.2152777777777778 0.0453125 0.12222222222222222
1 0.28828125 0.21666666666666667 0.04453125 0.12361111111111112
1 0.3421875 0.1875 0.02890625 0.09305555555555556
1 0.72578125 0.18472222222222223 0.02890625 0.09444444444444444
1 0.375 0.17083333333333334 0.02109375 0.07222222222222222
1 0.6890625 0.17083333333333334 0.0203125 0.07361111111111111
1 0.39609375 0.16111111111111112 0.01484375 0.06111111111111111
1 0.63359375 0.15 0.01171875 0.04722222222222222
1 0.65703125 0.15833333333333333 0.015625 0.059722222222222225
1 0.62109375 0.14583333333333334 0.0109375 0.04583333333333333
1 0.421875 0.14583333333333334 0.0109375 0.04583333333333333
1 0.4109375 0.15138888888888888 0.01171875 0.05