1 0.0671875 0.30972222222222223 0.09375 0.23333333333333334
1 0.221875 0.2263888888888889 0.0453125 0.14305555555555555
1 0.28828125 0.19305555555555556 0.03203125 0.11527777777777778
1 0.80859375 0.21666666666666667 0.0484375 0.14027777777777778
1 0.33125 0.175 0.02265625 0.0875
1 0.7 0.17083333333333334 0.0234375 0.08888888888888889
1 0.7625 0.19722222222222222 0.03984375 0.1125
1 0.365625 0.15555555555555556 0.0171875 0.07222222222222222
1 0.6578125 0.15138888888888888 0.01640625 0.07083333333333333
1 0.98359375 0.37777777777777777 0.03046875 0.08611111111111111
1 0.38828125 0.14444444444444443 0.015625 0.058333333333333334
1 0.63515625 0.14305555555555555 0.01328125 0.06111111111111111
1 0.4046875 0.13472222222222222 0.01171875 0.05277777777777778
1 0.61953125 0.13472222222222222 0.0125 0.05