2 0.0828125 0.55 0.13203125 0.2708333333333333
2 0.19140625 0.48194444444444445 0.1046875 0.19583333333333333
2 0.290625 0.42916666666666664 0.0734375 0.14722222222222223
2 0.35625 0.4013888888888889 0.0609375 0.11944444444444445
2 0.5328125 0.35833333333333334 0.03671875 0.07222222222222222
2 0.46796875 0.36666666666666664 0.03984375 0.08333333333333333
2 0.4 0.3819444444444444 0.040625 0.09861111111111111
2 0.4265625 0.3736111111111111 0.03359375 0.09027777777777778
2 0.596875 0.3527777777777778 0.03828125 0.06805555555555555
2 0.765625 0.3458333333333333 0.03125 0.058333333333333334
2 0.6546875 0.3486111111111111 0.0328125 0.06111111111111111
2 0.70546875 0.3472222222222222 0.034375 0.0625
0 0.9859375 0.4388888888888889 0.028125 0.1361111111111111
0 0.9859375 0.3972222222222222 0.028125 0.1125