0 0.03359375 0.3277777777777778 0.0671875 0.25416666666666665
0 0.19765625 0.23472222222222222 0.06875 0.1638888888888889
0 0.140625 0.25555555555555554 0.0671875 0.18472222222222223
0 0.25703125 0.2125 0.05390625 0.1486111111111111
0 0.090625 0.2875 0.08671875 0.2152777777777778
0 0.39453125 0.18472222222222223 0.0421875 0.11527777777777778
0 0.35625 0.18888888888888888 0.040625 0.12222222222222222
0 0.31484375 0.19722222222222222 0.05 0.1375
0 0.43984375 0.1763888888888889 0.0390625 0.1111111111111111
2 0.84765625 0.23055555555555557 0.05625 0.19027777777777777
2 0.95625 0.2847222222222222 0.0875 0.3402777777777778
2 0.8953125 0.28055555555555556 0.05234375 0.18611111111111112