0 0.07578125 0.20694444444444443 0.08828125 0.1986111111111111
0 0.2078125 0.1486111111111111 0.05078125 0.14166666666666666
0 0.278125 0.11666666666666667 0.0328125 0.10277777777777777
0 0.32265625 0.09583333333333334 0.025 0.08333333333333333
0 0.34765625 0.08333333333333333 0.01796875 0.06944444444444445
0 0.371875 0.07083333333333333 0.01484375 0.059722222222222225
0 0.384375 0.06527777777777778 0.01328125 0.05138888888888889
0 0.4 0.06388888888888888 0.0109375 0.034722222222222224
2 0.959375 0.2222222222222222 0.08125 0.2222222222222222
2 0.77578125 0.1361111111111111 0.04921875 0.13472222222222222
2 0.7140625 0.10694444444444444 0.03203125 0.10555555555555556
2 0.675 0.09027777777777778 0.028125 0.0875
2 0.6453125 0.07777777777777778 0.02265625 0.07361111111111111
2 0.60625 0.06388888888888888 0.01484375 0.05416666666666667
2 0.62109375 0.06944444444444445 0.0171875 0.058333333333333334
2 0.596875 0.058333333333333334 0.0140625 0.04861111111111111
2 0.58671875 0.05416666666666667 0.01171875 0.04722222222222222
2 0.975 0.15416666666666667 0.02734375 0.08194444444444444