0 0.0671875 0.29305555555555557 0.08359375 0.21805555555555556
0 0.23515625 0.20972222222222223 0.04140625 0.13472222222222222
0 0.28828125 0.18333333333333332 0.03359375 0.10694444444444444
0 0.33515625 0.1625 0.01953125 0.08194444444444444
0 0.38515625 0.1388888888888889 0.0140625 0.05694444444444444
0 0.3640625 0.14722222222222223 0.01640625 0.06666666666666667
0 0.40078125 0.13333333333333333 0.01171875 0.04722222222222222
0 0.41171875 0.125 0.01015625 0.043055555555555555
2 0.96328125 0.29444444444444445 0.06953125 0.22361111111111112
2 0.80234375 0.21388888888888888 0.04921875 0.14305555555555555
2 0.690625 0.1638888888888889 0.0265625 0.09166666666666666
2 0.659375 0.15138888888888888 0.02109375 0.07222222222222222
2 0.6109375 0.12916666666666668 0.01484375 0.05138888888888889
2 0.63359375 0.14027777777777778 0.0171875 0.0625
2 0.75390625 0.19027777777777777 0.04140625 0.11805555555555555
2 0.58984375 0.11944444444444445 0.01015625 0.041666666666666664
2 0.5796875 0.11527777777777778 0.00859375 0.03888888888888889