2 0.9734375 0.4527777777777778 0.05 0.15555555555555556
2 0.82421875 0.39444444444444443 0.05390625 0.10833333333333334
2 0.7375 0.36666666666666664 0.03671875 0.07916666666666666
2 0.690625 0.3527777777777778 0.028125 0.05694444444444444
2 0.665625 0.34444444444444444 0.02265625 0.04861111111111111
2 0.6453125 0.3388888888888889 0.01953125 0.043055555555555555
2 0.58046875 0.3194444444444444 0.0125 0.030555555555555555
2 0.628125 0.33611111111111114 0.01640625 0.03333333333333333
2 0.596875 0.32222222222222224 0.0125 0.03194444444444444
2 0.615625 0.32916666666666666 0.01484375 0.034722222222222224
0 0.20859375 0.40555555555555556 0.0578125 0.10833333333333334
0 0.03515625 0.475 0.0703125 0.1736111111111111
0 0.2828125 0.37777777777777777 0.03984375 0.08055555555555556
0 0.33671875 0.3597222222222222 0.028125 0.059722222222222225
0 0.3703125 0.35138888888888886 0.01875 0.043055555555555555
0 0.428125 0.3263888888888889 0.0203125 0.030555555555555555
0 0.38984375 0.3472222222222222 0.01484375 0.03333333333333333
0 0.40234375 0.33611111111111114 0.015625 0.04027777777777778