0 0.18125 0.24583333333333332 0.0609375 0.16944444444444445
0 0.33515625 0.1736111111111111 0.02265625 0.09861111111111111
0 0.271875 0.20277777777777778 0.0328125 0.125
0 0.365625 0.1527777777777778 0.01640625 0.075
0 0.3875 0.14444444444444443 0.0140625 0.058333333333333334
0 0.40546875 0.13472222222222222 0.01171875 0.04722222222222222
0 0.42109375 0.12777777777777777 0.0125 0.044444444444444446
2 0.8578125 0.2361111111111111 0.0640625 0.1625
2 0.7765625 0.2013888888888889 0.040625 0.12777777777777777
2 0.72421875 0.175 0.03125 0.10833333333333334
2 0.690625 0.1597222222222222 0.02578125 0.09166666666666666
2 0.64375 0.14027777777777778 0.01640625 0.06944444444444445
2 0.66328125 0.15 0.01796875 0.07222222222222222
2 0.6296875 0.13333333333333333 0.0140625 0.06388888888888888
2 0.615625 0.125 0.0125 0.05416666666666667
1 0.60234375 0.12222222222222222 0.00859375 0.0375