2 0.14140625 0.5347222222222222 0.1359375 0.24583333333333332
2 0.28359375 0.45416666666666666 0.08671875 0.16666666666666666
2 0.36328125 0.41944444444444445 0.06875 0.13194444444444445
2 0.5578125 0.3680555555555556 0.0390625 0.07777777777777778
2 0.03359375 0.7513888888888889 0.0640625 0.15138888888888888
2 0.48828125 0.37777777777777777 0.04375 0.0875
2 0.6234375 0.3625 0.040625 0.07083333333333333
2 0.41328125 0.3958333333333333 0.0453125 0.10833333333333334
2 0.7375 0.35555555555555557 0.0359375 0.06388888888888888
2 0.44375 0.3861111111111111 0.034375 0.09583333333333334
2 0.68515625 0.35833333333333334 0.03515625 0.06527777777777778
2 0.86171875 0.3541666666666667 0.03359375 0.059722222222222225
2 0.9328125 0.3541666666666667 0.0328125 0.06111111111111111
2 0.803125 0.3541666666666667 0.03359375 0.0625
2 0.99296875 0.36527777777777776 0.0140625 0.0375