2 0.2125 0.41944444444444445 0.09296875 0.1875
2 0.29765625 0.35555555555555557 0.05 0.11944444444444445
2 0.35 0.3263888888888889 0.0390625 0.09305555555555556
2 0.37890625 0.3055555555555556 0.03046875 0.07083333333333333
2 0.39921875 0.2916666666666667 0.0203125 0.05694444444444444
2 0.4125 0.28888888888888886 0.0203125 0.04583333333333333
0 0.8609375 0.33194444444444443 0.04921875 0.09166666666666666
0 0.77734375 0.30972222222222223 0.0328125 0.07083333333333333
0 0.9890625 0.3763888888888889 0.021875 0.10972222222222222
0 0.7234375 0.2972222222222222 0.021875 0.05694444444444444
0 0.684375 0.2916666666666667 0.0203125 0.04583333333333333
0 0.6609375 0.2847222222222222 0.015625 0.043055555555555555
0 0.63828125 0.28055555555555556 0.01328125 0.034722222222222224
0 0.61953125 0.28055555555555556 0.0109375 0.020833333333333332