0 0.82890625 0.16805555555555557 0.0515625 0.1638888888888889
0 0.75234375 0.13194444444444445 0.040625 0.12638888888888888
0 0.69375 0.10694444444444444 0.02265625 0.09305555555555556
0 0.65546875 0.08611111111111111 0.01953125 0.08055555555555556
0 0.63046875 0.0763888888888889 0.015625 0.0625
0 0.61171875 0.06666666666666667 0.01328125 0.05555555555555555
2 0.20234375 0.14166666666666666 0.05234375 0.14166666666666666
2 0.28203125 0.10972222222222222 0.03203125 0.10555555555555556
2 0.1390625 0.1736111111111111 0.06328125 0.175
2 0.3203125 0.09166666666666666 0.025 0.08472222222222223
2 0.375 0.06666666666666667 0.0171875 0.058333333333333334
2 0.35 0.0763888888888889 0.01875 0.07083333333333333