1 0.98046875 0.31805555555555554 0.0390625 0.2861111111111111
1 0.13203125 0.19583333333333333 0.065625 0.16111111111111112
1 0.8078125 0.19583333333333333 0.0578125 0.16666666666666666
2 0.23515625 0.15694444444444444 0.0421875 0.12083333333333333
1 0.690625 0.1361111111111111 0.03125 0.09722222222222222
1 0.28125 0.1361111111111111 0.0328125 0.1
1 0.73046875 0.15833333333333333 0.040625 0.12222222222222222
1 0.4296875 0.09166666666666666 0.01484375 0.05416666666666667
1 0.52890625 0.09027777777777778 0.0140625 0.05555555555555555
1 0.496875 0.09027777777777778 0.0125 0.05416666666666667
1 0.46328125 0.09166666666666666 0.01484375 0.05416666666666667
1 0.35703125 0.10694444444444444 0.0171875 0.06805555555555555
1 0.3328125 0.11388888888888889 0.02109375 0.08055555555555556
1 0.3765625 0.09861111111111111 0.01484375 0.059722222222222225
1 0.6359375 0.09722222222222222 0.01328125 0.05555555555555555
1 0.62578125 0.09166666666666666 0.01328125 0.05138888888888889
1 0.59609375 0.09027777777777778 0.0125 0.05277777777777778
1 0.653125 0.10833333333333334 0.0171875 0.06944444444444445
1 0.3953125 0.08888888888888889 0.01328125 0.05694444444444444
1 0.66484375 0.11805555555555555 0.0171875 0.07777777777777778