0 0.22578125 0.4361111111111111 0.14609375 0.35833333333333334
0 0.4109375 0.3263888888888889 0.090625 0.24444444444444444
0 0.51796875 0.2625 0.0625 0.1763888888888889
0 0.58125 0.2263888888888889 0.04375 0.14444444444444443
0 0.61953125 0.2013888888888889 0.0328125 0.12638888888888888
0 0.6609375 0.18055555555555555 0.03046875 0.10416666666666667
2 0.98515625 0.20833333333333334 0.0296875 0.1388888888888889
2 0.96640625 0.18611111111111112 0.03671875 0.1111111111111111
1 0.946875 0.17083333333333334 0.0265625 0.08194444444444444
1 0.68828125 0.1625 0.0203125 0.08333333333333333
1 0.70859375 0.1527777777777778 0.015625 0.06388888888888888