2 0.565625 0.19166666666666668 0.0625 0.16527777777777777
2 0.346875 0.21805555555555556 0.07578125 0.19305555555555556
2 0.6625 0.18611111111111112 0.0625 0.15833333333333333
2 0.4671875 0.1986111111111111 0.0609375 0.175
2 0.74453125 0.18194444444444444 0.06015625 0.14583333333333334
2 0.9140625 0.16527777777777777 0.053125 0.14583333333333334
2 0.12890625 0.275 0.10625 0.25555555555555554
2 0.2546875 0.23333333333333334 0.0828125 0.21388888888888888
2 0.01328125 0.33611111111111114 0.02578125 0.32222222222222224
2 0.8265625 0.17222222222222222 0.053125 0.14583333333333334
2 0.98203125 0.16527777777777777 0.0359375 0.13194444444444445