2 0.8390625 0.26805555555555555 0.07109375 0.1986111111111111
2 0.9578125 0.30694444444444446 0.08203125 0.24027777777777778
2 0.765625 0.2111111111111111 0.03828125 0.1486111111111111
2 0.7953125 0.23472222222222222 0.0546875 0.1638888888888889
0 0.0421875 0.3263888888888889 0.08359375 0.23472222222222222
0 0.10703125 0.2861111111111111 0.06875 0.2013888888888889
0 0.31640625 0.19444444444444445 0.04453125 0.11944444444444445
0 0.1515625 0.25972222222222224 0.05859375 0.17222222222222222
0 0.18203125 0.2375 0.046875 0.15138888888888888
0 0.3515625 0.18611111111111112 0.040625 0.10694444444444444
0 0.6453125 0.15416666666666667 0.0265625 0.07916666666666666
0 0.26484375 0.20555555555555555 0.05 0.12361111111111112
0 0.6953125 0.15 0.02734375 0.07916666666666666
0 0.42265625 0.175 0.03515625 0.09583333333333334
0 0.3828125 0.18055555555555555 0.03671875 0.10138888888888889
0 0.54609375 0.1597222222222222 0.02734375 0.08333333333333333
0 0.6 0.15694444444444444 0.03203125 0.08194444444444444
0 0.46328125 0.16944444444444445 0.03671875 0.09027777777777778
0 0.49921875 0.16527777777777777 0.03671875 0.08611111111111111
0 0.221875 0.2222222222222222 0.05546875 0.1375