2 0.62421875 0.14027777777777778 0.0546875 0.14027777777777778
2 0.77265625 0.17777777777777778 0.07265625 0.18055555555555555
2 0.1046875 0.10694444444444444 0.04140625 0.10138888888888889
2 0.23984375 0.10694444444444444 0.0390625 0.10555555555555556
2 0.38046875 0.1125 0.04140625 0.1111111111111111
2 0.88671875 0.20694444444444443 0.08671875 0.2152777777777778
2 0.490625 0.125 0.04609375 0.12361111111111112
2 0.1703125 0.10694444444444444 0.04140625 0.10555555555555556
2 0.54921875 0.13194444444444445 0.05234375 0.13333333333333333
2 0.30546875 0.10972222222222222 0.0390625 0.10694444444444444
2 0.43203125 0.11666666666666667 0.04375 0.11527777777777778
2 0.70234375 0.15833333333333333 0.06328125 0.1638888888888889
2 0.96875 0.2569444444444444 0.06171875 0.2638888888888889
2 0.0359375 0.1111111111111111 0.0390625 0.09444444444444444