0 0.09921875 0.21805555555555556 0.06875 0.18611111111111112
0 0.21015625 0.1638888888888889 0.0390625 0.13194444444444445
0 0.2703125 0.1375 0.0296875 0.09583333333333334
0 0.334375 0.10555555555555556 0.015625 0.06527777777777778
0 0.309375 0.11805555555555555 0.01953125 0.07916666666666666
0 0.353125 0.09305555555555556 0.0140625 0.05416666666666667
2 0.89921875 0.23194444444444445 0.084375 0.20694444444444443
2 0.69296875 0.1375 0.0359375 0.10694444444444444
2 0.76953125 0.1736111111111111 0.053125 0.14027777777777778
2 0.63828125 0.1125 0.0234375 0.07916666666666666
2 0.59375 0.09444444444444444 0.01640625 0.058333333333333334
2 0.61640625 0.10416666666666667 0.01953125 0.07083333333333333