0 0.5359375 0.4152777777777778 0.04453125 0.125
0 0.21796875 0.5055555555555555 0.0875 0.2152777777777778
0 0.4234375 0.44722222222222224 0.06015625 0.15694444444444444
0 0.62109375 0.3888888888888889 0.03203125 0.10138888888888889
0 0.678125 0.37083333333333335 0.0234375 0.08194444444444444
0 0.71640625 0.35833333333333334 0.02265625 0.06944444444444445
0 0.78359375 0.3402777777777778 0.0140625 0.04861111111111111
0 0.75703125 0.3472222222222222 0.01640625 0.058333333333333334
0 0.81796875 0.33611111111111114 0.01171875 0.029166666666666667
0 0.84375 0.32083333333333336 0.00859375 0.0375
0 0.828125 0.3333333333333333 0.00859375 0.025
0 0.8546875 0.3194444444444444 0.0078125 0.030555555555555555
0 0.86796875 0.31666666666666665 0.01015625 0.02361111111111111