2 0.79375 0.5444444444444444 0.140625 0.2652777777777778
2 0.515625 0.43333333333333335 0.0828125 0.14166666666666666
2 0.6890625 0.4875 0.1046875 0.20416666666666666
2 0.34296875 0.3972222222222222 0.053125 0.10972222222222222
2 0.58515625 0.45694444444444443 0.0859375 0.16944444444444445
2 0.209375 0.37916666666666665 0.05 0.09027777777777778
2 0.26875 0.3861111111111111 0.053125 0.09722222222222222
2 0.41953125 0.4111111111111111 0.071875 0.12361111111111112
2 0.01484375 0.38333333333333336 0.02890625 0.0625
2 0.12734375 0.375 0.065625 0.12083333333333333
2 0.0109375 0.32083333333333336 0.021875 0.08194444444444444