0 0.196875 0.3125 0.09609375 0.2375
0 0.28984375 0.24305555555555555 0.06015625 0.1736111111111111
0 0.33671875 0.2013888888888889 0.0390625 0.13333333333333333
0 0.434375 0.1597222222222222 0.03203125 0.09305555555555556
0 0.38046875 0.18055555555555555 0.025 0.1125
0 0.48359375 0.15555555555555556 0.02734375 0.07916666666666666
0 0.39453125 0.16944444444444445 0.02421875 0.10138888888888889
0 0.58828125 0.1375 0.015625 0.0625
0 0.66796875 0.12638888888888888 0.01484375 0.05
2 0.78828125 0.2513888888888889 0.06796875 0.1625
2 0.87109375 0.3 0.09765625 0.24166666666666667
2 0.77734375 0.1527777777777778 0.02578125 0.08333333333333333
2 0.81484375 0.14722222222222223 0.02265625 0.07361111111111111
2 0.87890625 0.24166666666666667 0.03203125 0.12083333333333333