0 0.05390625 0.3402777777777778 0.090625 0.2791666666666667
0 0.0671875 0.29583333333333334 0.06953125 0.2125
2 0.86875 0.25 0.07265625 0.18472222222222223
2 0.65 0.19444444444444445 0.046875 0.12083333333333333
2 0.953125 0.2902777777777778 0.0921875 0.2222222222222222
2 0.775 0.2263888888888889 0.06328125 0.15416666666666667
2 0.534375 0.18055555555555555 0.0390625 0.10694444444444444
2 0.440625 0.17083333333333334 0.0359375 0.09583333333333334
2 0.48515625 0.1736111111111111 0.03671875 0.09861111111111111
2 0.7140625 0.2111111111111111 0.05234375 0.1388888888888889
2 0.5859375 0.1875 0.04296875 0.11388888888888889