0 0.08671875 0.2902777777777778 0.08984375 0.2125
0 0.25859375 0.20416666666666666 0.04453125 0.12361111111111112
0 0.32109375 0.175 0.02578125 0.08611111111111111
0 0.37421875 0.15 0.01640625 0.059722222222222225
0 0.35 0.1597222222222222 0.02265625 0.0763888888888889
0 0.3953125 0.1388888888888889 0.01328125 0.05277777777777778
0 0.40625 0.13472222222222222 0.01328125 0.04722222222222222
0 0.4171875 0.12916666666666668 0.01015625 0.043055555555555555
2 0.8328125 0.22777777777777777 0.05859375 0.15138888888888888
2 0.72109375 0.1763888888888889 0.03125 0.1
2 0.675 0.15833333333333333 0.0234375 0.0763888888888889
2 0.64921875 0.1486111111111111 0.01953125 0.06666666666666667
2 0.61953125 0.13333333333333333 0.01328125 0.05694444444444444
2 0.628125 0.1375 0.01640625 0.059722222222222225