2 0.7484375 0.4236111111111111 0.0734375 0.15138888888888888
2 0.94375 0.5597222222222222 0.1125 0.29583333333333334
2 0.66953125 0.37777777777777777 0.04765625 0.10277777777777777
2 0.6 0.3402777777777778 0.02578125 0.07916666666666666
2 0.03984375 0.30694444444444446 0.01328125 0.029166666666666667
2 0.68671875 0.3055555555555556 0.01484375 0.04027777777777778
2 0.72109375 0.30694444444444446 0.0140625 0.029166666666666667
2 0.62734375 0.35694444444444445 0.03515625 0.07083333333333333
2 0.77578125 0.3013888888888889 0.01484375 0.029166666666666667
2 0.2140625 0.3 0.0109375 0.02361111111111111
2 0.74375 0.30277777777777776 0.0140625 0.03194444444444444
2 0.7625 0.3 0.01328125 0.027777777777777776
2 0.07578125 0.3055555555555556 0.01328125 0.029166666666666667
2 0.6296875 0.30833333333333335 0.01328125 0.03611111111111111
2 0.13515625 0.30277777777777776 0.0109375 0.02638888888888889
2 0.58515625 0.3277777777777778 0.01953125 0.05555555555555555
2 0.15859375 0.30277777777777776 0.01328125 0.02638888888888889
2 0.571875 0.31805555555555554 0.01875 0.05555555555555555
2 0.5671875 0.31666666666666665 0.021875 0.04722222222222222
0 0.1078125 0.3819444444444444 0.059375 0.10694444444444444
0 0.1890625 0.3597222222222222 0.04609375 0.08194444444444444
0 0.23671875 0.35 0.03203125 0.058333333333333334
0 0.2828125 0.33055555555555555 0.0171875 0.058333333333333334
0 0.3296875 0.3194444444444444 0.01484375 0.04722222222222222
0 0.3046875 0.325 0.01875 0.05416666666666667
0 0.3703125 0.30833333333333335 0.01328125 0.043055555555555555
0 0.421875 0.30972222222222223 0.0125 0.03194444444444444
0 0.0625 0.30833333333333335 0.01171875 0.03888888888888889
0 0.3921875 0.3111111111111111 0.01171875 0.03333333333333333
0 0.14375 0.30833333333333335 0.0109375 0.030555555555555555
0 0.10859375 0.3055555555555556 0.0125 0.0375
0 0.00859375 0.30833333333333335 0.01484375 0.043055555555555555
0 0.20234375 0.3055555555555556 0.01171875 0.030555555555555555
0 0.23203125 0.30277777777777776 0.01484375 0.0375
0 0.3546875 0.3125 0.009375 0.04583333333333333
0 0.346875 0.3125 0.009375 0.043055555555555555
0 0.25625 0.30277777777777776 0.01015625 0.029166666666666667
0 0.17109375 0.30416666666666664 0.0140625 0.034722222222222224