2 0.2171875 0.48055555555555557 0.0984375 0.1986111111111111
2 0.321875 0.4 0.05234375 0.1125
2 0.37109375 0.37222222222222223 0.03671875 0.08333333333333333
2 0.03125 0.7236111111111111 0.06171875 0.16944444444444445
2 0.4 0.35555555555555557 0.02734375 0.06666666666666667
2 0.42109375 0.34444444444444444 0.02265625 0.058333333333333334
2 0.4546875 0.325 0.01640625 0.041666666666666664
2 0.4359375 0.3333333333333333 0.01953125 0.05277777777777778
0 0.9296875 0.4027777777777778 0.0609375 0.11527777777777778
0 0.825 0.36944444444444446 0.04375 0.09861111111111111
0 0.76015625 0.35138888888888886 0.0375 0.08055555555555556
0 0.678125 0.33194444444444443 0.015625 0.044444444444444446
0 0.72421875 0.34444444444444444 0.0234375 0.06527777777777778
0 0.665625 0.32916666666666666 0.0125 0.044444444444444446
0 0.6484375 0.325 0.01171875 0.03611111111111111
0 0.6359375 0.32083333333333336 0.0125 0.0375
0 0.7015625 0.3402777777777778 0.01796875 0.04861111111111111
0 0.62109375 0.3194444444444444 0.0140625 0.0375
0 0.60078125 0.31666666666666665 0.015625 0.0375
0 0.57421875 0.32222222222222224 0.01953125 0.034722222222222224