0 0.096875 0.26944444444444443 0.090625 0.2222222222222222
0 0.2296875 0.20416666666666666 0.04765625 0.1486111111111111
0 0.31640625 0.16111111111111112 0.03046875 0.10833333333333334
0 0.390625 0.12777777777777777 0.01796875 0.07361111111111111
0 0.3546875 0.14166666666666666 0.021875 0.08888888888888889
0 0.43515625 0.10416666666666667 0.0109375 0.041666666666666664
0 0.4078125 0.11527777777777778 0.0140625 0.058333333333333334
0 0.44765625 0.10138888888888889 0.009375 0.03333333333333333
0 0.42265625 0.10833333333333334 0.0125 0.05138888888888889
2 0.978125 0.26666666666666666 0.04375 0.22083333333333333
2 0.84140625 0.19305555555555556 0.05390625 0.14722222222222223
2 0.75546875 0.1597222222222222 0.034375 0.10138888888888889
2 0.71953125 0.14166666666666666 0.02734375 0.09166666666666666
2 0.69140625 0.12916666666666668 0.02109375 0.07777777777777778
2 0.65546875 0.1125 0.01484375 0.058333333333333334
2 0.67109375 0.12222222222222222 0.01875 0.06805555555555555
2 0.64140625 0.10833333333333334 0.0140625 0.05416666666666667
2 0.63125 0.10138888888888889 0.0109375 0.05138888888888889