2 0.3125 0.4083333333333333 0.06640625 0.1638888888888889
2 0.56953125 0.35555555555555557 0.040625 0.10694444444444444
2 0.42578125 0.38472222222222224 0.0515625 0.1388888888888889
2 0.5109375 0.36944444444444446 0.0421875 0.11944444444444445
2 0.8546875 0.3375 0.0359375 0.08611111111111111
2 0.621875 0.35 0.03828125 0.1
2 0.740625 0.34305555555555556 0.03203125 0.09166666666666666
2 0.81328125 0.3402777777777778 0.0296875 0.0875
2 0.915625 0.3375 0.034375 0.08333333333333333
2 0.6828125 0.3472222222222222 0.03359375 0.09583333333333334
2 0.1296875 0.5069444444444444 0.0421875 0.1388888888888889