2 0.75078125 0.3736111111111111 0.0453125 0.09166666666666666
2 0.8984375 0.4236111111111111 0.08203125 0.14583333333333334
2 0.68359375 0.3541666666666667 0.03046875 0.07083333333333333
2 0.65703125 0.34444444444444444 0.02265625 0.05277777777777778
2 0.628125 0.33611111111111114 0.01953125 0.043055555555555555
2 0.60703125 0.3263888888888889 0.0171875 0.043055555555555555
2 0.584375 0.32083333333333336 0.0140625 0.03333333333333333
0 0.1859375 0.425 0.0640625 0.13194444444444445
0 0.25625 0.3861111111111111 0.04921875 0.09583333333333334
0 0.31875 0.3597222222222222 0.0328125 0.07083333333333333
0 0.3515625 0.3458333333333333 0.02109375 0.058333333333333334
0 0.3796875 0.3388888888888889 0.0171875 0.04583333333333333
0 0.3921875 0.3333333333333333 0.01328125 0.034722222222222224
0 0.409375 0.32916666666666666 0.0125 0.029166666666666667
0 0.4515625 0.31527777777777777 0.021875 0.025