2 0.915625 0.5055555555555555 0.12109375 0.22361111111111112
2 0.71484375 0.38055555555555554 0.04296875 0.09027777777777778
2 0.77421875 0.4222222222222222 0.06953125 0.1375
2 0.859375 0.3736111111111111 0.05390625 0.07916666666666666
0 0.309375 0.3625 0.0375 0.08194444444444444
0 0.3828125 0.35694444444444445 0.03046875 0.07777777777777778
0 0.1921875 0.38472222222222224 0.04375 0.08472222222222223
0 0.246875 0.37083333333333335 0.04375 0.08472222222222223
0 0.55 0.3527777777777778 0.03125 0.05694444444444444
0 0.4796875 0.35833333333333334 0.02734375 0.059722222222222225
0 0.134375 0.3958333333333333 0.05625 0.11805555555555555
0 0.62265625 0.35 0.028125 0.04861111111111111
0 0.6875 0.3402777777777778 0.0265625 0.05277777777777778