2 0.90625 0.4222222222222222 0.06875 0.14027777777777778
2 0.78046875 0.38472222222222224 0.0484375 0.09861111111111111
2 0.7109375 0.3625 0.03515625 0.07222222222222222
2 0.66796875 0.35 0.0234375 0.05416666666666667
2 0.6234375 0.33611111111111114 0.01640625 0.03888888888888889
2 0.6421875 0.34305555555555556 0.01953125 0.044444444444444446
0 0.09296875 0.44305555555555554 0.0828125 0.14305555555555555
0 0.2359375 0.39305555555555555 0.04921875 0.09583333333333334
0 0.3015625 0.36666666666666664 0.034375 0.07222222222222222
0 0.34296875 0.3541666666666667 0.02421875 0.05694444444444444
0 0.371875 0.3458333333333333 0.01796875 0.05
0 0.38828125 0.3416666666666667 0.01484375 0.0375
0 0.4296875 0.3277777777777778 0.0125 0.029166666666666667
0 0.4046875 0.3388888888888889 0.0109375 0.02361111111111111
0 0.4453125 0.32222222222222224 0.0140625 0.020833333333333332
0 0.41953125 0.32916666666666666 0.01171875 0.03194444444444444