2 0.9515625 0.5736111111111111 0.096875 0.30833333333333335
2 0.68203125 0.38055555555555554 0.05078125 0.1111111111111111
2 0.753125 0.42777777777777776 0.07734375 0.1597222222222222
2 0.6359375 0.3541666666666667 0.03515625 0.08611111111111111
2 0.61328125 0.3388888888888889 0.0265625 0.075
2 0.60390625 0.3263888888888889 0.01875 0.06111111111111111
0 0.08125 0.3902777777777778 0.065625 0.11388888888888889
0 0.1484375 0.37222222222222223 0.053125 0.09583333333333334
0 0.23125 0.35 0.03671875 0.06666666666666667
0 0.4609375 0.32083333333333336 0.01953125 0.041666666666666664
0 0.2734375 0.33611111111111114 0.02421875 0.06111111111111111
0 0.3984375 0.32222222222222224 0.01796875 0.04583333333333333
0 0.35234375 0.3277777777777778 0.0125 0.05
0 0.31875 0.3277777777777778 0.0171875 0.04861111111111111
0 0.29140625 0.3277777777777778 0.01875 0.058333333333333334