0 0.684375 0.6083333333333333 0.15625 0.29444444444444445
0 0.2015625 0.4847222222222222 0.09453125 0.1763888888888889
0 0.02421875 0.45555555555555555 0.0484375 0.15
0 0.94140625 0.39305555555555555 0.04453125 0.06666666666666667
0 0.86640625 0.38472222222222224 0.03515625 0.06388888888888888
0 0.94453125 0.8375 0.1109375 0.30833333333333335
0 0.8015625 0.38055555555555554 0.03671875 0.06111111111111111
0 0.58828125 0.37222222222222223 0.01875 0.030555555555555555
0 0.43203125 0.3638888888888889 0.01640625 0.02638888888888889
0 0.69296875 0.38055555555555554 0.0296875 0.03611111111111111
0 0.64453125 0.37916666666666665 0.02109375 0.029166666666666667
0 0.75625 0.36527777777777776 0.02578125 0.08055555555555556
0 0.534375 0.36944444444444446 0.015625 0.02638888888888889
0 0.1984375 0.3527777777777778 0.01484375 0.022222222222222223
0 0.03828125 0.3458333333333333 0.01640625 0.022222222222222223
0 0.48984375 0.36666666666666664 0.01640625 0.025
0 0.3671875 0.3611111111111111 0.0171875 0.025
0 0.09453125 0.3472222222222222 0.0140625 0.020833333333333332
0 0.14453125 0.35 0.015625 0.020833333333333332
0 0.2765625 0.35555555555555557 0.015625 0.025
2 0.89765625 0.36527777777777776 0.02578125 0.05138888888888889
2 0.98359375 0.36944444444444446 0.028125 0.05555555555555555
2 0.81796875 0.3597222222222222 0.01875 0.04861111111111111
2 0.6703125 0.3541666666666667 0.01796875 0.04027777777777778
2 0.57734375 0.35 0.01328125 0.034722222222222224
2 0.709375 0.35555555555555557 0.015625 0.041666666666666664
2 0.62734375 0.3527777777777778 0.0171875 0.0375
2 0.4578125 0.3472222222222222 0.0140625 0.03194444444444444
2 0.39296875 0.3458333333333333 0.01328125 0.03333333333333333
2 0.52421875 0.3486111111111111 0.01328125 0.03333333333333333
2 0.32578125 0.34305555555555556 0.01328125 0.03194444444444444