2 0.73359375 0.5111111111111111 0.11484375 0.22777777777777777
2 0.5109375 0.4305555555555556 0.065625 0.14027777777777778
2 0.40625 0.4111111111111111 0.06328125 0.12083333333333333
2 0.5828125 0.45694444444444443 0.078125 0.16944444444444445
2 0.94609375 0.6875 0.10546875 0.29444444444444445
2 0.2984375 0.39305555555555555 0.046875 0.10138888888888889
2 0.24765625 0.38333333333333336 0.05 0.09305555555555556
2 0.05625 0.36666666666666664 0.0453125 0.075
2 0.1734375 0.375 0.0484375 0.08611111111111111
2 0.11328125 0.37083333333333335 0.0484375 0.07916666666666666
2 0.00703125 0.36666666666666664 0.0140625 0.06666666666666667