2 0.76015625 0.4513888888888889 0.06953125 0.16666666666666666
2 0.5890625 0.4097222222222222 0.04609375 0.11944444444444445
2 0.66484375 0.425 0.05546875 0.1361111111111111
2 0.8453125 0.4875 0.05859375 0.20694444444444443
2 0.39453125 0.38055555555555554 0.03125 0.08611111111111111
2 0.46796875 0.39166666666666666 0.0375 0.09583333333333334
2 0.3265625 0.375 0.03046875 0.08055555555555556
2 0.428125 0.3861111111111111 0.03359375 0.09027777777777778
2 0.14765625 0.36944444444444446 0.03046875 0.06944444444444445
2 0.19609375 0.36944444444444446 0.0296875 0.06944444444444445
2 0.2859375 0.3736111111111111 0.02890625 0.0763888888888889
2 0.25546875 0.37222222222222223 0.03046875 0.07222222222222222
2 0.22421875 0.36944444444444446 0.03046875 0.07083333333333333
2 0.365625 0.37777777777777777 0.03515625 0.08194444444444444
2 0.52109375 0.3972222222222222 0.0390625 0.10416666666666667