0 0.10390625 0.2986111111111111 0.09375 0.22777777777777777
0 0.259375 0.2125 0.0421875 0.14027777777777778
0 0.3140625 0.18194444444444444 0.0265625 0.10972222222222222
0 0.35234375 0.1638888888888889 0.025 0.08888888888888889
0 0.38515625 0.15 0.01640625 0.06388888888888888
0 0.4 0.14166666666666666 0.0140625 0.05694444444444444
0 0.415625 0.13472222222222222 0.0125 0.05277777777777778
0 0.428125 0.12777777777777777 0.01171875 0.04583333333333333
2 0.8796875 0.22777777777777777 0.059375 0.15416666666666667
2 0.77109375 0.18333333333333332 0.03671875 0.1111111111111111
2 0.72421875 0.16527777777777777 0.03046875 0.09166666666666666
2 0.684375 0.1527777777777778 0.02265625 0.07083333333333333
2 0.665625 0.14444444444444443 0.01953125 0.06805555555555555
2 0.63046875 0.12916666666666668 0.0140625 0.05277777777777778
2 0.64453125 0.1375 0.0171875 0.05694444444444444
2 0.6171875 0.125 0.01328125 0.04722222222222222