2 0.884375 0.425 0.07265625 0.14444444444444443
2 0.7859375 0.38333333333333336 0.04453125 0.1
2 0.715625 0.3625 0.03046875 0.07083333333333333
2 0.634375 0.3375 0.0171875 0.044444444444444446
2 0.65859375 0.3416666666666667 0.0203125 0.05277777777777778
2 0.67578125 0.3486111111111111 0.02421875 0.058333333333333334
2 0.58984375 0.325 0.01484375 0.027777777777777776
2 0.61640625 0.33055555555555555 0.015625 0.04027777777777778
0 0.16171875 0.44027777777777777 0.07890625 0.14444444444444443
0 0.271875 0.39444444444444443 0.0484375 0.09722222222222222
0 0.3375 0.36944444444444446 0.03046875 0.075
0 0.36796875 0.3541666666666667 0.0203125 0.05694444444444444
0 0.3984375 0.3458333333333333 0.01796875 0.04861111111111111
0 0.4203125 0.34305555555555556 0.0140625 0.029166666666666667
0 0.43046875 0.33611111111111114 0.0140625 0.03611111111111111
0 0.45 0.32916666666666666 0.01015625 0.02361111111111111
0 0.440625 0.3347222222222222 0.0109375 0.022222222222222223