1 0.88828125 0.2569444444444444 0.06796875 0.16111111111111112
1 0.1671875 0.2708333333333333 0.071875 0.17777777777777778
1 0.0375 0.3638888888888889 0.075 0.2722222222222222
1 0.79296875 0.2222222222222222 0.04609375 0.12361111111111112
1 0.6 0.19444444444444445 0.03046875 0.09305555555555556
1 0.5421875 0.19305555555555556 0.0296875 0.09722222222222222
1 0.309375 0.19444444444444445 0.02890625 0.09861111111111111
1 0.72265625 0.19027777777777777 0.03359375 0.09722222222222222
1 0.26484375 0.2152777777777778 0.03984375 0.12361111111111112
1 0.48359375 0.19305555555555556 0.03125 0.1
1 0.42109375 0.19444444444444445 0.03203125 0.09722222222222222
1 0.66015625 0.19166666666666668 0.03046875 0.09861111111111111
1 0.3640625 0.19722222222222222 0.03046875 0.09166666666666666