0 0.20625 0.44583333333333336 0.0625 0.15
0 0.30546875 0.3888888888888889 0.03515625 0.09583333333333334
0 0.36015625 0.36944444444444446 0.02734375 0.07361111111111111
0 0.39765625 0.35138888888888886 0.01640625 0.05416666666666667
0 0.428125 0.3388888888888889 0.0109375 0.03194444444444444
0 0.41328125 0.34444444444444444 0.01328125 0.04583333333333333
0 0.43828125 0.3333333333333333 0.009375 0.029166666666666667
2 0.803125 0.4305555555555556 0.06015625 0.14722222222222223
2 0.659375 0.3625 0.02734375 0.0763888888888889
2 0.60078125 0.3416666666666667 0.015625 0.043055555555555555
2 0.6234375 0.3527777777777778 0.01953125 0.059722222222222225
2 0.58984375 0.3347222222222222 0.01171875 0.0375
2 0.61484375 0.3458333333333333 0.01328125 0.05416666666666667
2 0.69375 0.3819444444444444 0.0328125 0.09444444444444444