2 0.8765625 0.45555555555555555 0.1 0.1763888888888889
2 0.76484375 0.4236111111111111 0.0734375 0.14166666666666666
2 0.67265625 0.39861111111111114 0.05390625 0.1125
2 0.5984375 0.38055555555555554 0.04765625 0.09027777777777778
2 0.55546875 0.3680555555555556 0.03515625 0.07916666666666666
2 0.5078125 0.3611111111111111 0.034375 0.06805555555555555
2 0.465625 0.35694444444444445 0.03046875 0.0625
2 0.3671875 0.3458333333333333 0.02421875 0.05277777777777778
2 0.425 0.35 0.028125 0.058333333333333334
2 0.33359375 0.34305555555555556 0.01875 0.04722222222222222
0 0.0328125 0.45 0.0640625 0.14166666666666666
0 0.071875 0.42916666666666664 0.05703125 0.1111111111111111
0 0.11953125 0.38472222222222224 0.03828125 0.12361111111111112
0 0.0171875 0.40555555555555556 0.02734375 0.05138888888888889