1 0.06953125 0.23055555555555557 0.07734375 0.19166666666666668
1 0.87734375 0.24027777777777778 0.0796875 0.1986111111111111
1 0.74765625 0.16944444444444445 0.04453125 0.14027777777777778
1 0.21953125 0.1638888888888889 0.03984375 0.12777777777777777
1 0.27734375 0.1388888888888889 0.0296875 0.10277777777777777
1 0.68359375 0.14444444444444443 0.02734375 0.09444444444444444
1 0.646875 0.12222222222222222 0.02109375 0.0763888888888889
1 0.34140625 0.10972222222222222 0.01640625 0.06666666666666667
1 0.36640625 0.10138888888888889 0.01328125 0.05416666666666667
1 0.3171875 0.11944444444444445 0.021875 0.08194444444444444
1 0.60390625 0.10138888888888889 0.0140625 0.05694444444444444
1 0.62109375 0.10972222222222222 0.015625 0.06388888888888888
1 0.38203125 0.09444444444444444 0.0125 0.05138888888888889