2 0.7390625 0.5805555555555556 0.1359375 0.2722222222222222
2 0.60078125 0.5152777777777777 0.103125 0.20416666666666666
2 0.88828125 0.6736111111111112 0.16875 0.38055555555555554
2 0.44765625 0.45694444444444443 0.06640625 0.14305555555555555
2 0.30078125 0.42777777777777776 0.0609375 0.1111111111111111
2 0.50859375 0.4777777777777778 0.08046875 0.16666666666666666
2 0.22734375 0.41805555555555557 0.0546875 0.10138888888888889
2 0.1625 0.41388888888888886 0.0515625 0.09583333333333334
2 0.02734375 0.4013888888888889 0.046875 0.08472222222222223
2 0.06875 0.4041666666666667 0.04609375 0.08888888888888889
2 0.3765625 0.4375 0.0640625 0.125
2 0.11328125 0.4083333333333333 0.04765625 0.09027777777777778