2 0.96328125 0.33611111111111114 0.07109375 0.25972222222222224
2 0.8671875 0.2777777777777778 0.04765625 0.20833333333333334
2 0.809375 0.24583333333333332 0.05078125 0.17083333333333334
2 0.76640625 0.2152777777777778 0.05078125 0.15694444444444444
2 0.840625 0.175 0.03203125 0.1125
2 0.79453125 0.1986111111111111 0.021875 0.13055555555555556
2 0.81796875 0.1875 0.0296875 0.12361111111111112
0 0.1359375 0.25277777777777777 0.07734375 0.18194444444444444
0 0.26015625 0.22083333333333333 0.059375 0.1486111111111111
0 0.02734375 0.33055555555555555 0.0546875 0.16805555555555557
0 0.49609375 0.1736111111111111 0.03828125 0.10416666666666667
0 0.38984375 0.19444444444444445 0.04765625 0.12361111111111112
0 0.559375 0.1625 0.034375 0.09305555555555556
0 0.615625 0.1527777777777778 0.02109375 0.08194444444444444