2 0.03359375 0.2902777777777778 0.0671875 0.22777777777777777
2 0.078125 0.2569444444444444 0.06484375 0.19444444444444445
0 0.78125 0.24166666666666667 0.071875 0.1736111111111111
0 0.89453125 0.3013888888888889 0.0921875 0.23055555555555557
0 0.9625 0.34444444444444444 0.075 0.2777777777777778
0 0.84140625 0.2652777777777778 0.07265625 0.19722222222222222
0 0.65625 0.20277777777777778 0.05390625 0.14444444444444443
0 0.209375 0.15416666666666667 0.034375 0.09027777777777778
0 0.71875 0.21805555555555556 0.0609375 0.15138888888888888
0 0.575 0.18611111111111112 0.03984375 0.11944444444444445
0 0.38203125 0.1625 0.0359375 0.09722222222222222
0 0.52421875 0.18055555555555555 0.0328125 0.11388888888888889
0 0.3203125 0.1597222222222222 0.0375 0.09444444444444444
0 0.15859375 0.15694444444444444 0.02890625 0.08888888888888889
0 0.4359375 0.16805555555555557 0.0375 0.09861111111111111
0 0.61171875 0.19444444444444445 0.0484375 0.12638888888888888
0 0.26484375 0.15833333333333333 0.03203125 0.09305555555555556
0 0.48046875 0.1736111111111111 0.0328125 0.10555555555555556
2 0.0828125 0.22916666666666666 0.06171875 0.16805555555555557
2 0.0359375 0.2125 0.04609375 0.15416666666666667