0 0.1921875 0.5180555555555556 0.11796875 0.22777777777777777
0 0.334375 0.4166666666666667 0.0609375 0.12777777777777777
0 0.3765625 0.37916666666666665 0.03984375 0.09027777777777778
0 0.4109375 0.35555555555555557 0.02734375 0.06527777777777778
0 0.434375 0.3472222222222222 0.01953125 0.04722222222222222
2 0.8921875 0.3680555555555556 0.046875 0.09027777777777778
2 0.80234375 0.3472222222222222 0.034375 0.06805555555555555
2 0.75859375 0.3375 0.02734375 0.058333333333333334
2 0.5859375 0.30833333333333335 0.0125 0.029166666666666667
2 0.57109375 0.30833333333333335 0.01171875 0.029166666666666667
2 0.62265625 0.3111111111111111 0.01328125 0.03194444444444444
2 0.7234375 0.33055555555555555 0.021875 0.05
2 0.64453125 0.3138888888888889 0.01328125 0.03194444444444444
2 0.6734375 0.325 0.01640625 0.03194444444444444
2 0.5984375 0.3111111111111111 0.0125 0.02638888888888889
2 0.559375 0.30694444444444446 0.01171875 0.027777777777777776
2 0.65859375 0.31805555555555554 0.0140625 0.034722222222222224