0 0.884375 0.22916666666666666 0.08671875 0.19583333333333333
0 0.75390625 0.17083333333333334 0.05 0.1388888888888889
0 0.68515625 0.14027777777777778 0.03203125 0.10138888888888889
0 0.64140625 0.11944444444444445 0.02421875 0.08194444444444444
0 0.61640625 0.10694444444444444 0.01796875 0.06944444444444445
0 0.59296875 0.09583333333333334 0.01484375 0.058333333333333334
0 0.58046875 0.09027777777777778 0.01328125 0.05
0 0.56484375 0.08888888888888889 0.0109375 0.034722222222222224
2 0.02734375 0.24444444444444444 0.05390625 0.21944444444444444
2 0.1953125 0.1597222222222222 0.0484375 0.13194444444444445
2 0.25625 0.13055555555555556 0.03125 0.10277777777777777
2 0.29453125 0.11388888888888889 0.02734375 0.08611111111111111
2 0.3234375 0.10138888888888889 0.021875 0.07222222222222222
2 0.3625 0.08888888888888889 0.0140625 0.05277777777777778
2 0.34765625 0.09444444444444444 0.0171875 0.058333333333333334
2 0.371875 0.08333333333333333 0.0140625 0.04861111111111111
2 0.38125 0.07916666666666666 0.01171875 0.04583333333333333
2 0.00703125 0.1763888888888889 0.0140625 0.08055555555555556