0 0.1 0.3 0.0921875 0.225
0 0.2390625 0.2111111111111111 0.04921875 0.1375
0 0.2984375 0.18194444444444444 0.02890625 0.10555555555555556
0 0.33984375 0.16111111111111112 0.02578125 0.08194444444444444
0 0.36953125 0.14722222222222223 0.01796875 0.06666666666666667
2 0.86875 0.2375 0.065625 0.16527777777777777
2 0.71640625 0.1736111111111111 0.03125 0.09722222222222222
1 0.62421875 0.13472222222222222 0.015625 0.06666666666666667
2 0.6484375 0.14305555555555555 0.0203125 0.07083333333333333
2 0.68046875 0.15694444444444444 0.0265625 0.08333333333333333
2 0.771875 0.19444444444444445 0.0421875 0.12222222222222222
1 0.39296875 0.1388888888888889 0.01328125 0.06944444444444445