1 0.909375 0.29444444444444445 0.09453125 0.22916666666666666
1 0.7796875 0.21666666666666667 0.053125 0.15416666666666667
1 0.18203125 0.20694444444444443 0.05234375 0.1388888888888889
1 0.24453125 0.17916666666666667 0.03828125 0.11388888888888889
1 0.72890625 0.18472222222222223 0.03828125 0.11944444444444445
1 0.678125 0.15833333333333333 0.0265625 0.09444444444444444
1 0.515625 0.14444444444444443 0.021875 0.08055555555555556
1 0.42421875 0.14583333333333334 0.021875 0.075
1 0.3 0.15833333333333333 0.0296875 0.09583333333333334
1 0.471875 0.14444444444444443 0.021875 0.08055555555555556
1 0.378125 0.14444444444444443 0.021875 0.07777777777777778
1 0.609375 0.14722222222222223 0.021875 0.075
1 0.32890625 0.14305555555555555 0.0234375 0.08055555555555556
1 0.5640625 0.1486111111111111 0.021875 0.075
1 0.65078125 0.1486111111111111 0.01953125 0.07361111111111111