2 0.65546875 0.36666666666666664 0.0453125 0.1
2 0.74375 0.4305555555555556 0.078125 0.1638888888888889
2 0.61015625 0.3402777777777778 0.0296875 0.07222222222222222
2 0.5859375 0.3277777777777778 0.0234375 0.058333333333333334
2 0.5703125 0.30833333333333335 0.01640625 0.05
0 0.21953125 0.3458333333333333 0.03984375 0.07777777777777778
0 0.1578125 0.36527777777777776 0.046875 0.09444444444444444
0 0.28125 0.3277777777777778 0.028125 0.06111111111111111
0 0.384375 0.3013888888888889 0.0125 0.04027777777777778
0 0.34765625 0.30833333333333335 0.01640625 0.05277777777777778
0 0.3171875 0.31666666666666665 0.01875 0.05694444444444444
0 0.365625 0.30416666666666664 0.0125 0.043055555555555555
0 0.4015625 0.2972222222222222 0.0125 0.03611111111111111
2 0.96328125 0.6513888888888889 0.0734375 0.425
0 0.4125 0.2986111111111111 0.01171875 0.041666666666666664
0 0.4203125 0.2986111111111111 0.00703125 0.041666666666666664