2 0.8078125 0.45694444444444443 0.0734375 0.1736111111111111
2 0.46796875 0.3861111111111111 0.03828125 0.09166666666666666
2 0.53515625 0.3958333333333333 0.04375 0.10277777777777777
2 0.7015625 0.42916666666666664 0.05703125 0.14027777777777778
2 0.4109375 0.37916666666666665 0.0328125 0.0875
2 0.353125 0.3736111111111111 0.03125 0.08194444444444444
2 0.584375 0.4041666666666667 0.04296875 0.1125
2 0.64453125 0.41388888888888886 0.04921875 0.12361111111111112
2 0.234375 0.3680555555555556 0.03359375 0.07361111111111111
2 0.3046875 0.36944444444444446 0.03125 0.0763888888888889
2 0.1484375 0.3680555555555556 0.03203125 0.0763888888888889