0 0.0640625 0.30833333333333335 0.10078125 0.23194444444444445
2 0.96015625 0.2777777777777778 0.0765625 0.2125
1 0.79140625 0.20694444444444443 0.0421875 0.13333333333333333
1 0.31015625 0.17777777777777778 0.02421875 0.09444444444444444
1 0.71015625 0.17222222222222222 0.02265625 0.09861111111111111
1 0.68671875 0.1638888888888889 0.02109375 0.08472222222222223
1 0.3421875 0.1625 0.0203125 0.08194444444444444
1 0.24921875 0.2111111111111111 0.04296875 0.13055555555555556
1 0.36640625 0.1486111111111111 0.01796875 0.07083333333333333
1 0.38828125 0.1375 0.01484375 0.058333333333333334
1 0.65234375 0.1486111111111111 0.01796875 0.07222222222222222
1 0.62578125 0.1375 0.01484375 0.059722222222222225
2 0.97109375 0.26666666666666666 0.040625 0.18333333333333332