0 0.22578125 0.1986111111111111 0.03359375 0.10833333333333334
0 0.009375 0.3236111111111111 0.01875 0.25416666666666665
0 0.15078125 0.22916666666666666 0.05390625 0.14027777777777778
0 0.2734375 0.18055555555555555 0.02265625 0.08611111111111111
0 0.303125 0.16805555555555557 0.01796875 0.06805555555555555
0 0.3390625 0.1486111111111111 0.0125 0.05
0 0.32109375 0.1597222222222222 0.015625 0.059722222222222225
0 0.34921875 0.14444444444444443 0.01171875 0.04583333333333333
0 0.3625 0.14027777777777778 0.01015625 0.03888888888888889
2 0.7609375 0.2388888888888889 0.053125 0.1486111111111111
2 0.95234375 0.325 0.0953125 0.2375
2 0.628125 0.175 0.02578125 0.08611111111111111
2 0.665625 0.19444444444444445 0.034375 0.10416666666666667
2 0.6 0.1638888888888889 0.021875 0.075
2 0.57890625 0.15555555555555556 0.01796875 0.06111111111111111
2 0.559375 0.1486111111111111 0.01640625 0.05277777777777778
2 0.5484375 0.14583333333333334 0.01484375 0.043055555555555555