2 0.35 0.3736111111111111 0.05546875 0.10555555555555556
2 0.171875 0.39444444444444443 0.08046875 0.12916666666666668
2 0.2640625 0.38333333333333336 0.0625 0.11666666666666667
2 0.6453125 0.3472222222222222 0.04140625 0.07916666666666666
2 0.5734375 0.35138888888888886 0.04140625 0.08055555555555556
2 0.084375 0.40694444444444444 0.0828125 0.14722222222222223
2 0.75546875 0.34444444444444444 0.0390625 0.07361111111111111
2 0.4578125 0.3611111111111111 0.046875 0.09166666666666666
2 0.71015625 0.3472222222222222 0.0390625 0.07361111111111111
2 0.82109375 0.34305555555555556 0.03984375 0.07083333333333333
2 0.40234375 0.3680555555555556 0.05234375 0.09861111111111111
2 0.8921875 0.34305555555555556 0.04140625 0.07083333333333333
2 0.50234375 0.3541666666666667 0.04296875 0.08611111111111111
2 0.9515625 0.3416666666666667 0.04140625 0.06805555555555555
2 0.996875 0.3416666666666667 0.00546875 0.06805555555555555