0 0.1921875 0.2263888888888889 0.059375 0.17222222222222222
0 0.2703125 0.18611111111111112 0.0375 0.12916666666666668
0 0.3203125 0.15833333333333333 0.02578125 0.10138888888888889
0 0.3609375 0.14027777777777778 0.01796875 0.0763888888888889
0 0.396875 0.12361111111111112 0.01328125 0.05416666666666667
0 0.37890625 0.13055555555555556 0.01640625 0.06666666666666667
0 0.41015625 0.11388888888888889 0.01171875 0.05
2 0.96015625 0.24583333333333332 0.0796875 0.19722222222222222
2 0.8046875 0.18611111111111112 0.04765625 0.13055555555555556
2 0.74453125 0.16111111111111112 0.03671875 0.10555555555555556
2 0.67265625 0.13194444444444445 0.0203125 0.075
2 0.69453125 0.14027777777777778 0.0265625 0.08472222222222223
2 0.646875 0.12361111111111112 0.01875 0.059722222222222225
2 0.61484375 0.10833333333333334 0.01328125 0.05277777777777778
2 0.63046875 0.11388888888888889 0.01484375 0.059722222222222225
2 0.60078125 0.10277777777777777 0.0125 0.04027777777777778
2 0.59375 0.09861111111111111 0.0125 0.04027777777777778