0 0.84453125 0.24305555555555555 0.06953125 0.175
0 0.7375 0.19166666666666668 0.03828125 0.11805555555555555
0 0.6765625 0.1625 0.02421875 0.08611111111111111
0 0.61484375 0.1361111111111111 0.01640625 0.05694444444444444
0 0.646875 0.15 0.0203125 0.07222222222222222
2 0.14375 0.23472222222222222 0.06328125 0.16805555555555557
2 0.33515625 0.14722222222222223 0.02265625 0.075
2 0.36328125 0.13333333333333333 0.01796875 0.0625
2 0.29921875 0.16111111111111112 0.0296875 0.09444444444444444
2 0.2515625 0.18611111111111112 0.03984375 0.11666666666666667
2 0.3890625 0.12222222222222222 0.01484375 0.05416666666666667