2 0.40234375 0.42083333333333334 0.0484375 0.10555555555555556
2 0.30859375 0.4888888888888889 0.0828125 0.1736111111111111
2 0.44921875 0.39305555555555555 0.03125 0.0763888888888889
2 0.475 0.38055555555555554 0.025 0.06111111111111111
2 0.4921875 0.3597222222222222 0.0171875 0.05277777777777778
0 0.8625 0.4 0.0421875 0.08194444444444444
0 0.92734375 0.41944444444444445 0.05 0.1
0 0.796875 0.38055555555555554 0.0296875 0.06388888888888888
0 0.6875 0.35138888888888886 0.01328125 0.043055555555555555
0 0.72734375 0.3597222222222222 0.0171875 0.05555555555555555
0 0.759375 0.3680555555555556 0.01953125 0.059722222222222225
0 0.7078125 0.35555555555555557 0.01328125 0.04583333333333333
0 0.66953125 0.3486111111111111 0.0125 0.0375
2 0.0578125 0.7222222222222222 0.115625 0.4486111111111111
0 0.65859375 0.35 0.0125 0.043055555555555555
0 0.65 0.35 0.00703125 0.044444444444444446