2 0.971875 0.3611111111111111 0.05625 0.2875
2 0.8765625 0.29583333333333334 0.053125 0.23055555555555557
2 0.8125 0.2611111111111111 0.05625 0.18888888888888888
2 0.765625 0.22777777777777777 0.05625 0.1736111111111111
2 0.84765625 0.18333333333333332 0.0359375 0.125
2 0.79609375 0.20972222222222223 0.02421875 0.14444444444444443
2 0.82265625 0.19722222222222222 0.0328125 0.1375
0 0.06953125 0.26944444444444443 0.0859375 0.2013888888888889
0 0.20625 0.23472222222222222 0.065625 0.16527777777777777
0 0.4671875 0.18194444444444444 0.0421875 0.11527777777777778
0 0.34921875 0.20555555555555555 0.05234375 0.1361111111111111
0 0.53671875 0.16944444444444445 0.03828125 0.10416666666666667
0 0.59921875 0.15833333333333333 0.02265625 0.09166666666666666