0 0.15625 0.4652777777777778 0.06328125 0.1638888888888889
0 0.26640625 0.35833333333333334 0.02421875 0.06666666666666667
0 0.1890625 0.4263888888888889 0.05234375 0.1375
0 0.2265625 0.3680555555555556 0.0234375 0.06805555555555555
0 0.31328125 0.3541666666666667 0.0234375 0.05555555555555555
0 0.3671875 0.3472222222222222 0.01640625 0.0375
0 0.2046875 0.375 0.0234375 0.075
0 0.2265625 0.33055555555555555 0.01171875 0.03194444444444444
2 0.775 0.45 0.07109375 0.16944444444444445
2 0.6796875 0.4125 0.0515625 0.12916666666666668
2 0.5421875 0.375 0.0296875 0.09166666666666666
2 0.5828125 0.3875 0.034375 0.09861111111111111