2 0.190625 0.12361111111111112 0.0390625 0.10138888888888889
2 0.28671875 0.11527777777777778 0.03515625 0.08888888888888889
2 0.24453125 0.11944444444444445 0.0375 0.09583333333333334
2 0.46640625 0.10555555555555556 0.02578125 0.075
2 0.365625 0.10833333333333334 0.03046875 0.08055555555555556
2 0.41953125 0.10555555555555556 0.028125 0.07916666666666666
2 0.0390625 0.15416666666666667 0.05 0.1361111111111111
2 0.09921875 0.14166666666666666 0.04921875 0.12222222222222222
2 0.5140625 0.10555555555555556 0.028125 0.07361111111111111
2 0.32890625 0.10972222222222222 0.028125 0.08333333333333333
2 0.1421875 0.13333333333333333 0.04375 0.11388888888888889
2 0.5578125 0.10416666666666667 0.02578125 0.075
2 0.01484375 0.17222222222222222 0.0296875 0.15555555555555556
0 0.92421875 0.43333333333333335 0.15078125 0.39305555555555555
0 0.7953125 0.3125 0.1125 0.2708333333333333
0 0.70625 0.25555555555555554 0.08046875 0.2111111111111111
0 0.6109375 0.2152777777777778 0.06875 0.16944444444444445
0 0.57265625 0.18611111111111112 0.04296875 0.1486111111111111