0 0.890625 0.2222222222222222 0.07734375 0.19583333333333333
2 0.13046875 0.20277777777777778 0.0734375 0.17777777777777778
1 0.7484375 0.1486111111111111 0.03984375 0.11666666666666667
1 0.3265625 0.11527777777777778 0.025 0.09305555555555556
1 0.26171875 0.15 0.0375 0.11944444444444445
1 0.70703125 0.12638888888888888 0.0265625 0.0875
1 0.34921875 0.1125 0.02109375 0.08055555555555556
1 0.6578125 0.10138888888888889 0.0171875 0.06527777777777778
1 0.37890625 0.1 0.01796875 0.07083333333333333
1 0.67890625 0.11388888888888889 0.01953125 0.0763888888888889
1 0.4078125 0.09027777777777778 0.0140625 0.058333333333333334
1 0.6375 0.09166666666666666 0.01328125 0.05694444444444444
1 0.41796875 0.08333333333333333 0.0125 0.05416666666666667
1 0.62421875 0.08333333333333333 0.01171875 0.04861111111111111