0 0.146875 0.28888888888888886 0.0796875 0.19583333333333333
2 0.92890625 0.26944444444444443 0.078125 0.18611111111111112
1 0.78125 0.2125 0.03828125 0.12083333333333333
1 0.7109375 0.18194444444444444 0.02578125 0.08888888888888889
1 0.3375 0.18333333333333332 0.0328125 0.09305555555555556
1 0.384375 0.1638888888888889 0.0171875 0.06388888888888888
1 0.36484375 0.17222222222222222 0.01953125 0.075
1 0.68828125 0.1736111111111111 0.02421875 0.07916666666666666
1 0.65703125 0.16111111111111112 0.01953125 0.06666666666666667
1 0.28984375 0.2125 0.03828125 0.11666666666666667
1 0.61640625 0.14444444444444443 0.0109375 0.04583333333333333
1 0.63046875 0.15 0.01484375 0.05555555555555555
1 0.4046875 0.1527777777777778 0.01328125 0.05138888888888889
1 0.4171875 0.15 0.01015625 0.03611111111111111