2 0.2609375 0.46111111111111114 0.08671875 0.1763888888888889
2 0.03125 0.7458333333333333 0.0625 0.17222222222222222
2 0.39765625 0.36527777777777776 0.0296875 0.07777777777777778
2 0.35390625 0.39444444444444443 0.04921875 0.10555555555555556
2 0.4203125 0.3527777777777778 0.02421875 0.06388888888888888
2 0.43515625 0.3458333333333333 0.01640625 0.04722222222222222
2 0.46640625 0.32083333333333336 0.0140625 0.034722222222222224
2 0.45 0.3333333333333333 0.0140625 0.04027777777777778
2 0.44375 0.3402777777777778 0.01484375 0.0375
0 0.84453125 0.3736111111111111 0.0390625 0.07916666666666666
0 0.96875 0.4027777777777778 0.06171875 0.10833333333333334
0 0.72890625 0.3486111111111111 0.01875 0.05
0 0.76875 0.35694444444444445 0.02734375 0.06388888888888888
0 0.665625 0.3375 0.01328125 0.030555555555555555
0 0.69296875 0.3402777777777778 0.01640625 0.04027777777777778
0 0.6390625 0.3277777777777778 0.0109375 0.03194444444444444
0 0.64921875 0.32916666666666666 0.01171875 0.0375