1 0.95 0.3541666666666667 0.1 0.26944444444444443
1 0.12265625 0.24166666666666667 0.06171875 0.15138888888888888
1 0.75625 0.24166666666666667 0.05390625 0.15555555555555556
2 0.21953125 0.20416666666666666 0.03984375 0.11388888888888889
1 0.64609375 0.18472222222222223 0.0296875 0.09027777777777778
1 0.26171875 0.18472222222222223 0.03046875 0.09305555555555556
1 0.68359375 0.20555555555555555 0.03828125 0.11388888888888889
1 0.4015625 0.14305555555555555 0.0140625 0.05
1 0.49453125 0.14305555555555555 0.01328125 0.05138888888888889
1 0.4640625 0.14166666666666666 0.01171875 0.05
1 0.4328125 0.14305555555555555 0.0140625 0.05
1 0.33359375 0.15833333333333333 0.015625 0.06388888888888888
1 0.3109375 0.16527777777777777 0.01953125 0.075
1 0.3515625 0.15138888888888888 0.0140625 0.05555555555555555
1 0.5953125 0.15 0.01171875 0.05138888888888889
1 0.58515625 0.14444444444444443 0.01171875 0.04861111111111111
1 0.55703125 0.14305555555555555 0.01171875 0.05
1 0.6109375 0.1597222222222222 0.015625 0.06527777777777778
1 0.36953125 0.14166666666666666 0.01171875 0.05277777777777778
1 0.621875 0.16805555555555557 0.01640625 0.07361111111111111