2 0.834375 0.30972222222222223 0.09609375 0.24166666666666667
2 0.72109375 0.2375 0.05625 0.14583333333333334
2 0.6390625 0.18055555555555555 0.034375 0.10416666666666667
2 0.68203125 0.20694444444444443 0.0421875 0.12916666666666668
0 0.1859375 0.31805555555555554 0.0890625 0.22916666666666666
0 0.28359375 0.24583333333333332 0.046875 0.15833333333333333
0 0.325 0.21388888888888888 0.03359375 0.13055555555555556
0 0.34921875 0.18888888888888888 0.03046875 0.1125
0 0.41796875 0.1625 0.02109375 0.08611111111111111
0 0.38515625 0.16805555555555557 0.02109375 0.08611111111111111
0 0.37421875 0.17777777777777778 0.02421875 0.09444444444444444
0 0.4578125 0.15555555555555556 0.0265625 0.07777777777777778