0 0.10859375 0.28888888888888886 0.0828125 0.20972222222222223
0 0.24296875 0.21944444444444444 0.04765625 0.1361111111111111
0 0.321875 0.18333333333333332 0.0296875 0.09861111111111111
2 0.9140625 0.2611111111111111 0.071875 0.18055555555555555
2 0.8 0.20972222222222223 0.04921875 0.13055555555555556
2 0.72578125 0.1763888888888889 0.034375 0.10138888888888889
1 0.6765625 0.1597222222222222 0.021875 0.0763888888888889
1 0.3671875 0.16111111111111112 0.0203125 0.07083333333333333
1 0.38828125 0.15 0.015625 0.05694444444444444
1 0.4015625 0.14305555555555555 0.0140625 0.05138888888888889
1 0.61875 0.13472222222222222 0.01328125 0.05277777777777778
1 0.41328125 0.1361111111111111 0.0125 0.04583333333333333
1 0.63671875 0.14305555555555555 0.0140625 0.05694444444444444
1 0.6453125 0.14722222222222223 0.015625 0.058333333333333334