0 0.29375 0.45555555555555555 0.08046875 0.1625
0 0.371875 0.39861111111111114 0.04375 0.10138888888888889
0 0.06328125 0.7347222222222223 0.1265625 0.3333333333333333
0 0.41171875 0.37222222222222223 0.0296875 0.075
0 0.44453125 0.3541666666666667 0.01484375 0.03333333333333333
0 0.42890625 0.3597222222222222 0.01875 0.05694444444444444
2 0.9578125 0.3861111111111111 0.05703125 0.10277777777777777
2 0.84609375 0.36527777777777776 0.040625 0.07916666666666666
2 0.775 0.35 0.02890625 0.06388888888888888
2 0.73125 0.3402777777777778 0.02265625 0.05138888888888889
2 0.70390625 0.3347222222222222 0.01953125 0.04861111111111111
2 0.6640625 0.3277777777777778 0.015625 0.04027777777777778
2 0.6828125 0.33055555555555555 0.0171875 0.043055555555555555
2 0.61171875 0.31666666666666665 0.01015625 0.029166666666666667
2 0.64921875 0.3236111111111111 0.0140625 0.03333333333333333
2 0.58125 0.31527777777777777 0.0109375 0.027777777777777776
2 0.590625 0.31666666666666665 0.0109375 0.02638888888888889
2 0.63984375 0.32083333333333336 0.0125 0.03333333333333333
2 0.628125 0.3194444444444444 0.01015625 0.029166666666666667