0 0.9609375 0.25555555555555554 0.07734375 0.23055555555555557
0 0.8109375 0.17083333333333334 0.04921875 0.1486111111111111
0 0.73125 0.1361111111111111 0.03125 0.10416666666666667
0 0.69140625 0.11805555555555555 0.025 0.08611111111111111
0 0.653125 0.1 0.01875 0.06666666666666667
0 0.63828125 0.09027777777777778 0.01484375 0.059722222222222225
0 0.62265625 0.08194444444444444 0.0140625 0.05277777777777778
0 0.60625 0.075 0.0109375 0.04583333333333333
2 0.04921875 0.2375 0.08984375 0.21944444444444444
2 0.21171875 0.16527777777777777 0.05078125 0.14166666666666666
2 0.27890625 0.13194444444444445 0.03671875 0.1111111111111111
2 0.32734375 0.11388888888888889 0.0265625 0.0875
2 0.3625 0.09861111111111111 0.02109375 0.06944444444444445
2 0.39375 0.08611111111111111 0.0171875 0.05555555555555555
2 0.40703125 0.075 0.01328125 0.05277777777777778
2 0.4203125 0.06944444444444445 0.01328125 0.04861111111111111
2 0.43203125 0.06527777777777778 0.0125 0.041666666666666664