0 0.92421875 0.28194444444444444 0.0859375 0.21388888888888888
0 0.775 0.20694444444444443 0.04375 0.1375
0 0.7125 0.17777777777777778 0.02890625 0.10833333333333334
0 0.659375 0.15555555555555556 0.0203125 0.07777777777777778
0 0.63828125 0.14305555555555555 0.01640625 0.06527777777777778
0 0.61953125 0.13194444444444445 0.01484375 0.05416666666666667
0 0.59921875 0.12361111111111112 0.01171875 0.04583333333333333
2 0.08046875 0.26805555555555555 0.0828125 0.19444444444444445
2 0.20625 0.20416666666666666 0.04921875 0.14305555555555555
2 0.28203125 0.1736111111111111 0.034375 0.10138888888888889
2 0.33203125 0.15138888888888888 0.025 0.08194444444444444
2 0.37109375 0.13333333333333333 0.01875 0.06527777777777778
2 0.38671875 0.125 0.015625 0.05694444444444444
2 0.403125 0.11527777777777778 0.0125 0.05
2 0.41484375 0.1125 0.0125 0.044444444444444446