2 0.0703125 0.44722222222222224 0.08984375 0.1638888888888889
2 0.20234375 0.39305555555555555 0.05078125 0.10416666666666667
2 0.28671875 0.36666666666666664 0.03359375 0.075
2 0.3328125 0.3527777777777778 0.0234375 0.05694444444444444
2 0.37734375 0.34444444444444444 0.01796875 0.03611111111111111
2 0.3515625 0.34444444444444444 0.021875 0.05416666666666667
2 0.39375 0.3375 0.01484375 0.027777777777777776
0 0.76328125 0.4027777777777778 0.053125 0.10416666666666667
0 0.9078125 0.4638888888888889 0.09609375 0.1638888888888889
0 0.684375 0.3736111111111111 0.034375 0.0763888888888889
0 0.61796875 0.35 0.0203125 0.04722222222222222
0 0.65 0.35833333333333334 0.02421875 0.058333333333333334
0 0.5828125 0.34305555555555556 0.0125 0.022222222222222223
0 0.59375 0.3402777777777778 0.015625 0.043055555555555555