2 0.95546875 0.2916666666666667 0.08359375 0.22361111111111112
2 0.90390625 0.25833333333333336 0.0640625 0.19027777777777777
0 0.215625 0.24305555555555555 0.0703125 0.17083333333333334
0 0.10390625 0.3013888888888889 0.090625 0.2263888888888889
0 0.0375 0.34444444444444444 0.075 0.2708333333333333
0 0.15625 0.26666666666666666 0.07109375 0.19305555555555556
0 0.3375 0.20555555555555555 0.053125 0.14166666666666666
0 0.77578125 0.15833333333333333 0.03359375 0.0875
0 0.2765625 0.22083333333333333 0.059375 0.1486111111111111
0 0.4171875 0.18888888888888888 0.0390625 0.11805555555555555
0 0.60625 0.16666666666666666 0.03515625 0.09583333333333334
0 0.4671875 0.18333333333333332 0.03203125 0.1111111111111111
0 0.66640625 0.1625 0.03671875 0.09305555555555556
0 0.825 0.16111111111111112 0.028125 0.0875
0 0.553125 0.17083333333333334 0.03671875 0.09722222222222222
0 0.38125 0.19583333333333333 0.04765625 0.12361111111111112
0 0.72109375 0.16111111111111112 0.03125 0.09027777777777778
0 0.51015625 0.1763888888888889 0.03203125 0.10277777777777777
2 0.89921875 0.23194444444444445 0.0609375 0.1638888888888889
2 0.9453125 0.2152777777777778 0.0453125 0.15138888888888888