0 0.2203125 0.21805555555555556 0.05390625 0.14722222222222223
0 0.29609375 0.17777777777777778 0.03515625 0.10833333333333334
0 0.02109375 0.39444444444444443 0.04140625 0.19722222222222222
0 0.3296875 0.1597222222222222 0.025 0.08888888888888889
0 0.35625 0.14722222222222223 0.01875 0.07361111111111111
0 0.37890625 0.1361111111111111 0.01328125 0.058333333333333334
0 0.38984375 0.13194444444444445 0.01328125 0.05
0 0.40234375 0.12361111111111112 0.01171875 0.04861111111111111
2 0.92421875 0.25277777777777777 0.075 0.1875
2 0.76015625 0.18333333333333332 0.0390625 0.11388888888888889
2 0.696875 0.15833333333333333 0.028125 0.09166666666666666
2 0.66640625 0.14722222222222223 0.0234375 0.0763888888888889
2 0.6390625 0.1388888888888889 0.0171875 0.05694444444444444
2 0.62421875 0.13333333333333333 0.01640625 0.05694444444444444
2 0.59609375 0.11944444444444445 0.0125 0.04861111111111111
2 0.6078125 0.12916666666666668 0.0140625 0.043055555555555555
2 0.58515625 0.11666666666666667 0.0125 0.04583333333333333
2 0.56953125 0.10833333333333334 0.009375 0.03611111111111111
2 0.57421875 0.1111111111111111 0.00859375 0.0375