0 0.94140625 0.25972222222222224 0.08046875 0.18611111111111112
0 0.63515625 0.18055555555555555 0.04453125 0.1125
0 0.74765625 0.20277777777777778 0.053125 0.13194444444444445
0 0.8484375 0.2263888888888889 0.06484375 0.1527777777777778
0 0.53828125 0.1638888888888889 0.03515625 0.09583333333333334
0 0.47890625 0.15416666666666667 0.03359375 0.0875
0 0.42890625 0.14444444444444443 0.02578125 0.0763888888888889
0 0.35390625 0.12916666666666668 0.0171875 0.06527777777777778
0 0.384375 0.1361111111111111 0.01953125 0.07083333333333333
2 0.05859375 0.3 0.096875 0.24305555555555555
2 0.17265625 0.2569444444444444 0.078125 0.19444444444444445
2 0.309375 0.19305555555555556 0.03671875 0.13055555555555556
2 0.2484375 0.23194444444444445 0.06171875 0.1597222222222222
2 0.28046875 0.20277777777777778 0.05078125 0.1638888888888889