2 0.05546875 0.3 0.1109375 0.28194444444444444
2 0.1625 0.2361111111111111 0.0765625 0.18472222222222223
0 0.85859375 0.32083333333333336 0.11640625 0.2847222222222222
0 0.7421875 0.23055555555555557 0.07265625 0.20416666666666666
0 0.57265625 0.12916666666666668 0.0375 0.1
0 0.5171875 0.12361111111111112 0.03359375 0.08333333333333333
0 0.6828125 0.17777777777777778 0.04453125 0.15
0 0.47109375 0.11388888888888889 0.0296875 0.08055555555555556
0 0.6328125 0.1527777777777778 0.03671875 0.12777777777777777
0 0.61640625 0.14027777777777778 0.02890625 0.1111111111111111
0 0.33828125 0.09166666666666666 0.0171875 0.06111111111111111
0 0.4296875 0.10833333333333334 0.0234375 0.0763888888888889
0 0.4015625 0.10416666666666667 0.01953125 0.06666666666666667
0 0.3734375 0.1 0.01640625 0.06111111111111111
2 0.25859375 0.16666666666666666 0.0484375 0.15
2 0.2609375 0.1375 0.046875 0.12916666666666668
2 0.228125 0.11805555555555555 0.046875 0.125