0 0.7453125 0.42777777777777776 0.04921875 0.13333333333333333
0 0.68984375 0.3888888888888889 0.0359375 0.09861111111111111
0 0.640625 0.3625 0.02578125 0.07361111111111111
0 0.61484375 0.3486111111111111 0.01640625 0.058333333333333334
0 0.59296875 0.3402777777777778 0.0125 0.044444444444444446
0 0.809375 0.3236111111111111 0.00859375 0.015277777777777777
0 0.5828125 0.3347222222222222 0.01015625 0.03611111111111111
0 0.56953125 0.3333333333333333 0.00859375 0.025
2 0.42109375 0.325 0.01484375 0.04722222222222222
2 0.203125 0.4263888888888889 0.06171875 0.1486111111111111
2 0.31484375 0.3763888888888889 0.034375 0.09583333333333334
2 0.3640625 0.35555555555555557 0.0234375 0.075
2 0.40546875 0.3388888888888889 0.01484375 0.041666666666666664
2 0.38359375 0.3458333333333333 0.0171875 0.05555555555555555
2 0.43671875 0.3236111111111111 0.01171875 0.03611111111111111