2 0.78359375 0.41944444444444445 0.05625 0.13472222222222222
2 0.6484375 0.3625 0.02578125 0.07083333333333333
2 0.7015625 0.38472222222222224 0.03671875 0.1
2 0.59140625 0.3416666666666667 0.01484375 0.043055555555555555
2 0.61796875 0.35 0.02109375 0.05694444444444444
2 0.58046875 0.3375 0.0125 0.034722222222222224
2 0.5609375 0.3277777777777778 0.0109375 0.030555555555555555
2 0.56953125 0.3333333333333333 0.01171875 0.029166666666666667
0 0.20078125 0.4361111111111111 0.06953125 0.15416666666666667
0 0.28515625 0.39444444444444443 0.0421875 0.12777777777777777
0 0.34140625 0.36527777777777776 0.0265625 0.09027777777777778
0 0.36640625 0.3527777777777778 0.02421875 0.08333333333333333