2 0.8515625 0.3958333333333333 0.0625 0.12083333333333333
2 0.971875 0.4388888888888889 0.05546875 0.16527777777777777
2 0.7625 0.3611111111111111 0.03828125 0.08194444444444444
2 0.7125 0.3458333333333333 0.02890625 0.06527777777777778
2 0.68125 0.33611111111111114 0.02265625 0.05138888888888889
2 0.65703125 0.32916666666666666 0.01875 0.044444444444444446
2 0.615625 0.31805555555555554 0.0125 0.02638888888888889
2 0.63984375 0.3236111111111111 0.01484375 0.0375
2 0.62890625 0.32083333333333336 0.01171875 0.03194444444444444
0 0.1078125 0.46805555555555556 0.103125 0.1763888888888889
0 0.24375 0.40694444444444444 0.0609375 0.11805555555555555
0 0.3328125 0.3680555555555556 0.034375 0.08194444444444444
0 0.37421875 0.3541666666666667 0.028125 0.06527777777777778
0 0.39921875 0.34305555555555556 0.01953125 0.05