0 0.66484375 0.38472222222222224 0.03203125 0.09027777777777778
0 0.7375 0.4152777777777778 0.04609375 0.11805555555555555
0 0.61484375 0.3625 0.0234375 0.06527777777777778
0 0.56640625 0.3416666666666667 0.0109375 0.03333333333333333
0 0.5953125 0.3527777777777778 0.01640625 0.05416666666666667
0 0.578125 0.3486111111111111 0.01328125 0.03333333333333333
2 0.31015625 0.37916666666666665 0.0328125 0.08888888888888889
2 0.26015625 0.40555555555555556 0.04375 0.11527777777777778
2 0.38515625 0.35138888888888886 0.01640625 0.05
2 0.3984375 0.3416666666666667 0.01328125 0.044444444444444446
2 0.41015625 0.3402777777777778 0.01171875 0.03194444444444444
2 0.35625 0.3638888888888889 0.02265625 0.07222222222222222
2 0.41796875 0.3347222222222222 0.0109375 0.030555555555555555