2 0.8609375 0.13333333333333333 0.03046875 0.07222222222222222
2 0.8125 0.13055555555555556 0.02421875 0.06805555555555555
2 0.7703125 0.12916666666666668 0.0234375 0.06527777777777778
2 0.96953125 0.14444444444444443 0.03203125 0.08194444444444444
2 0.89375 0.13472222222222222 0.028125 0.07361111111111111
2 0.93125 0.1388888888888889 0.03203125 0.07916666666666666
2 0.728125 0.12916666666666668 0.02109375 0.0625
0 0.25859375 0.3625 0.115625 0.2833333333333333
0 0.4046875 0.2916666666666667 0.08359375 0.21666666666666667
0 0.4984375 0.2569444444444444 0.0703125 0.17916666666666667
0 0.546875 0.22777777777777777 0.0546875 0.14722222222222223
0 0.6484375 0.19305555555555556 0.04453125 0.1111111111111111
0 0.590625 0.20833333333333334 0.04453125 0.13055555555555556
0 0.67421875 0.18055555555555555 0.02890625 0.10277777777777777