2 0.7296875 0.3861111111111111 0.0546875 0.07222222222222222
2 0.67890625 0.3333333333333333 0.0375 0.0875
2 0.8140625 0.5013888888888889 0.05 0.09583333333333334
2 0.6484375 0.3194444444444444 0.028125 0.06527777777777778
2 0.5921875 0.2847222222222222 0.01796875 0.044444444444444446
2 0.1125 0.27361111111111114 0.01328125 0.029166666666666667
2 0.62734375 0.3055555555555556 0.0234375 0.059722222222222225
2 0.0734375 0.275 0.0140625 0.030555555555555555
2 0.01484375 0.2763888888888889 0.0140625 0.029166666666666667
2 0.61171875 0.29583333333333334 0.021875 0.05277777777777778
2 0.703125 0.2777777777777778 0.0140625 0.029166666666666667
2 0.790625 0.2722222222222222 0.01484375 0.025
2 0.25 0.26805555555555555 0.0109375 0.022222222222222223
2 0.7359375 0.275 0.01640625 0.03333333333333333
0 0.20703125 0.3375 0.0484375 0.09027777777777778
0 0.09609375 0.36666666666666664 0.0640625 0.11944444444444445
0 0.275 0.3194444444444444 0.03515625 0.06944444444444445
0 0.334375 0.29583333333333334 0.01875 0.059722222222222225
0 0.309375 0.3013888888888889 0.0234375 0.07222222222222222
0 0.36015625 0.2902777777777778 0.015625 0.05138888888888889
0 0.39140625 0.28194444444444444 0.01484375 0.041666666666666664
0 0.14140625 0.27361111111111114 0.01015625 0.03611111111111111
0 0.18125 0.2763888888888889 0.009375 0.030555555555555555
0 0.371875 0.2902777777777778 0.01328125 0.043055555555555555
0 0.234375 0.2722222222222222 0.01328125 0.034722222222222224
0 0.403125 0.2777777777777778 0.0125 0.043055555555555555