0 0.76484375 0.5027777777777778 0.109375 0.20972222222222223
0 0.67109375 0.4236111111111111 0.06328125 0.13055555555555556
0 0.61484375 0.37916666666666665 0.0359375 0.08611111111111111
0 0.5875 0.3638888888888889 0.021875 0.06527777777777778
2 0.14765625 0.3736111111111111 0.04609375 0.08611111111111111
2 0.2265625 0.35694444444444445 0.03203125 0.06944444444444445
2 0.31015625 0.3375 0.0203125 0.04861111111111111
2 0.015625 0.42083333333333334 0.03046875 0.1111111111111111
2 0.384375 0.31805555555555554 0.0140625 0.034722222222222224
2 0.275 0.3472222222222222 0.02421875 0.05555555555555555
2 0.3359375 0.3277777777777778 0.015625 0.05277777777777778
2 0.35390625 0.3263888888888889 0.01328125 0.041666666666666664
2 0.3703125 0.3236111111111111 0.01328125 0.03611111111111111