2 0.63125 0.19583333333333333 0.05234375 0.13333333333333333
2 0.3203125 0.24722222222222223 0.075 0.18472222222222223
2 0.7203125 0.19027777777777777 0.04765625 0.12777777777777777
2 0.2015625 0.28888888888888886 0.090625 0.23055555555555557
2 0.80234375 0.1875 0.05078125 0.12777777777777777
2 0.8875 0.18888888888888888 0.0515625 0.12361111111111112
2 0.41953125 0.23194444444444445 0.06328125 0.16944444444444445
2 0.07421875 0.3375 0.11796875 0.275
2 0.4984375 0.21666666666666667 0.05703125 0.15138888888888888
2 0.56953125 0.2013888888888889 0.0515625 0.1388888888888889
2 0.965625 0.18472222222222223 0.05234375 0.125