0 0.77890625 0.4375 0.071875 0.16944444444444445
0 0.66171875 0.3736111111111111 0.040625 0.10694444444444444
0 0.61328125 0.3472222222222222 0.028125 0.08055555555555556
0 0.57578125 0.33194444444444443 0.01796875 0.0625
0 0.559375 0.32083333333333336 0.0140625 0.05138888888888889
0 0.540625 0.31805555555555554 0.01328125 0.04027777777777778
2 0.146875 0.4083333333333333 0.06328125 0.15416666666666667
2 0.25390625 0.3638888888888889 0.03515625 0.10694444444444444
2 0.29296875 0.3416666666666667 0.02421875 0.07916666666666666
2 0.32890625 0.3263888888888889 0.0203125 0.0625
2 0.35078125 0.31805555555555554 0.01640625 0.05277777777777778
2 0.3609375 0.3125 0.0125 0.041666666666666664
2 0.37578125 0.30833333333333335 0.0140625 0.04027777777777778