2 0.1859375 0.4638888888888889 0.096875 0.19583333333333333
2 0.28984375 0.38472222222222224 0.0515625 0.1111111111111111
2 0.3375 0.35694444444444445 0.0359375 0.08194444444444444
2 0.0171875 0.7027777777777777 0.034375 0.16666666666666666
2 0.36640625 0.3402777777777778 0.0265625 0.06527777777777778
2 0.38671875 0.32916666666666666 0.02265625 0.05694444444444444
2 0.41953125 0.30972222222222223 0.015625 0.041666666666666664
2 0.4015625 0.3194444444444444 0.01953125 0.05277777777777778
0 0.8875 0.3875 0.06015625 0.1125
0 0.784375 0.3541666666666667 0.04296875 0.09722222222222222
0 0.7203125 0.33611111111111114 0.03671875 0.07916666666666666
0 0.63984375 0.31666666666666665 0.01484375 0.044444444444444446
0 0.68515625 0.32916666666666666 0.0234375 0.06388888888888888
0 0.62734375 0.31527777777777777 0.0125 0.043055555555555555
0 0.6109375 0.30972222222222223 0.01171875 0.03611111111111111
0 0.5984375 0.30694444444444446 0.0125 0.03611111111111111
0 0.66328125 0.325 0.0171875 0.04861111111111111
0 0.584375 0.30416666666666664 0.01328125 0.03611111111111111
0 0.5640625 0.30277777777777776 0.01484375 0.0375
0 0.5375 0.30694444444444446 0.01953125 0.034722222222222224