0 0.94296875 0.5097222222222222 0.08828125 0.22916666666666666
0 0.965625 0.4513888888888889 0.065625 0.1527777777777778
2 0.246875 0.39861111111111114 0.065625 0.1111111111111111
2 0.0484375 0.44583333333333336 0.08984375 0.16111111111111112
2 0.33203125 0.3888888888888889 0.0515625 0.1
2 0.53359375 0.3680555555555556 0.0453125 0.07916666666666666
2 0.43828125 0.3763888888888889 0.04453125 0.0875
2 0.18359375 0.4125 0.06171875 0.12638888888888888
2 0.61328125 0.3638888888888889 0.0421875 0.07222222222222222
2 0.759375 0.3597222222222222 0.03984375 0.06805555555555555
2 0.82890625 0.35833333333333334 0.03671875 0.06666666666666667
2 0.91640625 0.35555555555555557 0.0375 0.07222222222222222
2 0.68046875 0.3625 0.04453125 0.07222222222222222