0 0.87734375 0.2375 0.0765625 0.1875
0 0.7609375 0.17777777777777778 0.0421875 0.13333333333333333
0 0.69609375 0.15 0.02890625 0.09722222222222222
0 0.65625 0.12916666666666668 0.01953125 0.07777777777777778
0 0.63359375 0.11944444444444445 0.015625 0.06527777777777778
0 0.61015625 0.10694444444444444 0.01328125 0.05694444444444444
0 0.5890625 0.09722222222222222 0.0109375 0.044444444444444446
0 0.5765625 0.08888888888888889 0.009375 0.04027777777777778
2 0.0890625 0.23194444444444445 0.0765625 0.19166666666666668
2 0.290625 0.14722222222222223 0.03046875 0.09305555555555556
2 0.22578125 0.1736111111111111 0.0453125 0.13055555555555556
2 0.35 0.11666666666666667 0.01875 0.06944444444444445
2 0.37265625 0.10694444444444444 0.0171875 0.059722222222222225
2 0.32265625 0.12777777777777777 0.0234375 0.08611111111111111
2 0.39453125 0.09583333333333334 0.01328125 0.05416666666666667