2 0.15546875 0.4222222222222222 0.0953125 0.18194444444444444
2 0.08046875 0.4722222222222222 0.10859375 0.2375
2 0.23984375 0.37916666666666665 0.071875 0.14027777777777778
2 0.028125 0.625 0.05625 0.3638888888888889
2 0.29921875 0.35694444444444445 0.06171875 0.11666666666666667
2 0.4078125 0.3236111111111111 0.040625 0.08055555555555556
2 0.3671875 0.32916666666666666 0.03359375 0.08472222222222223
2 0.340625 0.3388888888888889 0.04296875 0.09722222222222222
0 0.94921875 0.3958333333333333 0.0796875 0.15
0 0.9859375 0.3333333333333333 0.028125 0.08333333333333333
0 0.9078125 0.3763888888888889 0.06640625 0.12222222222222222
0 0.90625 0.35138888888888886 0.04453125 0.09861111111111111
0 0.95 0.3347222222222222 0.03828125 0.09583333333333334