2 0.03125 0.4361111111111111 0.0625 0.16666666666666666
2 0.20234375 0.38055555555555554 0.05 0.09861111111111111
2 0.2765625 0.3611111111111111 0.03515625 0.06944444444444445
2 0.3234375 0.3458333333333333 0.0265625 0.05555555555555555
2 0.35234375 0.3347222222222222 0.0203125 0.04722222222222222
2 0.36953125 0.33194444444444443 0.015625 0.0375
2 0.38359375 0.3263888888888889 0.01484375 0.0375
2 0.434375 0.30972222222222223 0.01171875 0.029166666666666667
2 0.4171875 0.31527777777777777 0.01171875 0.030555555555555555
2 0.39453125 0.32083333333333336 0.01328125 0.03888888888888889
2 0.0171875 0.42916666666666664 0.034375 0.14722222222222223
0 0.9625 0.45416666666666666 0.075 0.1638888888888889
0 0.7171875 0.3680555555555556 0.03671875 0.07777777777777778
0 0.67734375 0.3527777777777778 0.0265625 0.059722222222222225
0 0.64296875 0.34305555555555556 0.01953125 0.041666666666666664
0 0.61796875 0.3388888888888889 0.0140625 0.03194444444444444
0 0.8 0.39444444444444443 0.0546875 0.10277777777777777
0 0.575 0.31666666666666665 0.01953125 0.03611111111111111
0 0.59609375 0.32083333333333336 0.0171875 0.043055555555555555
0 0.60078125 0.325 0.0140625 0.03888888888888889