2 0.834375 0.30694444444444446 0.09453125 0.2375
2 0.72265625 0.2361111111111111 0.05546875 0.14305555555555555
2 0.64140625 0.18055555555555555 0.03359375 0.10277777777777777
2 0.684375 0.20694444444444443 0.04140625 0.12638888888888888
0 0.1953125 0.31527777777777777 0.0875 0.225
0 0.29140625 0.24444444444444444 0.04609375 0.15555555555555556
0 0.33203125 0.2125 0.03359375 0.12916666666666668
0 0.35625 0.18888888888888888 0.0296875 0.1111111111111111
0 0.4234375 0.1625 0.02109375 0.08472222222222223
0 0.3921875 0.16805555555555557 0.02109375 0.08472222222222223
0 0.38125 0.17777777777777778 0.02421875 0.09305555555555556
0 0.46328125 0.15555555555555556 0.02578125 0.0763888888888889