0 0.23046875 0.5375 0.12421875 0.24583333333333332
0 0.365625 0.41805555555555557 0.059375 0.12361111111111112
0 0.40703125 0.38055555555555554 0.03515625 0.08611111111111111
0 0.440625 0.36527777777777776 0.025 0.05416666666666667
0 0.4453125 0.35 0.0203125 0.04583333333333333
0 0.4640625 0.34305555555555556 0.01484375 0.043055555555555555
2 0.8796875 0.375 0.046875 0.08611111111111111
2 0.78671875 0.35555555555555557 0.03125 0.06527777777777778
2 0.73125 0.34305555555555556 0.02265625 0.05277777777777778
2 0.7078125 0.3416666666666667 0.01953125 0.03888888888888889
2 0.6546875 0.3236111111111111 0.0140625 0.044444444444444446
2 0.6875 0.32916666666666666 0.0171875 0.05138888888888889
2 0.63203125 0.32222222222222224 0.01328125 0.03194444444444444
2 0.6703125 0.3277777777777778 0.015625 0.04583333333333333
2 0.64375 0.3236111111111111 0.01171875 0.0375