0 0.9125 0.25972222222222224 0.09921875 0.2222222222222222
0 0.7578125 0.19305555555555556 0.05234375 0.15
0 0.6765625 0.15416666666666667 0.03515625 0.10972222222222222
0 0.6296875 0.13055555555555556 0.02109375 0.0875
0 0.603125 0.11944444444444445 0.01796875 0.07083333333333333
0 0.57890625 0.10694444444444444 0.01484375 0.058333333333333334
2 0.1515625 0.18194444444444444 0.05390625 0.14305555555555555
2 0.26640625 0.12916666666666668 0.0296875 0.09166666666666666
2 0.29921875 0.11527777777777778 0.021875 0.075
2 0.32578125 0.10555555555555556 0.0171875 0.06111111111111111
2 0.22421875 0.1486111111111111 0.03125 0.10972222222222222