2 0.04296875 0.4583333333333333 0.08515625 0.19583333333333333
2 0.334375 0.3125 0.01953125 0.041666666666666664
2 0.29453125 0.31527777777777777 0.01953125 0.044444444444444446
2 0.25625 0.31805555555555554 0.021875 0.05
2 0.3734375 0.3111111111111111 0.015625 0.03888888888888889
2 0.13671875 0.41388888888888886 0.09140625 0.15
2 0.40703125 0.30972222222222223 0.0140625 0.0375
2 0.44609375 0.30972222222222223 0.0140625 0.034722222222222224
2 0.22265625 0.32222222222222224 0.02109375 0.05416666666666667
2 0.1859375 0.36666666666666664 0.0359375 0.11805555555555555
2 0.20625 0.3277777777777778 0.02109375 0.059722222222222225
2 0.2296875 0.31805555555555554 0.01328125 0.04861111111111111
0 0.96875 0.44583333333333336 0.06171875 0.16527777777777777
0 0.628125 0.3638888888888889 0.04609375 0.08888888888888889
0 0.72890625 0.37916666666666665 0.05078125 0.09583333333333334
0 0.915625 0.41944444444444445 0.07734375 0.13333333333333333
0 0.55390625 0.3638888888888889 0.0359375 0.05555555555555555
0 0.50078125 0.3375 0.01953125 0.06111111111111111
0 0.5171875 0.3458333333333333 0.02578125 0.07222222222222222
0 0.83359375 0.39444444444444443 0.06640625 0.11944444444444445
0 0.546875 0.325 0.01640625 0.043055555555555555