2 0.91875 0.5527777777777778 0.14375 0.2638888888888889
2 0.73125 0.44027777777777777 0.07265625 0.14583333333333334
2 0.625 0.37777777777777777 0.0328125 0.0763888888888889
2 0.65859375 0.4041666666666667 0.04453125 0.08888888888888889
2 0.58359375 0.3597222222222222 0.01953125 0.041666666666666664
2 0.73203125 0.3416666666666667 0.0203125 0.03888888888888889
2 0.66171875 0.3458333333333333 0.01875 0.0375
2 0.771875 0.3347222222222222 0.01484375 0.041666666666666664
2 0.79921875 0.33611111111111114 0.01640625 0.0375
2 0.59765625 0.36666666666666664 0.02578125 0.059722222222222225
0 0.190625 0.3875 0.04453125 0.07222222222222222
0 0.075 0.41388888888888886 0.06484375 0.11388888888888889
0 0.22578125 0.375 0.0359375 0.06944444444444445
0 0.2765625 0.3638888888888889 0.02734375 0.05
0 0.33515625 0.34444444444444444 0.0109375 0.04583333333333333
0 0.3671875 0.3402777777777778 0.0140625 0.04722222222222222
0 0.30390625 0.35138888888888886 0.0171875 0.04722222222222222
0 0.31953125 0.3472222222222222 0.01875 0.04722222222222222
0 0.2125 0.33611111111111114 0.0125 0.02638888888888889
0 0.240625 0.33055555555555555 0.01328125 0.03194444444444444