2 0.14453125 0.39305555555555555 0.07265625 0.18611111111111112
2 0.3015625 0.3611111111111111 0.05703125 0.15
2 0.39921875 0.3402777777777778 0.04765625 0.12638888888888888
2 0.45390625 0.33194444444444443 0.04140625 0.11666666666666667
2 0.50546875 0.3236111111111111 0.03359375 0.09027777777777778
2 0.53984375 0.3236111111111111 0.02890625 0.06527777777777778
2 0.52109375 0.2791666666666667 0.01875 0.059722222222222225
2 0.55546875 0.30416666666666664 0.0203125 0.07361111111111111
0 0.82578125 0.3 0.03515625 0.09722222222222222
0 0.784375 0.2833333333333333 0.0296875 0.09583333333333334
0 0.7484375 0.2861111111111111 0.02734375 0.06527777777777778