1 0.1515625 0.26944444444444443 0.06796875 0.19166666666666668
1 0.89609375 0.25 0.06875 0.1736111111111111
1 0.8046875 0.2111111111111111 0.04921875 0.13472222222222222
1 0.234375 0.21805555555555556 0.046875 0.14305555555555555
1 0.74375 0.18611111111111112 0.03359375 0.10833333333333334
1 0.63984375 0.16527777777777777 0.0234375 0.08333333333333333
1 0.48828125 0.16666666666666666 0.02421875 0.0875
1 0.5875 0.16805555555555557 0.0234375 0.08055555555555556
1 0.53984375 0.16527777777777777 0.02265625 0.0875
1 0.303125 0.18611111111111112 0.0296875 0.09861111111111111
1 0.69609375 0.16527777777777777 0.02578125 0.08472222222222223
1 0.3375 0.17083333333333334 0.02265625 0.08055555555555556
1 0.43359375 0.16805555555555557 0.02578125 0.08194444444444444
1 0.38359375 0.16805555555555557 0.02578125 0.07916666666666666