0 0.15078125 0.23333333333333334 0.0546875 0.1638888888888889
0 0.02265625 0.31805555555555554 0.04453125 0.25
0 0.24296875 0.1875 0.03984375 0.12222222222222222
0 0.31171875 0.15694444444444444 0.02578125 0.08472222222222223
0 0.34609375 0.14027777777777778 0.0171875 0.07083333333333333
0 0.3640625 0.13194444444444445 0.01484375 0.06111111111111111
2 0.96953125 0.2972222222222222 0.0609375 0.2388888888888889
2 0.765625 0.19722222222222222 0.0484375 0.13472222222222222
2 0.7046875 0.1638888888888889 0.0328125 0.10555555555555556
2 0.65625 0.1388888888888889 0.02265625 0.08194444444444444
2 0.6296875 0.13055555555555556 0.01796875 0.06388888888888888
2 0.6140625 0.12361111111111112 0.01640625 0.059722222222222225