0 0.95625 0.3125 0.0875 0.2375
0 0.7921875 0.2222222222222222 0.05703125 0.15138888888888888
0 0.71484375 0.18611111111111112 0.03828125 0.10972222222222222
0 0.6640625 0.15833333333333333 0.02421875 0.08055555555555556
0 0.6328125 0.14583333333333334 0.0171875 0.06805555555555555
0 0.61171875 0.1375 0.0140625 0.058333333333333334
2 0.171875 0.21666666666666667 0.05703125 0.15138888888888888
2 0.24296875 0.18194444444444444 0.03984375 0.11666666666666667
2 0.3015625 0.15833333333333333 0.02734375 0.09166666666666666
2 0.33984375 0.14305555555555555 0.0203125 0.06944444444444445
2 0.3734375 0.12777777777777777 0.01484375 0.058333333333333334
2 0.359375 0.13333333333333333 0.01328125 0.06111111111111111