1 0.9640625 0.2375 0.07109375 0.20972222222222223
1 0.09140625 0.24444444444444444 0.08828125 0.2222222222222222
1 0.84140625 0.17777777777777778 0.0578125 0.14444444444444443
1 0.23125 0.1736111111111111 0.04765625 0.14305555555555555
1 0.746875 0.1375 0.03203125 0.10694444444444444
1 0.2984375 0.14166666666666666 0.0296875 0.10555555555555556
1 0.696875 0.11527777777777778 0.01953125 0.0875
1 0.33984375 0.12361111111111112 0.02109375 0.08055555555555556
1 0.6734375 0.10277777777777777 0.01796875 0.075
1 0.64765625 0.09444444444444444 0.015625 0.06111111111111111
1 0.36875 0.10694444444444444 0.01953125 0.07916666666666666
1 0.38828125 0.09861111111111111 0.015625 0.06111111111111111