0 0.8359375 0.2611111111111111 0.075 0.1875
2 0.1046875 0.24305555555555555 0.06953125 0.17222222222222222
1 0.22890625 0.19305555555555556 0.03515625 0.11944444444444445
1 0.29140625 0.16527777777777777 0.025 0.09166666666666666
1 0.6640625 0.16944444444444445 0.02421875 0.09583333333333334
1 0.31171875 0.15555555555555556 0.02109375 0.07916666666666666
1 0.34140625 0.14444444444444443 0.01796875 0.07083333333333333
1 0.71171875 0.19444444444444445 0.03984375 0.11805555555555555
1 0.6171875 0.14722222222222223 0.01640625 0.06388888888888888
1 0.38046875 0.12638888888888888 0.01171875 0.05138888888888889
1 0.365625 0.13472222222222222 0.01484375 0.05694444444444444
1 0.63828125 0.15833333333333333 0.01953125 0.075
1 0.596875 0.1375 0.0140625 0.05416666666666667