0 0.90234375 0.6638888888888889 0.1921875 0.3597222222222222
0 0.66015625 0.4625 0.0765625 0.1597222222222222
0 0.61796875 0.4027777777777778 0.04375 0.10138888888888889
0 0.57578125 0.38055555555555554 0.034375 0.08333333333333333
0 0.94453125 0.33611111111111114 0.0140625 0.020833333333333332
0 0.99453125 0.3375 0.0109375 0.025
0 0.9046875 0.33194444444444443 0.01171875 0.019444444444444445
0 0.54921875 0.3625 0.0203125 0.058333333333333334
2 0.14140625 0.3736111111111111 0.040625 0.08055555555555556
2 0.19375 0.3638888888888889 0.03203125 0.06805555555555555
2 0.23671875 0.35555555555555557 0.02890625 0.05694444444444444
2 0.29609375 0.3416666666666667 0.01875 0.044444444444444446
2 0.0625 0.39166666666666666 0.0546875 0.10416666666666667
2 0.31796875 0.3388888888888889 0.0171875 0.04027777777777778
2 0.26953125 0.34305555555555556 0.0234375 0.06527777777777778
2 0.33515625 0.3333333333333333 0.015625 0.03611111111111111
2 0.884375 0.325 0.0125 0.02638888888888889
2 0.06171875 0.4097222222222222 0.04609375 0.06111111111111111
2 0.38203125 0.3236111111111111 0.01484375 0.029166666666666667