2 0.3453125 0.18888888888888888 0.053125 0.1375
2 0.2015625 0.2263888888888889 0.07109375 0.1763888888888889
2 0.85 0.15694444444444444 0.03984375 0.09861111111111111
2 0.71875 0.15694444444444444 0.03828125 0.10277777777777777
2 0.58203125 0.1625 0.040625 0.10833333333333334
2 0.090625 0.25416666666666665 0.084375 0.20833333333333334
2 0.47578125 0.1736111111111111 0.04453125 0.11944444444444445
2 0.7859375 0.15694444444444444 0.03984375 0.10138888888888889
2 0.41796875 0.18194444444444444 0.05078125 0.12916666666666668
2 0.6546875 0.15833333333333333 0.0375 0.10416666666666667
2 0.53203125 0.16666666666666666 0.04296875 0.1125
2 0.2703125 0.20694444444444443 0.06171875 0.15833333333333333
2 0.984375 0.15138888888888888 0.03125 0.1111111111111111
2 0.0203125 0.30277777777777776 0.040625 0.2569444444444444
2 0.9171875 0.16111111111111112 0.03828125 0.09166666666666666