2 0.909375 0.41944444444444445 0.08046875 0.1375
2 0.79765625 0.38472222222222224 0.04921875 0.1
2 0.72890625 0.36527777777777776 0.03671875 0.0763888888888889
2 0.590625 0.3263888888888889 0.0140625 0.04027777777777778
2 0.68359375 0.3541666666666667 0.0296875 0.06388888888888888
2 0.615625 0.33055555555555555 0.0171875 0.041666666666666664
0 0.375 0.3347222222222222 0.0125 0.05555555555555555
2 0.44453125 0.31666666666666665 0.01015625 0.029166666666666667
2 0.54765625 0.3236111111111111 0.01328125 0.03611111111111111
2 0.5 0.3194444444444444 0.0125 0.03194444444444444
2 0.53125 0.32083333333333336 0.01171875 0.034722222222222224
2 0.47890625 0.31805555555555554 0.01328125 0.029166666666666667
2 0.5625 0.325 0.0125 0.03333333333333333
2 0.51640625 0.3194444444444444 0.0109375 0.03194444444444444
2 0.4046875 0.31666666666666665 0.01015625 0.027777777777777776
2 0.42578125 0.31805555555555554 0.01171875 0.029166666666666667
2 0.46328125 0.31805555555555554 0.01015625 0.029166666666666667
2 0.6328125 0.33611111111111114 0.01796875 0.04722222222222222
2 0.65234375 0.34305555555555556 0.02265625 0.05277777777777778
0 0.08359375 0.44027777777777777 0.08359375 0.14305555555555555
0 0.2265625 0.39444444444444443 0.053125 0.09861111111111111
0 0.2859375 0.37222222222222223 0.0375 0.08055555555555556
0 0.32109375 0.3625 0.028125 0.059722222222222225
0 0.38828125 0.3333333333333333 0.0171875 0.04027777777777778
0 0.35546875 0.3472222222222222 0.0203125 0.05416666666666667