1 0.86484375 0.2375 0.0609375 0.1597222222222222
1 0.1625 0.2513888888888889 0.06328125 0.18194444444444444
1 0.23203125 0.2111111111111111 0.04453125 0.1375
1 0.7890625 0.20416666666666666 0.0453125 0.12916666666666668
1 0.296875 0.18194444444444444 0.02890625 0.09861111111111111
1 0.7359375 0.17916666666666667 0.0328125 0.10694444444444444
1 0.63671875 0.16111111111111112 0.02109375 0.0875
1 0.484375 0.1625 0.02421875 0.09027777777777778
1 0.5359375 0.1625 0.0234375 0.09027777777777778
1 0.584375 0.1638888888888889 0.021875 0.08472222222222223
1 0.428125 0.16527777777777777 0.0234375 0.08472222222222223
1 0.6921875 0.15694444444444444 0.02265625 0.09027777777777778
1 0.33125 0.16666666666666666 0.02265625 0.08333333333333333
1 0.378125 0.1638888888888889 0.0234375 0.08472222222222223