0 0.81640625 0.23333333333333334 0.06796875 0.16666666666666666
0 0.96171875 0.31527777777777777 0.0765625 0.24583333333333332
0 0.71875 0.1875 0.03984375 0.11944444444444445
0 0.66328125 0.1597222222222222 0.02734375 0.09305555555555556
0 0.628125 0.14583333333333334 0.01875 0.07083333333333333
0 0.60234375 0.13055555555555556 0.015625 0.0625
2 0.0578125 0.25555555555555554 0.0828125 0.2
2 0.20703125 0.19166666666666668 0.0453125 0.13055555555555556
2 0.26875 0.1638888888888889 0.034375 0.10138888888888889
2 0.31015625 0.14305555555555555 0.025 0.08055555555555556
2 0.34453125 0.12916666666666668 0.01875 0.06527777777777778