0 0.86640625 0.22916666666666666 0.07421875 0.19166666666666668
0 0.74453125 0.16666666666666666 0.04140625 0.12916666666666668
0 0.69609375 0.14305555555555555 0.0296875 0.10555555555555556
0 0.65859375 0.12777777777777777 0.02109375 0.08333333333333333
0 0.62734375 0.11388888888888889 0.01640625 0.06666666666666667
0 0.6125 0.10694444444444444 0.01484375 0.058333333333333334
0 0.596875 0.09861111111111111 0.01171875 0.05
0 0.58515625 0.09305555555555556 0.0109375 0.04583333333333333
2 0.184375 0.1763888888888889 0.04765625 0.14444444444444443
2 0.26484375 0.14305555555555555 0.03203125 0.10694444444444444
2 0.30390625 0.12638888888888888 0.02578125 0.09166666666666666
2 0.3484375 0.10555555555555556 0.015625 0.06944444444444445
2 0.33515625 0.1125 0.01953125 0.0763888888888889
2 0.36875 0.09722222222222222 0.015625 0.059722222222222225
2 0.38203125 0.09444444444444444 0.01484375 0.05277777777777778
2 0.39375 0.08888888888888889 0.01171875 0.04722222222222222
2 0.18046875 0.1388888888888889 0.01796875 0.06805555555555555