0 0.83828125 0.24861111111111112 0.06171875 0.17916666666666667
0 0.7296875 0.19583333333333333 0.03515625 0.12361111111111112
0 0.6125 0.13472222222222222 0.0140625 0.06111111111111111
0 0.67109375 0.16666666666666666 0.0234375 0.09305555555555556
0 0.6359375 0.16527777777777777 0.01796875 0.043055555555555555
0 0.6359375 0.15 0.01953125 0.075
0 0.59296875 0.12777777777777777 0.0125 0.05
0 0.7265625 0.22083333333333333 0.02734375 0.06805555555555555
0 0.58046875 0.12083333333333333 0.0109375 0.04583333333333333
0 0.84453125 0.17222222222222222 0.01640625 0.027777777777777776
2 0.053125 0.2708333333333333 0.08984375 0.2013888888888889
2 0.2015625 0.2013888888888889 0.05078125 0.1388888888888889
2 0.2875 0.16527777777777777 0.02734375 0.09305555555555556
2 0.31953125 0.15 0.021875 0.08333333333333333
2 0.34921875 0.1375 0.01640625 0.06805555555555555
2 0.37109375 0.125 0.0125 0.058333333333333334
2 0.38359375 0.12083333333333333 0.0125 0.04861111111111111
2 0.1984375 0.22777777777777777 0.0390625 0.0763888888888889
2 0.39375 0.11666666666666667 0.0125 0.04861111111111111
2 0.19765625 0.1638888888888889 0.0171875 0.0625