2 0.64765625 0.38055555555555554 0.0484375 0.09583333333333334
2 0.934375 0.41805555555555557 0.08046875 0.14027777777777778
2 0.8046875 0.4013888888888889 0.06640625 0.12222222222222222
2 0.54765625 0.3763888888888889 0.040625 0.09027777777777778
2 0.4359375 0.37222222222222223 0.040625 0.08472222222222223
2 0.22265625 0.3625 0.0390625 0.07361111111111111
2 0.28671875 0.36527777777777776 0.040625 0.07777777777777778
2 0.3453125 0.3680555555555556 0.03828125 0.07916666666666666
2 0.08046875 0.3277777777777778 0.015625 0.03194444444444444
2 0.17109375 0.35833333333333334 0.03125 0.06944444444444445
2 0.7234375 0.3888888888888889 0.0578125 0.10694444444444444
2 0.1359375 0.3486111111111111 0.0375 0.07222222222222222
2 0.1234375 0.34444444444444444 0.0171875 0.06805555555555555