2 0.96640625 0.44305555555555554 0.0640625 0.1625
2 0.796875 0.3861111111111111 0.0484375 0.09583333333333334
2 0.72421875 0.3680555555555556 0.034375 0.06805555555555555
2 0.67890625 0.3527777777777778 0.02578125 0.05416666666666667
2 0.65 0.3416666666666667 0.0203125 0.04583333333333333
2 0.63359375 0.3388888888888889 0.015625 0.03611111111111111
2 0.61953125 0.3333333333333333 0.01484375 0.0375
2 0.5703125 0.31666666666666665 0.0109375 0.029166666666666667
2 0.58671875 0.32222222222222224 0.01171875 0.029166666666666667
2 0.60859375 0.3277777777777778 0.01328125 0.0375
2 0.98046875 0.4361111111111111 0.0359375 0.14305555555555555
0 0.04453125 0.4583333333333333 0.0890625 0.16111111111111112
0 0.29296875 0.3736111111111111 0.0359375 0.0763888888888889
0 0.33203125 0.3597222222222222 0.0265625 0.058333333333333334
0 0.365625 0.35 0.01875 0.04027777777777778
0 0.390625 0.3458333333333333 0.0140625 0.03194444444444444
0 0.21171875 0.4 0.053125 0.10138888888888889
0 0.43203125 0.3236111111111111 0.01953125 0.034722222222222224
0 0.41171875 0.32916666666666666 0.01640625 0.043055555555555555
0 0.40703125 0.3333333333333333 0.0140625 0.0375