2 0.04375 0.49027777777777776 0.08671875 0.19166666666666668
2 0.2875 0.4236111111111111 0.06484375 0.11666666666666667
2 0.184375 0.4513888888888889 0.08125 0.14583333333333334
2 0.403125 0.4041666666666667 0.04375 0.09305555555555556
2 0.45546875 0.3888888888888889 0.03359375 0.07916666666666666
2 0.4796875 0.37916666666666665 0.025 0.0763888888888889
0 0.975 0.5069444444444444 0.04921875 0.18611111111111112
0 0.93046875 0.46805555555555556 0.0859375 0.14722222222222223
0 0.82421875 0.38333333333333336 0.03125 0.05416666666666667
0 0.76015625 0.36944444444444446 0.028125 0.06527777777777778
0 0.89453125 0.45 0.05234375 0.09444444444444444
0 0.715625 0.37083333333333335 0.01875 0.04722222222222222
0 0.87265625 0.39166666666666666 0.03203125 0.0625
0 0.6875 0.37083333333333335 0.0234375 0.034722222222222224
0 0.9109375 0.38472222222222224 0.028125 0.04861111111111111