0 0.9125 0.3138888888888889 0.08828125 0.24305555555555555
0 0.76953125 0.2361111111111111 0.04453125 0.16666666666666666
0 0.67734375 0.19166666666666668 0.0296875 0.11944444444444445
0 0.62890625 0.17083333333333334 0.0203125 0.09444444444444444
0 0.6015625 0.15416666666666667 0.01796875 0.075
0 0.575 0.14305555555555555 0.0140625 0.06111111111111111
0 0.55859375 0.13333333333333333 0.01171875 0.05
2 0.05546875 0.24305555555555555 0.06953125 0.1763888888888889
2 0.234375 0.17083333333333334 0.03125 0.10416666666666667
2 0.1734375 0.19444444444444445 0.03828125 0.12777777777777777
2 0.3046875 0.14444444444444443 0.0171875 0.06805555555555555
2 0.278125 0.15555555555555556 0.0234375 0.08611111111111111
2 0.32734375 0.13472222222222222 0.01484375 0.05416666666666667
2 0.3453125 0.13055555555555556 0.01484375 0.04722222222222222