2 0.796875 0.45694444444444443 0.08125 0.19166666666666668
2 0.4203125 0.37916666666666665 0.0421875 0.10138888888888889
2 0.49453125 0.3902777777777778 0.0484375 0.11388888888888889
2 0.67890625 0.4263888888888889 0.0625 0.15555555555555556
2 0.3578125 0.37083333333333335 0.0359375 0.09722222222222222
2 0.29375 0.36527777777777776 0.034375 0.09166666666666666
2 0.55 0.4 0.04765625 0.125
2 0.615625 0.4097222222222222 0.05390625 0.1375
2 0.16328125 0.3597222222222222 0.0375 0.08055555555555556
2 0.240625 0.3611111111111111 0.034375 0.08472222222222223
2 0.06796875 0.35833333333333334 0.03515625 0.08333333333333333