0 0.078125 0.2777777777777778 0.06796875 0.19583333333333333
0 0.21328125 0.2125 0.0359375 0.12916666666666668
0 0.2609375 0.19027777777777777 0.028125 0.10555555555555556
0 0.3015625 0.16944444444444445 0.02109375 0.0875
0 0.3296875 0.15833333333333333 0.0171875 0.07083333333333333
0 0.35 0.14583333333333334 0.01484375 0.06388888888888888
0 0.365625 0.1388888888888889 0.0125 0.05277777777777778
0 0.37578125 0.13333333333333333 0.0109375 0.04722222222222222
2 0.89765625 0.2791666666666667 0.08046875 0.1986111111111111
2 0.72109375 0.19722222222222222 0.0359375 0.11666666666666667
2 0.6640625 0.1736111111111111 0.02734375 0.09444444444444444
2 0.634375 0.16111111111111112 0.021875 0.0763888888888889
2 0.609375 0.15 0.0171875 0.06805555555555555
2 0.5875 0.1388888888888889 0.0171875 0.059722222222222225
2 0.7625 0.21666666666666667 0.0453125 0.14027777777777778
2 0.5765625 0.13472222222222222 0.01484375 0.05416666666666667
2 0.56484375 0.12916666666666668 0.0125 0.04861111111111111