0 0.06484375 0.3 0.09453125 0.2263888888888889
0 0.22265625 0.21944444444444444 0.04765625 0.14444444444444443
0 0.29921875 0.18194444444444444 0.03046875 0.10416666666666667
0 0.34453125 0.1597222222222222 0.02265625 0.08055555555555556
0 0.37265625 0.14583333333333334 0.01640625 0.06666666666666667
0 0.3921875 0.13333333333333333 0.01484375 0.05416666666666667
0 0.40859375 0.12638888888888888 0.0125 0.04861111111111111
0 0.43125 0.11805555555555555 0.01015625 0.03888888888888889
0 0.4203125 0.12222222222222222 0.01015625 0.043055555555555555
2 0.85234375 0.23194444444444445 0.06484375 0.1597222222222222
2 0.74921875 0.18611111111111112 0.03984375 0.11527777777777778
2 0.68359375 0.15555555555555556 0.02578125 0.08472222222222223
2 0.63359375 0.13333333333333333 0.0171875 0.059722222222222225
2 0.65859375 0.14444444444444443 0.01953125 0.07083333333333333
2 0.6140625 0.12638888888888888 0.01328125 0.05138888888888889
2 0.60234375 0.12083333333333333 0.0125 0.04583333333333333
2 0.59453125 0.11666666666666667 0.0109375 0.04027777777777778
2 0.58671875 0.11388888888888889 0.009375 0.0375