0 0.1625 0.24861111111111112 0.06640625 0.16944444444444445
0 0.253125 0.20416666666666666 0.03984375 0.125
0 0.3203125 0.175 0.02421875 0.08611111111111111
0 0.34765625 0.1597222222222222 0.01953125 0.0763888888888889
0 0.37265625 0.1486111111111111 0.01484375 0.059722222222222225
0 0.390625 0.1388888888888889 0.01328125 0.05416666666666667
0 0.4046875 0.13333333333333333 0.01171875 0.04583333333333333
2 0.86953125 0.24583333333333332 0.06328125 0.17083333333333334
2 0.76953125 0.20416666666666666 0.0421875 0.12638888888888888
2 0.703125 0.175 0.0296875 0.09305555555555556
2 0.64609375 0.1486111111111111 0.01953125 0.07222222222222222
2 0.68046875 0.1625 0.025 0.08611111111111111
2 0.6265625 0.14166666666666666 0.0171875 0.058333333333333334
2 0.609375 0.13333333333333333 0.0140625 0.05416666666666667
2 0.59296875 0.125 0.01328125 0.04722222222222222