1 0.10859375 0.21666666666666667 0.0765625 0.1763888888888889
1 0.98203125 0.325 0.03515625 0.2875
1 0.83359375 0.21666666666666667 0.075 0.18333333333333332
1 0.20234375 0.175 0.0515625 0.13472222222222222
1 0.75390625 0.1763888888888889 0.04453125 0.12361111111111112
1 0.29296875 0.14166666666666666 0.03203125 0.09444444444444444
1 0.71171875 0.14583333333333334 0.0296875 0.10138888888888889
1 0.53828125 0.10416666666666667 0.01640625 0.06527777777777778
1 0.4609375 0.10277777777777777 0.01640625 0.06111111111111111
1 0.5 0.10277777777777777 0.01484375 0.06111111111111111
1 0.421875 0.10138888888888889 0.01484375 0.058333333333333334
1 0.665625 0.1111111111111111 0.015625 0.07083333333333333
1 0.615625 0.10138888888888889 0.01328125 0.059722222222222225
1 0.32890625 0.12638888888888888 0.0234375 0.08055555555555556
1 0.57890625 0.10555555555555556 0.01484375 0.05555555555555555
1 0.65 0.10277777777777777 0.01484375 0.058333333333333334
1 0.35546875 0.11666666666666667 0.01875 0.06944444444444445
1 0.38203125 0.10555555555555556 0.01484375 0.058333333333333334
1 0.690625 0.12638888888888888 0.02109375 0.08611111111111111