0 0.15625 0.31527777777777777 0.08828125 0.21805555555555556
0 0.2765625 0.24861111111111112 0.04609375 0.1486111111111111
0 0.359375 0.20833333333333334 0.0359375 0.1111111111111111
0 0.40234375 0.18472222222222223 0.02265625 0.08611111111111111
0 0.428125 0.17222222222222222 0.01953125 0.07083333333333333
0 0.453125 0.16111111111111112 0.0140625 0.058333333333333334
0 0.46875 0.15416666666666667 0.01328125 0.04861111111111111
2 0.9359375 0.25416666666666665 0.0640625 0.1638888888888889
2 0.83046875 0.20833333333333334 0.03984375 0.11527777777777778
2 0.73515625 0.17083333333333334 0.02265625 0.07361111111111111
2 0.71015625 0.16111111111111112 0.01953125 0.059722222222222225
2 0.77578125 0.18611111111111112 0.03046875 0.09305555555555556
2 0.6890625 0.15 0.0140625 0.05416666666666667