2 0.7234375 0.39166666666666666 0.0609375 0.11805555555555555
2 0.96171875 0.43194444444444446 0.07578125 0.1625
2 0.43125 0.3680555555555556 0.03828125 0.09166666666666666
2 0.825 0.4041666666666667 0.07265625 0.13472222222222222
2 0.5328125 0.375 0.04765625 0.09861111111111111
2 0.17265625 0.35694444444444445 0.046875 0.0763888888888889
2 0.0953125 0.3541666666666667 0.04609375 0.075
2 0.29921875 0.3611111111111111 0.04453125 0.08194444444444444
2 0.375 0.36527777777777776 0.0484375 0.0875
2 0.0203125 0.35555555555555557 0.040625 0.075
2 0.22890625 0.35833333333333334 0.046875 0.07916666666666666
2 0.62265625 0.38333333333333336 0.05390625 0.10833333333333334