1 0.80625 0.21388888888888888 0.0515625 0.1361111111111111
1 0.15859375 0.25416666666666665 0.06875 0.18333333333333332
1 0.87421875 0.24444444444444444 0.06328125 0.17083333333333334
1 0.24765625 0.20833333333333334 0.040625 0.13472222222222222
1 0.72421875 0.18194444444444444 0.0296875 0.1
1 0.3046875 0.17916666666666667 0.02890625 0.10694444444444444
1 0.35 0.16527777777777777 0.01953125 0.0763888888888889
1 0.671875 0.15833333333333333 0.0203125 0.08055555555555556
1 0.6453125 0.14583333333333334 0.01484375 0.06527777777777778
1 0.39609375 0.1361111111111111 0.0125 0.05416666666666667
1 0.3765625 0.14722222222222223 0.015625 0.0625
1 0.6265625 0.1375 0.0125 0.05277777777777778
1 0.61484375 0.13472222222222222 0.01171875 0.044444444444444446
1 0.40859375 0.12916666666666668 0.01171875 0.04583333333333333