2 0.80078125 0.3861111111111111 0.053125 0.10833333333333334
2 0.92578125 0.425 0.0828125 0.15138888888888888
2 0.71015625 0.3680555555555556 0.04453125 0.0875
2 0.634375 0.3597222222222222 0.03515625 0.06666666666666667
2 0.36171875 0.3263888888888889 0.01875 0.0375
2 0.50625 0.3375 0.02421875 0.05138888888888889
2 0.56796875 0.3472222222222222 0.028125 0.06111111111111111
2 0.60234375 0.35138888888888886 0.03203125 0.06666666666666667
2 0.47265625 0.3333333333333333 0.02265625 0.04722222222222222
2 0.390625 0.3277777777777778 0.015625 0.04027777777777778
2 0.41953125 0.32916666666666666 0.0171875 0.04027777777777778
2 0.4484375 0.33055555555555555 0.01953125 0.043055555555555555
2 0.5390625 0.3416666666666667 0.0265625 0.05694444444444444
0 0.12109375 0.42916666666666664 0.075 0.1375
0 0.21328125 0.4013888888888889 0.053125 0.09583333333333334
0 0.2578125 0.3763888888888889 0.02890625 0.08888888888888889