2 0.7765625 0.45416666666666666 0.096875 0.19583333333333333
2 0.6875 0.3888888888888889 0.06171875 0.13333333333333333
2 0.6375 0.35138888888888886 0.0390625 0.09305555555555556
2 0.58359375 0.30833333333333335 0.0203125 0.08055555555555556
2 0.5875 0.32083333333333336 0.01640625 0.0625
2 0.61015625 0.3333333333333333 0.03125 0.07361111111111111
0 0.10859375 0.3611111111111111 0.05078125 0.09444444444444444
0 0.190625 0.3416666666666667 0.040625 0.07361111111111111
0 0.253125 0.3263888888888889 0.02890625 0.06111111111111111
0 0.2921875 0.31666666666666665 0.02109375 0.05
0 0.32421875 0.30694444444444446 0.015625 0.04722222222222222
0 0.3453125 0.3 0.01328125 0.04722222222222222
0 0.36484375 0.30277777777777776 0.0125 0.03333333333333333
0 0.38046875 0.29444444444444445 0.0140625 0.034722222222222224