0 0.21015625 0.4263888888888889 0.05859375 0.1361111111111111
0 0.28046875 0.39861111111111114 0.03984375 0.09305555555555556
0 0.2984375 0.35138888888888886 0.01796875 0.058333333333333334
2 0.8203125 0.4222222222222222 0.0625 0.15138888888888888
2 0.60078125 0.35694444444444445 0.028125 0.06805555555555555
2 0.4796875 0.3333333333333333 0.01640625 0.04722222222222222
2 0.65859375 0.36527777777777776 0.03515625 0.08611111111111111
2 0.39609375 0.325 0.01328125 0.0375
2 0.55 0.34444444444444444 0.01640625 0.059722222222222225
2 0.528125 0.3402777777777778 0.01875 0.05555555555555555
2 0.5046875 0.33611111111111114 0.0171875 0.05277777777777778
2 0.36328125 0.3236111111111111 0.0109375 0.034722222222222224
2 0.4609375 0.32916666666666666 0.015625 0.044444444444444446
2 0.43984375 0.3277777777777778 0.01328125 0.04027777777777778
2 0.4171875 0.3263888888888889 0.01171875 0.04027777777777778
2 0.34140625 0.3236111111111111 0.01171875 0.03194444444444444
2 0.72734375 0.38333333333333336 0.040625 0.10555555555555556
2 0.5765625 0.3486111111111111 0.0234375 0.06805555555555555