2 0.02578125 0.5652777777777778 0.0515625 0.32222222222222224
2 0.2828125 0.3625 0.053125 0.11527777777777778
2 0.20859375 0.4125 0.08046875 0.16666666666666666
2 0.33125 0.33611111111111114 0.03671875 0.08888888888888889
2 0.35390625 0.3194444444444444 0.028125 0.07777777777777778
2 0.3640625 0.30694444444444446 0.01953125 0.06388888888888888
0 0.9078125 0.3736111111111111 0.06796875 0.11805555555555555
0 0.83828125 0.3541666666666667 0.05546875 0.09861111111111111
0 0.75234375 0.33055555555555555 0.03828125 0.06944444444444445
0 0.5125 0.3 0.0203125 0.043055555555555555
0 0.70859375 0.31666666666666665 0.025 0.0625
0 0.57734375 0.3013888888888889 0.01875 0.04722222222222222
0 0.62578125 0.30694444444444446 0.0125 0.05138888888888889
0 0.6609375 0.30833333333333335 0.01796875 0.05
0 0.6890625 0.30833333333333335 0.01953125 0.06111111111111111