0 0.221875 0.22916666666666666 0.04765625 0.14305555555555555
0 0.06953125 0.30694444444444446 0.09296875 0.21805555555555556
0 0.28984375 0.1986111111111111 0.0296875 0.10416666666666667
0 0.3421875 0.17222222222222222 0.01953125 0.07916666666666666
0 0.365625 0.16111111111111112 0.01640625 0.06388888888888888
0 0.3921875 0.15 0.01328125 0.058333333333333334
0 0.42421875 0.1361111111111111 0.01015625 0.0375
0 0.41484375 0.1375 0.009375 0.03888888888888889
0 0.43515625 0.12916666666666668 0.00859375 0.03194444444444444
0 0.4046875 0.14166666666666666 0.01171875 0.04722222222222222
2 0.95078125 0.29444444444444445 0.08515625 0.2111111111111111
2 0.73046875 0.19166666666666668 0.03671875 0.10833333333333334
2 0.8109375 0.22916666666666666 0.05390625 0.14444444444444443
2 0.63671875 0.1527777777777778 0.01640625 0.0625
2 0.678125 0.17083333333333334 0.02421875 0.08194444444444444
2 0.6546875 0.1625 0.0203125 0.07083333333333333
2 0.621875 0.14722222222222223 0.01640625 0.05416666666666667
2 0.61015625 0.14027777777777778 0.0125 0.04861111111111111
2 0.6 0.1361111111111111 0.01328125 0.04583333333333333
2 0.58359375 0.12916666666666668 0.0109375 0.04027777777777778
2 0.590625 0.13333333333333333 0.01015625 0.041666666666666664