0 0.0890625 0.4861111111111111 0.10625 0.18611111111111112
0 0.23046875 0.4222222222222222 0.06171875 0.11944444444444445
0 0.3203125 0.3888888888888889 0.0484375 0.08333333333333333
0 0.3796875 0.38055555555555554 0.040625 0.07777777777777778
0 0.55 0.37083333333333335 0.02734375 0.0625
0 0.45390625 0.3763888888888889 0.03359375 0.06944444444444445
0 0.271875 0.4013888888888889 0.0453125 0.09027777777777778
0 0.6203125 0.36527777777777776 0.03046875 0.058333333333333334
0 0.690625 0.35555555555555557 0.025 0.059722222222222225
2 0.84921875 0.38472222222222224 0.05078125 0.11805555555555555
2 0.97734375 0.4486111111111111 0.04453125 0.13472222222222222
2 0.99765625 0.36666666666666664 0.0015625 0.009722222222222222