0 0.1609375 0.25972222222222224 0.06796875 0.1875
0 0.25546875 0.20694444444444443 0.040625 0.13333333333333333
0 0.3171875 0.1763888888888889 0.0328125 0.10138888888888889
0 0.3703125 0.15138888888888888 0.01875 0.07222222222222222
0 0.3953125 0.1388888888888889 0.0140625 0.06111111111111111
0 0.41015625 0.13194444444444445 0.01328125 0.05555555555555555
0 0.42265625 0.12777777777777777 0.01171875 0.04861111111111111
0 0.43515625 0.12083333333333333 0.0109375 0.04027777777777778
2 0.90234375 0.24722222222222223 0.0625 0.17916666666666667
2 0.753125 0.18333333333333332 0.0375 0.1111111111111111
2 0.7078125 0.15694444444444444 0.0265625 0.09166666666666666
2 0.66796875 0.1375 0.01875 0.07222222222222222
2 0.6328125 0.12638888888888888 0.01484375 0.05138888888888889
2 0.64609375 0.13055555555555556 0.015625 0.059722222222222225
2 0.61796875 0.11805555555555555 0.01484375 0.05