2 0.80390625 0.4166666666666667 0.08828125 0.14583333333333334
2 0.67890625 0.39861111111111114 0.0671875 0.12361111111111112
2 0.94921875 0.44583333333333336 0.1015625 0.17916666666666667
2 0.4578125 0.3736111111111111 0.05 0.09444444444444444
2 0.59453125 0.3888888888888889 0.05859375 0.1111111111111111
2 0.51875 0.37916666666666665 0.053125 0.10138888888888889
2 0.39140625 0.3680555555555556 0.0453125 0.08888888888888889
2 0.3375 0.3638888888888889 0.04375 0.08333333333333333
2 0.1953125 0.35833333333333334 0.03984375 0.0763888888888889
2 0.00859375 0.35694444444444445 0.01640625 0.07222222222222222
2 0.28125 0.3597222222222222 0.04140625 0.07777777777777778
2 0.08828125 0.35833333333333334 0.04140625 0.0763888888888889