2 0.853125 0.4166666666666667 0.06953125 0.1375
2 0.75859375 0.37777777777777777 0.0421875 0.09583333333333334
2 0.69140625 0.35833333333333334 0.02890625 0.06805555555555555
2 0.61328125 0.3333333333333333 0.01640625 0.043055555555555555
2 0.63671875 0.3375 0.01953125 0.05
2 0.653125 0.34305555555555556 0.02265625 0.05555555555555555
2 0.57109375 0.32083333333333336 0.01484375 0.02638888888888889
2 0.596875 0.3263888888888889 0.015625 0.0375
0 0.1609375 0.43194444444444446 0.07578125 0.1375
0 0.26640625 0.3875 0.046875 0.09305555555555556
0 0.32890625 0.3638888888888889 0.02890625 0.07083333333333333
0 0.35859375 0.35 0.01953125 0.05416666666666667
0 0.3875 0.3416666666666667 0.0171875 0.04583333333333333
0 0.40859375 0.3388888888888889 0.01328125 0.027777777777777776
0 0.41875 0.33194444444444443 0.01328125 0.034722222222222224
0 0.43671875 0.3263888888888889 0.009375 0.022222222222222223
0 0.428125 0.33055555555555555 0.01015625 0.020833333333333332