0 0.8671875 0.5097222222222222 0.1296875 0.24444444444444444
0 0.696875 0.4111111111111111 0.0703125 0.1486111111111111
0 0.621875 0.35555555555555557 0.03671875 0.09166666666666666
0 0.59765625 0.3375 0.0265625 0.07222222222222222
0 0.578125 0.32222222222222224 0.01953125 0.059722222222222225
0 0.5625 0.31805555555555554 0.0171875 0.04027777777777778
2 0.05078125 0.36666666666666664 0.06171875 0.11805555555555555
2 0.1484375 0.34305555555555556 0.046875 0.09583333333333334
2 0.21171875 0.33055555555555555 0.0359375 0.0763888888888889
2 0.29921875 0.3138888888888889 0.021875 0.043055555555555555
2 0.325 0.3055555555555556 0.01875 0.043055555555555555
2 0.26328125 0.3194444444444444 0.02734375 0.05416666666666667
2 0.34453125 0.3013888888888889 0.015625 0.03611111111111111
2 0.39453125 0.2902777777777778 0.01328125 0.027777777777777776
2 0.3625 0.3013888888888889 0.01484375 0.027777777777777776