2 0.98125 0.18611111111111112 0.03515625 0.12222222222222222
2 0.60078125 0.1375 0.02265625 0.06805555555555555
2 0.55859375 0.1375 0.0234375 0.06805555555555555
2 0.80390625 0.1527777777777778 0.03359375 0.08611111111111111
2 0.8953125 0.16527777777777777 0.03828125 0.10277777777777777
2 0.64375 0.1388888888888889 0.02421875 0.07083333333333333
2 0.853125 0.15694444444444444 0.03671875 0.09166666666666666
2 0.76484375 0.14722222222222223 0.03046875 0.08194444444444444
2 0.69296875 0.14166666666666666 0.028125 0.07361111111111111
2 0.7265625 0.14305555555555555 0.028125 0.0763888888888889
2 0.5203125 0.1361111111111111 0.02109375 0.06666666666666667
2 0.934375 0.1736111111111111 0.04765625 0.10972222222222222
0 0.08671875 0.4486111111111111 0.15859375 0.37222222222222223
0 0.26640625 0.3486111111111111 0.10859375 0.2722222222222222
0 0.40703125 0.24722222222222223 0.06015625 0.16805555555555557
0 0.34765625 0.2875 0.07890625 0.2013888888888889
0 0.47890625 0.21805555555555556 0.05390625 0.14444444444444443
0 0.50859375 0.1986111111111111 0.03359375 0.12916666666666668