1 0.85234375 0.2875 0.0875 0.22361111111111112
1 0.21171875 0.2972222222222222 0.084375 0.2263888888888889
1 0.31484375 0.21944444444444444 0.05 0.15138888888888888
1 0.72734375 0.20972222222222223 0.0484375 0.14722222222222223
1 0.35859375 0.18333333333333332 0.03984375 0.11527777777777778
1 0.67734375 0.17916666666666667 0.0359375 0.1125
1 0.5359375 0.13333333333333333 0.0203125 0.07083333333333333
1 0.64375 0.1527777777777778 0.02578125 0.0875
1 0.39765625 0.15416666666666667 0.025 0.09027777777777778
1 0.6203125 0.1388888888888889 0.02265625 0.0763888888888889
1 0.42890625 0.13333333333333333 0.0171875 0.06944444444444445
1 0.41484375 0.14166666666666666 0.01640625 0.07361111111111111
1 0.465625 0.13194444444444445 0.0234375 0.07083333333333333