0 0.11796875 0.3277777777777778 0.08515625 0.23472222222222222
0 0.25546875 0.25277777777777777 0.04296875 0.1597222222222222
0 0.34453125 0.20972222222222223 0.02890625 0.11527777777777778
0 0.390625 0.19027777777777777 0.01953125 0.09027777777777778
0 0.4171875 0.1736111111111111 0.0171875 0.07222222222222222
0 0.44296875 0.1625 0.01328125 0.059722222222222225
0 0.45859375 0.1527777777777778 0.01171875 0.04861111111111111
2 0.94296875 0.25972222222222224 0.06640625 0.17083333333333334
2 0.77109375 0.18888888888888888 0.03046875 0.10138888888888889
2 0.8296875 0.2125 0.03671875 0.12361111111111112
2 0.70390625 0.1638888888888889 0.01640625 0.06527777777777778
2 0.72890625 0.175 0.02265625 0.08194444444444444
2 0.68125 0.15416666666666667 0.01484375 0.05138888888888889
2 0.6640625 0.15 0.0140625 0.04583333333333333