2 0.72265625 0.4166666666666667 0.07421875 0.13194444444444445
2 0.96015625 0.45 0.0796875 0.1736111111111111
2 0.4515625 0.3819444444444444 0.046875 0.09027777777777778
2 0.33046875 0.36666666666666664 0.03671875 0.07361111111111111
2 0.159375 0.3416666666666667 0.02421875 0.04861111111111111
2 0.25703125 0.35555555555555557 0.03359375 0.06111111111111111
2 0.20546875 0.3472222222222222 0.0296875 0.05555555555555555
2 0.121875 0.3375 0.02109375 0.043055555555555555
2 0.0859375 0.3333333333333333 0.0171875 0.03888888888888889
2 0.0484375 0.3277777777777778 0.0171875 0.03333333333333333
2 0.06796875 0.33194444444444443 0.0171875 0.0375
2 0.03203125 0.3263888888888889 0.01328125 0.03194444444444444
2 0.0046875 0.325 0.009375 0.027777777777777776
2 0.01640625 0.325 0.01328125 0.027777777777777776