0 0.91171875 0.6791666666666667 0.1765625 0.4305555555555556
0 0.7046875 0.49722222222222223 0.12578125 0.24305555555555555
0 0.63125 0.4513888888888889 0.09296875 0.16944444444444445
0 0.540625 0.3888888888888889 0.06953125 0.1375
0 0.7296875 0.32222222222222224 0.02421875 0.06527777777777778
0 0.5078125 0.3597222222222222 0.040625 0.10833333333333334
0 0.88828125 0.3013888888888889 0.0171875 0.044444444444444446
0 0.58671875 0.3416666666666667 0.03671875 0.08194444444444444
0 0.80078125 0.3125 0.0203125 0.05694444444444444
0 0.85 0.30694444444444446 0.01875 0.04722222222222222
0 0.996875 0.28888888888888886 0.00625 0.027777777777777776
0 0.6328125 0.3333333333333333 0.0328125 0.07916666666666666
0 0.95390625 0.29444444444444445 0.01484375 0.034722222222222224
0 0.92734375 0.2972222222222222 0.01484375 0.0375
0 0.978125 0.29444444444444445 0.0125 0.02638888888888889
2 0.103125 0.32083333333333336 0.0375 0.07777777777777778
2 0.26484375 0.3125 0.03359375 0.06527777777777778
2 0.1609375 0.31805555555555554 0.0359375 0.075
2 0.428125 0.30416666666666664 0.0234375 0.05416666666666667
2 0.01875 0.3388888888888889 0.03671875 0.09722222222222222
2 0.52265625 0.2986111111111111 0.015625 0.04722222222222222
2 0.69296875 0.28888888888888886 0.01484375 0.03888888888888889
2 0.64140625 0.2902777777777778 0.01328125 0.03888888888888889
2 0.0515625 0.33055555555555555 0.03984375 0.08888888888888889
2 0.78046875 0.2833333333333333 0.0140625 0.03194444444444444
2 0.59140625 0.29444444444444445 0.01328125 0.041666666666666664
2 0.73671875 0.2861111111111111 0.01171875 0.034722222222222224
2 0.83203125 0.28055555555555556 0.0125 0.030555555555555555
2 0.86015625 0.2777777777777778 0.01015625 0.027777777777777776
2 0.8078125 0.28194444444444444 0.0109375 0.03194444444444444