1 0.875 0.23194444444444445 0.06015625 0.1597222222222222
1 0.22421875 0.22916666666666666 0.05390625 0.1597222222222222
1 0.03671875 0.34305555555555556 0.0734375 0.2722222222222222
1 0.784375 0.19305555555555556 0.0421875 0.11805555555555555
1 0.30546875 0.19444444444444445 0.03984375 0.11805555555555555
1 0.3484375 0.17222222222222222 0.0296875 0.09583333333333334
1 0.74453125 0.1763888888888889 0.03125 0.09722222222222222
1 0.69765625 0.1527777777777778 0.01875 0.07777777777777778
1 0.44765625 0.13194444444444445 0.01171875 0.05
1 0.6765625 0.14444444444444443 0.015625 0.06805555555555555
1 0.51328125 0.12916666666666668 0.0125 0.05
1 0.4078125 0.1361111111111111 0.0125 0.05555555555555555
1 0.54609375 0.12777777777777777 0.01171875 0.05277777777777778
1 0.5765625 0.12916666666666668 0.0125 0.05
1 0.60859375 0.12916666666666668 0.01328125 0.05138888888888889
1 0.4796875 0.12916666666666668 0.0125 0.05
1 0.659375 0.1375 0.01484375 0.059722222222222225
1 0.64296875 0.12916666666666668 0.01328125 0.05277777777777778
1 0.37734375 0.15694444444444444 0.0171875 0.0763888888888889