1 0.96796875 0.32083333333333336 0.0640625 0.2638888888888889
1 0.078125 0.2375 0.07890625 0.18333333333333332
1 0.215625 0.18333333333333332 0.0453125 0.12361111111111112
1 0.8328125 0.23055555555555557 0.065625 0.1763888888888889
1 0.75234375 0.1875 0.040625 0.12777777777777777
1 0.2953125 0.15138888888888888 0.02890625 0.09166666666666666
1 0.68984375 0.15694444444444444 0.02890625 0.09583333333333334
1 0.6546875 0.1375 0.0203125 0.0763888888888889
1 0.63125 0.125 0.0140625 0.06111111111111111
1 0.3328125 0.1375 0.02109375 0.07777777777777778
1 0.36015625 0.12361111111111112 0.01640625 0.0625
1 0.37734375 0.11666666666666667 0.01484375 0.058333333333333334
1 0.61484375 0.11805555555555555 0.01328125 0.05277777777777778
1 0.39609375 0.10972222222222222 0.01171875 0.05138888888888889