0 0.0625 0.4305555555555556 0.12421875 0.33611111111111114
0 0.2421875 0.28055555555555556 0.075 0.19722222222222222
0 0.31015625 0.23055555555555557 0.053125 0.1486111111111111
0 0.34921875 0.19583333333333333 0.034375 0.11666666666666667
0 0.43671875 0.1597222222222222 0.021875 0.08472222222222223
0 0.48046875 0.15555555555555556 0.02421875 0.07083333333333333
0 0.5546875 0.14444444444444443 0.01484375 0.0625
0 0.3875 0.18888888888888888 0.02265625 0.07916666666666666
0 0.52109375 0.1486111111111111 0.01953125 0.06527777777777778
0 0.39296875 0.1763888888888889 0.03515625 0.10416666666666667
2 0.81015625 0.2638888888888889 0.07734375 0.20416666666666666
2 0.71953125 0.1597222222222222 0.03359375 0.08888888888888889
2 0.83046875 0.13055555555555556 0.02109375 0.07916666666666666
2 0.81015625 0.13194444444444445 0.01953125 0.08472222222222223
2 0.75703125 0.1375 0.02109375 0.09583333333333334
2 0.69296875 0.1625 0.02265625 0.08472222222222223