0 0.85625 0.24166666666666667 0.06484375 0.16944444444444445
0 0.73984375 0.1875 0.0375 0.11666666666666667
0 0.9890625 0.3597222222222222 0.021875 0.2
0 0.70078125 0.16944444444444445 0.02734375 0.0875
0 0.66875 0.15 0.0203125 0.075
0 0.6375 0.1361111111111111 0.015625 0.058333333333333334
0 0.6109375 0.12361111111111112 0.0125 0.044444444444444446
0 0.62109375 0.12777777777777777 0.01171875 0.04861111111111111
2 0.175 0.23055555555555557 0.06171875 0.16111111111111112
2 0.2796875 0.18333333333333332 0.03359375 0.1125
2 0.35 0.1527777777777778 0.025 0.08194444444444444
2 0.375 0.14027777777777778 0.0203125 0.07083333333333333
2 0.3984375 0.12638888888888888 0.015625 0.058333333333333334
2 0.4140625 0.12361111111111112 0.01484375 0.04722222222222222