2 0.27265625 0.44166666666666665 0.053125 0.07083333333333333
2 0.32265625 0.3902777777777778 0.03671875 0.08472222222222223
2 0.190625 0.5541666666666667 0.0484375 0.09444444444444444
2 0.3515625 0.3763888888888889 0.028125 0.06388888888888888
2 0.40703125 0.34305555555555556 0.0171875 0.043055555555555555
2 0.875 0.33194444444444443 0.0125 0.029166666666666667
2 0.37265625 0.3625 0.0234375 0.058333333333333334
2 0.91328125 0.3333333333333333 0.01328125 0.030555555555555555
2 0.97109375 0.3347222222222222 0.01328125 0.029166666666666667
2 0.38828125 0.3541666666666667 0.02109375 0.05138888888888889
2 0.29921875 0.33611111111111114 0.01328125 0.029166666666666667
2 0.21328125 0.33055555555555555 0.0140625 0.025
2 0.740625 0.3263888888888889 0.01015625 0.022222222222222223
2 0.26640625 0.3333333333333333 0.015625 0.03194444444444444
0 0.7828125 0.39444444444444443 0.046875 0.0875
0 0.890625 0.4222222222222222 0.0625 0.11666666666666667
0 0.71640625 0.3763888888888889 0.034375 0.06805555555555555
0 0.65859375 0.3541666666666667 0.01796875 0.058333333333333334
0 0.6828125 0.3597222222222222 0.02265625 0.07083333333333333
0 0.63359375 0.3486111111111111 0.015625 0.05
0 0.603125 0.3402777777777778 0.01484375 0.04027777777777778
0 0.846875 0.33194444444444443 0.01015625 0.03611111111111111
0 0.8078125 0.3347222222222222 0.009375 0.029166666666666667
0 0.621875 0.3486111111111111 0.0125 0.041666666666666664
0 0.75625 0.33055555555555555 0.01328125 0.034722222222222224
0 0.59140625 0.33611111111111114 0.0125 0.041666666666666664