0 0.7890625 0.4875 0.1171875 0.225
0 0.6890625 0.4027777777777778 0.0671875 0.14027777777777778
0 0.628125 0.3541666666666667 0.03828125 0.09305555555555556
0 0.5984375 0.3375 0.025 0.06944444444444445
2 0.125 0.3486111111111111 0.05 0.09305555555555556
2 0.3 0.30972222222222223 0.021875 0.05277777777777778
2 0.2109375 0.33055555555555555 0.03515625 0.07361111111111111
2 0.38046875 0.28888888888888886 0.01640625 0.0375
2 0.328125 0.2986111111111111 0.0171875 0.05694444444444444
2 0.346875 0.2972222222222222 0.0140625 0.044444444444444446
2 0.2625 0.3194444444444444 0.02578125 0.06111111111111111
2 0.36484375 0.29583333333333334 0.0140625 0.0375