2 0.08671875 0.3402777777777778 0.01953125 0.043055555555555555
2 0.14453125 0.3388888888888889 0.01640625 0.04027777777777778
2 0.5421875 0.3236111111111111 0.01015625 0.02638888888888889
2 0.3125 0.32916666666666666 0.0109375 0.03194444444444444
2 0.18671875 0.33611111111111114 0.0140625 0.03611111111111111
2 0.2640625 0.3333333333333333 0.0140625 0.03333333333333333
2 0.58984375 0.32222222222222224 0.009375 0.02361111111111111
2 0.8109375 0.3125 0.009375 0.018055555555555554
2 0.36171875 0.32916666666666666 0.01171875 0.029166666666666667
2 0.7734375 0.3125 0.00859375 0.016666666666666666
2 0.6765625 0.31805555555555554 0.009375 0.020833333333333332
2 0.85234375 0.30972222222222223 0.009375 0.015277777777777777
2 0.88984375 0.30833333333333335 0.009375 0.015277777777777777
0 0.384375 0.4263888888888889 0.06171875 0.12638888888888888
0 0.71015625 0.39444444444444443 0.053125 0.09722222222222222
0 0.83984375 0.38055555555555554 0.04453125 0.0875
0 0.56875 0.4083333333333333 0.0578125 0.1111111111111111
0 0.94296875 0.37083333333333335 0.034375 0.0763888888888889
0 0.07421875 0.35694444444444445 0.025 0.04861111111111111
0 0.3296875 0.3375 0.0109375 0.043055555555555555
0 0.28203125 0.34305555555555556 0.01171875 0.041666666666666664
0 0.22265625 0.34305555555555556 0.01875 0.05138888888888889
0 0.17890625 0.35 0.02578125 0.04583333333333333
0 0.015625 0.3611111111111111 0.021875 0.05138888888888889
0 0.640625 0.3236111111111111 0.0109375 0.03888888888888889
2 0.42265625 0.32222222222222224 0.0125 0.04027777777777778
0 0.42734375 0.33611111111111114 0.01484375 0.03333333333333333
0 0.78515625 0.32222222222222224 0.0125 0.027777777777777776
0 0.375 0.3375 0.0140625 0.03888888888888889
0 0.48125 0.3236111111111111 0.01953125 0.030555555555555555
0 0.484375 0.33194444444444443 0.0109375 0.03611111111111111
0 0.8796875 0.32083333333333336 0.01015625 0.016666666666666666
0 0.7328125 0.32222222222222224 0.009375 0.030555555555555555
0 0.92421875 0.31805555555555554 0.01015625 0.016666666666666666
0 0.5671875 0.33055555555555555 0.01015625 0.03333333333333333
0 0.11875 0.3541666666666667 0.0234375 0.04861111111111111
0 0.6890625 0.325 0.02109375 0.030555555555555555