1 0.8859375 0.24583333333333332 0.071875 0.16944444444444445
1 0.18125 0.2388888888888889 0.059375 0.16944444444444445
1 0.27421875 0.19305555555555556 0.03359375 0.12083333333333333
1 0.75703125 0.19305555555555556 0.03671875 0.11666666666666667
1 0.6953125 0.1638888888888889 0.02265625 0.09166666666666666
1 0.3265625 0.17083333333333334 0.02265625 0.08611111111111111
1 0.66640625 0.1527777777777778 0.01796875 0.07777777777777778
1 0.35703125 0.1527777777777778 0.01796875 0.07222222222222222
1 0.4015625 0.13194444444444445 0.0109375 0.05277777777777778
1 0.38125 0.14027777777777778 0.01484375 0.06111111111111111
1 0.63984375 0.1388888888888889 0.0140625 0.06388888888888888
1 0.62265625 0.13333333333333333 0.01171875 0.05
1 0.6078125 0.12777777777777777 0.0140625 0.04722222222222222