2 0.0296875 0.4888888888888889 0.059375 0.2611111111111111
2 0.1 0.27361111111111114 0.015625 0.043055555555555555
2 0.1359375 0.27361111111111114 0.0171875 0.041666666666666664
2 0.3984375 0.2708333333333333 0.0125 0.030555555555555555
2 0.3328125 0.2708333333333333 0.01328125 0.03333333333333333
2 0.2171875 0.2708333333333333 0.0125 0.03611111111111111
2 0.3671875 0.26944444444444443 0.01171875 0.03611111111111111
2 0.06015625 0.2763888888888889 0.0203125 0.04722222222222222
2 0.175 0.2722222222222222 0.0140625 0.04027777777777778
2 0.2671875 0.27361111111111114 0.0125 0.029166666666666667
2 0.009375 0.2763888888888889 0.01875 0.09583333333333334
0 0.615625 0.3625 0.05703125 0.12222222222222222
0 0.8265625 0.38472222222222224 0.07421875 0.14305555555555555
0 0.3578125 0.3333333333333333 0.05 0.09305555555555556
0 0.9859375 0.40694444444444444 0.02734375 0.16666666666666666
0 0.48046875 0.3416666666666667 0.0578125 0.11944444444444445
0 0.25859375 0.31666666666666665 0.0453125 0.09027777777777778
0 0.23515625 0.2861111111111111 0.01875 0.05416666666666667
0 0.3 0.28194444444444444 0.01953125 0.04722222222222222
0 0.20546875 0.30694444444444446 0.0296875 0.08333333333333333
0 0.184375 0.3 0.02734375 0.075