1 0.875 0.24861111111111112 0.0671875 0.20416666666666666
1 0.15390625 0.2013888888888889 0.05859375 0.1527777777777778
1 0.075 0.2361111111111111 0.07265625 0.19166666666666668
1 0.7671875 0.19583333333333333 0.04375 0.1486111111111111
1 0.24609375 0.1638888888888889 0.03203125 0.11388888888888889
1 0.703125 0.16666666666666666 0.03125 0.11527777777777778
1 0.65390625 0.14166666666666666 0.02109375 0.08611111111111111
1 0.30390625 0.1375 0.0234375 0.08888888888888889
1 0.625 0.12638888888888888 0.01796875 0.06666666666666667
1 0.3671875 0.1125 0.0125 0.04583333333333333
1 0.35390625 0.1125 0.0140625 0.058333333333333334
1 0.33203125 0.12361111111111112 0.0171875 0.07361111111111111
1 0.60390625 0.11388888888888889 0.0140625 0.058333333333333334
1 0.58984375 0.10694444444444444 0.0125 0.05