2 0.90859375 0.3375 0.0265625 0.05416666666666667
2 0.98203125 0.3416666666666667 0.03359375 0.059722222222222225
2 0.69921875 0.3277777777777778 0.0171875 0.04027777777777778
2 0.8375 0.3333333333333333 0.02265625 0.04861111111111111
2 0.784375 0.33055555555555555 0.02109375 0.044444444444444446
2 0.7375 0.32916666666666666 0.0203125 0.043055555555555555
0 0.271875 0.48194444444444445 0.0953125 0.1875
0 0.440625 0.44027777777777777 0.0765625 0.1486111111111111
0 0.56015625 0.4111111111111111 0.05625 0.10694444444444444
0 0.64140625 0.39861111111111114 0.046875 0.0625
0 0.67578125 0.3819444444444444 0.034375 0.0625