0 0.96171875 0.4166666666666667 0.0765625 0.3416666666666667
0 0.81171875 0.29444444444444445 0.0890625 0.21944444444444444
1 0.7265625 0.22083333333333333 0.046875 0.14305555555555555
0 0.9953125 0.3388888888888889 0.009375 0.05
2 0.08125 0.3819444444444444 0.1265625 0.3138888888888889
2 0.2265625 0.2791666666666667 0.0765625 0.20694444444444443
1 0.309375 0.21805555555555556 0.046875 0.14583333333333334
1 0.7828125 0.2625 0.05390625 0.18333333333333332
1 0.36328125 0.19027777777777777 0.0359375 0.11388888888888889
1 0.68046875 0.18888888888888888 0.03359375 0.1111111111111111
1 0.396875 0.16805555555555557 0.0265625 0.09166666666666666
1 0.6484375 0.16944444444444445 0.02421875 0.09305555555555556