2 0.54609375 0.43333333333333335 0.07578125 0.1486111111111111
2 0.721875 0.5194444444444445 0.1046875 0.2375
2 0.625 0.4597222222222222 0.0890625 0.17777777777777778
2 0.93046875 0.6472222222222223 0.1390625 0.3763888888888889
2 0.45625 0.4166666666666667 0.0546875 0.13055555555555556
2 0.20546875 0.3763888888888889 0.04921875 0.0875
2 0.26484375 0.38333333333333336 0.04921875 0.09583333333333334
2 0.38984375 0.4013888888888889 0.059375 0.11388888888888889
2 0.30703125 0.3888888888888889 0.04921875 0.1
2 0.1046875 0.3680555555555556 0.0421875 0.07916666666666666
2 0.04453125 0.3638888888888889 0.04453125 0.0763888888888889
2 0.15 0.37083333333333335 0.04453125 0.08194444444444444