0 0.1921875 0.43333333333333335 0.06484375 0.15555555555555556
0 0.2953125 0.375 0.03671875 0.09861111111111111
0 0.35234375 0.3527777777777778 0.028125 0.0763888888888889
0 0.39140625 0.3347222222222222 0.0171875 0.05555555555555555
0 0.42265625 0.32222222222222224 0.01171875 0.03333333333333333
0 0.40703125 0.3277777777777778 0.0140625 0.04722222222222222
0 0.43359375 0.31666666666666665 0.009375 0.030555555555555555
2 0.8125 0.41805555555555557 0.0625 0.1527777777777778
2 0.6625 0.3472222222222222 0.02890625 0.07916666666666666
2 0.6015625 0.325 0.01640625 0.04583333333333333
2 0.625 0.33611111111111114 0.0203125 0.0625
2 0.590625 0.31805555555555554 0.0125 0.03888888888888889
2 0.61640625 0.32916666666666666 0.0140625 0.05555555555555555
2 0.6984375 0.36666666666666664 0.034375 0.09861111111111111