1 0.084375 0.25833333333333336 0.08046875 0.19305555555555556
1 0.89453125 0.2652777777777778 0.08046875 0.20416666666666666
1 0.2046875 0.20277777777777778 0.053125 0.13333333333333333
1 0.765625 0.1986111111111111 0.04375 0.13194444444444445
1 0.29140625 0.16666666666666666 0.0296875 0.09861111111111111
1 0.70390625 0.16944444444444445 0.02734375 0.09583333333333334
1 0.3375 0.14583333333333334 0.01796875 0.08055555555555556
1 0.665625 0.1527777777777778 0.01953125 0.07361111111111111
1 0.359375 0.13472222222222222 0.01640625 0.06944444444444445
1 0.3828125 0.12638888888888888 0.0140625 0.05694444444444444
1 0.63984375 0.1388888888888889 0.01796875 0.07361111111111111
1 0.62109375 0.13055555555555556 0.0140625 0.05555555555555555