2 0.9546875 0.475 0.090625 0.2
2 0.803125 0.44166666666666665 0.08671875 0.16111111111111112
2 0.67265625 0.4166666666666667 0.06640625 0.13333333333333333
2 0.58125 0.40555555555555556 0.0609375 0.11805555555555555
2 0.46328125 0.3888888888888889 0.04921875 0.09861111111111111
2 0.36328125 0.37777777777777777 0.04453125 0.08888888888888889
2 0.41796875 0.38333333333333336 0.05078125 0.09305555555555556
2 0.22109375 0.36944444444444446 0.0421875 0.07777777777777778
2 0.0484375 0.3638888888888889 0.04140625 0.06944444444444445
2 0.303125 0.3736111111111111 0.04453125 0.08472222222222223
2 0.11953125 0.3638888888888889 0.03984375 0.07083333333333333
2 0.18671875 0.36527777777777776 0.0390625 0.075
2 0.51640625 0.39444444444444443 0.053125 0.10694444444444444
2 0.26484375 0.37222222222222223 0.04375 0.07916666666666666