2 0.075 0.4125 0.08359375 0.14722222222222223
2 0.62890625 0.35555555555555557 0.03984375 0.07916666666666666
2 0.9609375 0.3486111111111111 0.04140625 0.07222222222222222
2 0.55546875 0.3611111111111111 0.04453125 0.0875
2 0.75234375 0.35 0.0390625 0.075
2 0.8109375 0.35 0.03984375 0.07361111111111111
2 0.87265625 0.35 0.04296875 0.07222222222222222
2 0.7015625 0.35138888888888886 0.040625 0.0763888888888889
2 0.4765625 0.36666666666666664 0.05 0.09444444444444444
2 0.37265625 0.3763888888888889 0.0546875 0.10416666666666667
2 0.2796875 0.3888888888888889 0.0609375 0.11944444444444445