0 0.9359375 0.3375 0.09609375 0.24166666666666667
0 0.771875 0.24444444444444444 0.04296875 0.15416666666666667
0 0.696875 0.20555555555555555 0.02734375 0.1111111111111111
0 0.62421875 0.16805555555555557 0.01640625 0.06527777777777778
0 0.6578125 0.18611111111111112 0.02109375 0.08333333333333333
0 0.603125 0.15694444444444444 0.0125 0.05277777777777778
0 0.5875 0.15 0.01171875 0.041666666666666664
2 0.14140625 0.2375 0.05703125 0.1597222222222222
2 0.23125 0.20555555555555555 0.0390625 0.1125
2 0.3234375 0.16527777777777777 0.02265625 0.07361111111111111
2 0.3515625 0.15416666666666667 0.01796875 0.059722222222222225
2 0.28984375 0.17916666666666667 0.0265625 0.08888888888888889
2 0.371875 0.14583333333333334 0.015625 0.05416666666666667
2 0.3953125 0.1375 0.01328125 0.044444444444444446
2 0.40625 0.13472222222222222 0.0109375 0.04027777777777778
2 0.38359375 0.14166666666666666 0.0125 0.04583333333333333
2 0.41875 0.12777777777777777 0.0109375 0.0375
2 0.43046875 0.125 0.01171875 0.034722222222222224