0 0.753125 0.5111111111111111 0.115625 0.225
0 0.6515625 0.4236111111111111 0.0640625 0.1388888888888889
0 0.590625 0.3736111111111111 0.034375 0.08888888888888889
0 0.56328125 0.35833333333333334 0.02421875 0.06527777777777778
2 0.109375 0.36944444444444446 0.04921875 0.09166666666666666
2 0.19296875 0.35138888888888886 0.0359375 0.06666666666666667
2 0.24453125 0.34444444444444444 0.02734375 0.05
2 0.28203125 0.3333333333333333 0.021875 0.044444444444444446
2 0.328125 0.325 0.01640625 0.029166666666666667
2 0.30859375 0.3263888888888889 0.01953125 0.043055555555555555
2 0.3578125 0.3138888888888889 0.01484375 0.03333333333333333
2 0.34453125 0.3236111111111111 0.01328125 0.020833333333333332