0 0.159375 0.5736111111111111 0.15625 0.2833333333333333
0 0.31328125 0.4791666666666667 0.0953125 0.1875
0 0.396875 0.43333333333333335 0.075 0.14305555555555555
0 0.5234375 0.39444444444444443 0.05 0.10555555555555556
0 0.5640625 0.38055555555555554 0.04140625 0.09166666666666666
0 0.47578125 0.4083333333333333 0.0609375 0.11666666666666667
0 0.0234375 0.3375 0.0171875 0.044444444444444446
0 0.69609375 0.3527777777777778 0.0265625 0.06805555555555555
0 0.66640625 0.3611111111111111 0.0359375 0.06805555555555555
0 0.7640625 0.3402777777777778 0.0234375 0.05277777777777778
0 0.00546875 0.3486111111111111 0.01015625 0.03611111111111111
0 0.61875 0.3763888888888889 0.03984375 0.07222222222222222
0 0.078125 0.3347222222222222 0.01328125 0.02638888888888889
0 0.73984375 0.3541666666666667 0.0296875 0.041666666666666664
0 0.059375 0.3333333333333333 0.015625 0.03611111111111111
0 0.1140625 0.325 0.01171875 0.025
0 0.13203125 0.3236111111111111 0.01015625 0.020833333333333332
0 0.58671875 0.32222222222222224 0.01171875 0.025
0 0.73515625 0.3347222222222222 0.0203125 0.043055555555555555
0 0.61796875 0.3263888888888889 0.01484375 0.03194444444444444
0 0.0953125 0.3263888888888889 0.01328125 0.030555555555555555
0 0.709375 0.3347222222222222 0.015625 0.034722222222222224
2 0.97265625 0.3236111111111111 0.02109375 0.044444444444444446
2 0.86171875 0.3194444444444444 0.01640625 0.0375
2 0.79765625 0.31527777777777777 0.0140625 0.03333333333333333
2 0.7171875 0.3111111111111111 0.01171875 0.027777777777777776
2 0.7515625 0.3125 0.0140625 0.029166666666666667
2 0.68125 0.30972222222222223 0.0109375 0.02638888888888889
2 0.621875 0.30694444444444446 0.009375 0.02361111111111111
2 0.6515625 0.30833333333333335 0.0109375 0.025