0 0.85703125 0.44305555555555554 0.07578125 0.13472222222222222
0 0.96484375 0.5111111111111111 0.0703125 0.20416666666666666
0 0.55546875 0.3888888888888889 0.04453125 0.08194444444444444
0 0.446875 0.37916666666666665 0.03671875 0.07361111111111111
0 0.97734375 0.6791666666666667 0.0453125 0.25
0 0.27890625 0.35694444444444445 0.02734375 0.07083333333333333
0 0.3609375 0.3611111111111111 0.03359375 0.08472222222222223
0 0.165625 0.3486111111111111 0.0203125 0.05416666666666667
0 0.10625 0.3472222222222222 0.02109375 0.04027777777777778
0 0.21640625 0.3486111111111111 0.0234375 0.06944444444444445
0 0.778125 0.41944444444444445 0.0625 0.1111111111111111
0 0.0625 0.3402777777777778 0.02109375 0.04027777777777778
0 0.7125 0.34444444444444444 0.01484375 0.03333333333333333
0 0.66640625 0.3416666666666667 0.0140625 0.030555555555555555
0 0.96640625 0.3611111111111111 0.021875 0.044444444444444446
0 0.93125 0.35833333333333334 0.02109375 0.043055555555555555
0 0.88203125 0.3527777777777778 0.01875 0.043055555555555555
0 0.84296875 0.3486111111111111 0.01875 0.04583333333333333
0 0.75 0.34444444444444444 0.01640625 0.03888888888888889
0 0.796875 0.3458333333333333 0.0171875 0.041666666666666664
2 0.11015625 0.43333333333333335 0.090625 0.14027777777777778
2 0.01875 0.3958333333333333 0.0375 0.14722222222222223