0 0.9 0.2125 0.0734375 0.19166666666666668
0 0.79375 0.16111111111111112 0.03828125 0.1388888888888889
0 0.72265625 0.125 0.025 0.10555555555555556
0 0.6890625 0.10972222222222222 0.0203125 0.08333333333333333
0 0.65703125 0.09444444444444444 0.01484375 0.06944444444444445
0 0.615625 0.07361111111111111 0.0109375 0.041666666666666664
0 0.628125 0.07777777777777778 0.0109375 0.04583333333333333
0 0.64140625 0.08333333333333333 0.01328125 0.05555555555555555
0 0.6046875 0.06944444444444445 0.01015625 0.0375
2 0.1171875 0.20972222222222223 0.07734375 0.19444444444444445
2 0.24296875 0.1527777777777778 0.046875 0.1375
2 0.31484375 0.12083333333333333 0.03203125 0.10833333333333334
2 0.34609375 0.10972222222222222 0.0265625 0.09027777777777778
2 0.36953125 0.1 0.0203125 0.07361111111111111
2 0.40234375 0.08194444444444444 0.0140625 0.058333333333333334
2 0.3875 0.08888888888888889 0.0171875 0.06944444444444445
2 0.425 0.07083333333333333 0.0125 0.05
2 0.4359375 0.06666666666666667 0.0109375 0.044444444444444446
2 0.41484375 0.075 0.01328125 0.05416666666666667