0 0.090625 0.26805555555555555 0.090625 0.23194444444444445
0 0.2234375 0.2 0.040625 0.1638888888888889
0 0.2984375 0.1638888888888889 0.03046875 0.12361111111111112
0 0.35234375 0.1361111111111111 0.02109375 0.0875
0 0.375 0.12222222222222222 0.01796875 0.0763888888888889
0 0.4140625 0.10972222222222222 0.0125 0.05
2 0.90703125 0.20416666666666666 0.06796875 0.16111111111111112
2 0.8140625 0.16666666666666666 0.0453125 0.125
2 0.74609375 0.1375 0.02890625 0.10138888888888889
2 0.68359375 0.11666666666666667 0.0203125 0.06944444444444445
2 0.66328125 0.10694444444444444 0.0171875 0.0625
2 0.64453125 0.10138888888888889 0.0140625 0.05416666666666667
2 0.71796875 0.125 0.0234375 0.09305555555555556
2 0.625 0.09305555555555556 0.015625 0.04861111111111111
0 0.39765625 0.1125 0.0140625 0.06666666666666667
2 0.60703125 0.08472222222222223 0.0125 0.041666666666666664
2 0.5921875 0.0763888888888889 0.0125 0.0375