2 0.68828125 0.38333333333333336 0.06015625 0.1125
2 0.515625 0.36666666666666664 0.04765625 0.09166666666666666
2 0.8890625 0.4125 0.08359375 0.14722222222222223
2 0.596875 0.37222222222222223 0.053125 0.1
2 0.76953125 0.39444444444444443 0.06875 0.125
2 0.43515625 0.3625 0.04296875 0.08611111111111111
2 0.0625 0.35694444444444445 0.0421875 0.06666666666666667
2 0.01640625 0.3541666666666667 0.0328125 0.06944444444444445
2 0.16796875 0.3541666666666667 0.0421875 0.07361111111111111
2 0.22265625 0.35555555555555557 0.0453125 0.075
2 0.1078125 0.35555555555555557 0.04296875 0.06944444444444445
2 0.3125 0.35694444444444445 0.0421875 0.08055555555555556
2 0.26640625 0.35555555555555557 0.0390625 0.07777777777777778
2 0.3671875 0.3611111111111111 0.0421875 0.08194444444444444