2 0.953125 0.4708333333333333 0.090625 0.19305555555555556
2 0.80625 0.4388888888888889 0.08359375 0.15555555555555556
2 0.68046875 0.4152777777777778 0.0640625 0.12777777777777777
2 0.5921875 0.4041666666666667 0.059375 0.11388888888888889
2 0.478125 0.3875 0.046875 0.09444444444444444
2 0.38203125 0.37777777777777777 0.04296875 0.08611111111111111
2 0.434375 0.38333333333333336 0.0484375 0.09027777777777778
2 0.24453125 0.36944444444444446 0.040625 0.075
2 0.07890625 0.3638888888888889 0.03984375 0.06666666666666667
2 0.32421875 0.3736111111111111 0.04296875 0.08194444444444444
2 0.146875 0.36527777777777776 0.03828125 0.06805555555555555
2 0.21171875 0.36527777777777776 0.0375 0.07222222222222222
2 0.5296875 0.39444444444444443 0.0515625 0.10277777777777777
2 0.2875 0.37222222222222223 0.0421875 0.0763888888888889
2 0.0203125 0.3638888888888889 0.0390625 0.06527777777777778