2 0.72890625 0.4263888888888889 0.05234375 0.07083333333333333
2 0.67890625 0.375 0.0359375 0.08472222222222223
2 0.80703125 0.48055555555555557 0.053125 0.20555555555555555
2 0.65 0.3611111111111111 0.02734375 0.06388888888888888
2 0.5953125 0.33055555555555555 0.01796875 0.041666666666666664
2 0.1328125 0.31805555555555554 0.01328125 0.029166666666666667
2 0.03828125 0.32083333333333336 0.01328125 0.029166666666666667
2 0.09609375 0.3194444444444444 0.0125 0.027777777777777776
2 0.62890625 0.3486111111111111 0.02265625 0.058333333333333334
2 0.6140625 0.3388888888888889 0.02109375 0.05
2 0.7015625 0.32222222222222224 0.0140625 0.029166666666666667
2 0.00234375 0.325 0.0046875 0.022222222222222223
2 0.734375 0.31805555555555554 0.01484375 0.03194444444444444
2 0.78671875 0.31666666666666665 0.0140625 0.025
0 0.22734375 0.31805555555555554 0.01796875 0.04722222222222222
2 0.26484375 0.3125 0.01171875 0.022222222222222223
2 0.16171875 0.32083333333333336 0.01328125 0.029166666666666667
0 0.2234375 0.38055555555555554 0.04609375 0.0875
0 0.1171875 0.40694444444444444 0.06171875 0.11527777777777778
0 0.28984375 0.3625 0.03359375 0.06805555555555555
0 0.346875 0.3416666666666667 0.01796875 0.05555555555555555
0 0.08203125 0.32222222222222224 0.01015625 0.03333333333333333
0 0.37109375 0.3333333333333333 0.0171875 0.05138888888888889
0 0.02109375 0.3236111111111111 0.01328125 0.03611111111111111
0 0.3234375 0.3472222222222222 0.025 0.06527777777777778
0 0.40078125 0.3263888888888889 0.0125 0.041666666666666664
0 0.11640625 0.31666666666666665 0.0125 0.04027777777777778
0 0.2 0.3194444444444444 0.0125 0.030555555555555555
0 0.38359375 0.3347222222222222 0.0125 0.04027777777777778
0 0.16171875 0.32083333333333336 0.0125 0.030555555555555555
0 0.25 0.3194444444444444 0.01171875 0.027777777777777776
0 0.4125 0.32222222222222224 0.01171875 0.044444444444444446
0 0.4265625 0.325 0.0140625 0.044444444444444446
0 0.44609375 0.3236111111111111 0.009375 0.04583333333333333