0 0.22265625 0.22777777777777777 0.05390625 0.15138888888888888
0 0.03671875 0.39166666666666666 0.0734375 0.2361111111111111
0 0.3484375 0.1638888888888889 0.02421875 0.0875
0 0.29921875 0.18611111111111112 0.03359375 0.11388888888888889
0 0.38359375 0.14722222222222223 0.0171875 0.06666666666666667
2 0.95 0.2652777777777778 0.08203125 0.19027777777777777
2 0.815625 0.20555555555555555 0.0484375 0.13194444444444445
2 0.7046875 0.15694444444444444 0.02734375 0.0875
1 0.6421875 0.13333333333333333 0.0171875 0.07916666666666666
2 0.66875 0.14305555555555555 0.021875 0.06805555555555555
2 0.74765625 0.1763888888888889 0.034375 0.10416666666666667
1 0.40546875 0.13194444444444445 0.01953125 0.08055555555555556