0 0.76796875 0.20694444444444443 0.04921875 0.1361111111111111
0 0.88125 0.2611111111111111 0.07578125 0.19444444444444445
0 0.69296875 0.16944444444444445 0.03125 0.10277777777777777
0 0.62578125 0.14027777777777778 0.0171875 0.06111111111111111
0 0.6515625 0.1527777777777778 0.0234375 0.0763888888888889
0 0.59375 0.125 0.01171875 0.04722222222222222
0 0.60546875 0.13055555555555556 0.01328125 0.05416666666666667
2 0.0859375 0.2569444444444444 0.08046875 0.19444444444444445
2 0.28359375 0.16805555555555557 0.03203125 0.10138888888888889
2 0.32890625 0.15 0.02265625 0.07916666666666666
2 0.21953125 0.2 0.0453125 0.13333333333333333
2 0.3578125 0.1388888888888889 0.01875 0.06388888888888888
2 0.38828125 0.12361111111111112 0.01484375 0.05138888888888889
2 0.3734375 0.12777777777777777 0.015625 0.06111111111111111
2 0.40078125 0.11666666666666667 0.01328125 0.04583333333333333