2 0.99375 0.07222222222222222 0.0125 0.07777777777777778
2 0.77890625 0.0625 0.02109375 0.06527777777777778
2 0.9109375 0.06527777777777778 0.02578125 0.07222222222222222
2 0.965625 0.06944444444444445 0.034375 0.075
2 0.81953125 0.0625 0.02421875 0.06805555555555555
2 0.86484375 0.06527777777777778 0.02421875 0.07083333333333333
0 0.35234375 0.2625 0.09921875 0.25277777777777777
0 0.478125 0.2111111111111111 0.078125 0.20416666666666666
0 0.14609375 0.35138888888888886 0.1421875 0.3416666666666667
0 0.66171875 0.14166666666666666 0.046875 0.13055555555555556
0 0.5671875 0.18888888888888888 0.06796875 0.1625
0 0.61640625 0.16111111111111112 0.0546875 0.14027777777777778
0 0.7515625 0.11388888888888889 0.03125 0.1111111111111111
0 0.72421875 0.12361111111111112 0.046875 0.12361111111111112