2 0.04140625 0.39305555555555555 0.0828125 0.15
2 0.38359375 0.35555555555555557 0.05390625 0.10833333333333334
2 0.17421875 0.3763888888888889 0.07265625 0.12916666666666668
2 0.59765625 0.3416666666666667 0.046875 0.08888888888888889
2 0.44140625 0.35 0.05078125 0.1
2 0.51875 0.3472222222222222 0.0484375 0.09166666666666666
2 0.65703125 0.3375 0.04296875 0.08333333333333333
2 0.925 0.33611111111111114 0.0421875 0.07777777777777778
2 0.71875 0.33611111111111114 0.0421875 0.08055555555555556
2 0.81015625 0.33611111111111114 0.03984375 0.08055555555555556
2 0.290625 0.36527777777777776 0.06328125 0.1125