0 0.06640625 0.5652777777777778 0.1328125 0.3
0 0.23125 0.4722222222222222 0.12421875 0.22083333333333333
0 0.41640625 0.4166666666666667 0.0875 0.16805555555555557
0 0.5703125 0.3861111111111111 0.075 0.14027777777777778
0 0.6671875 0.3625 0.06328125 0.12083333333333333
0 0.53671875 0.3013888888888889 0.025 0.04861111111111111
0 0.10078125 0.3055555555555556 0.02265625 0.04861111111111111
0 0.265625 0.3 0.02109375 0.04722222222222222
0 0.02734375 0.30694444444444446 0.025 0.05138888888888889
0 0.190625 0.3013888888888889 0.02109375 0.04722222222222222
0 0.63203125 0.30833333333333335 0.028125 0.05416666666666667
0 0.4078125 0.3 0.02265625 0.04583333333333333
0 0.4765625 0.3 0.02265625 0.04861111111111111
0 0.334375 0.3 0.01875 0.043055555555555555
0 0.6765625 0.3111111111111111 0.02578125 0.06666666666666667
0 0.59453125 0.3013888888888889 0.0234375 0.05694444444444444
2 0.9 0.2902777777777778 0.03046875 0.05416666666666667
2 0.96484375 0.29444444444444445 0.03125 0.059722222222222225
2 0.7953125 0.2847222222222222 0.01796875 0.04722222222222222
2 0.3875 0.2833333333333333 0.01640625 0.03888888888888889
2 0.05703125 0.2916666666666667 0.02109375 0.043055555555555555
2 0.171875 0.28888888888888886 0.01796875 0.041666666666666664
2 0.74140625 0.2861111111111111 0.01953125 0.04583333333333333
2 0.2453125 0.2875 0.0171875 0.04027777777777778
2 0.64453125 0.2847222222222222 0.015625 0.041666666666666664
2 0.00390625 0.29583333333333334 0.0078125 0.041666666666666664
2 0.49453125 0.2833333333333333 0.01640625 0.03888888888888889
2 0.5484375 0.2833333333333333 0.015625 0.03888888888888889
2 0.4421875 0.2833333333333333 0.0171875 0.03888888888888889
2 0.29765625 0.2861111111111111 0.01640625 0.04027777777777778
2 0.84140625 0.28888888888888886 0.0265625 0.04861111111111111
2 0.69609375 0.2847222222222222 0.0171875 0.041666666666666664
2 0.11953125 0.2902777777777778 0.01953125 0.041666666666666664
2 0.33984375 0.2833333333333333 0.015625 0.0375