0 0.178125 0.25555555555555554 0.05859375 0.1625
0 0.2703125 0.20833333333333334 0.03515625 0.11388888888888889
0 0.32265625 0.18194444444444444 0.02578125 0.0875
0 0.375 0.15138888888888888 0.0140625 0.05555555555555555
0 0.39375 0.14583333333333334 0.01171875 0.04861111111111111
0 0.3546875 0.16527777777777777 0.0171875 0.07083333333333333
0 0.40546875 0.14166666666666666 0.01171875 0.04583333333333333
2 0.90078125 0.2708333333333333 0.07421875 0.18472222222222223
2 0.7671875 0.2125 0.04453125 0.125
2 0.68671875 0.1763888888888889 0.02734375 0.09166666666666666
2 0.6578125 0.16527777777777777 0.02265625 0.0763888888888889
2 0.60703125 0.14444444444444443 0.01484375 0.05138888888888889
2 0.62890625 0.15138888888888888 0.01953125 0.06527777777777778
2 0.59453125 0.1388888888888889 0.01171875 0.04583333333333333
2 0.584375 0.13472222222222222 0.01171875 0.04583333333333333
2 0.578125 0.13333333333333333 0.01015625 0.04027777777777778