1 0.11875 0.23055555555555557 0.07578125 0.17916666666666667
1 0.8625 0.2222222222222222 0.0625 0.17916666666666667
1 0.7640625 0.175 0.03515625 0.12777777777777777
1 0.2546875 0.1736111111111111 0.0390625 0.12361111111111112
1 0.3203125 0.14305555555555555 0.0234375 0.09722222222222222
1 0.709375 0.15138888888888888 0.0234375 0.09027777777777778
1 0.35 0.13194444444444445 0.01953125 0.08194444444444444
1 0.6765625 0.13194444444444445 0.01875 0.075
1 0.63046875 0.10972222222222222 0.01171875 0.05555555555555555
1 0.6515625 0.11944444444444445 0.01640625 0.06527777777777778
1 0.37890625 0.11805555555555555 0.01484375 0.06805555555555555
1 0.39609375 0.1111111111111111 0.0125 0.05277777777777778
1 0.4125 0.10555555555555556 0.01484375 0.04861111111111111