0 0.11953125 0.33055555555555555 0.01484375 0.030555555555555555
0 0.08515625 0.33055555555555555 0.01640625 0.0375
0 0.1671875 0.32916666666666666 0.009375 0.018055555555555554
0 0.1859375 0.3263888888888889 0.01015625 0.018055555555555554
0 0.034375 0.34444444444444444 0.01953125 0.029166666666666667
2 0.61640625 0.3888888888888889 0.0515625 0.10138888888888889
2 0.075 0.36666666666666664 0.046875 0.07083333333333333
2 0.7125 0.39861111111111114 0.06015625 0.1111111111111111
2 0.85390625 0.4152777777777778 0.075 0.13472222222222222
2 0.4984375 0.37916666666666665 0.05078125 0.09027777777777778
2 0.259375 0.3736111111111111 0.04296875 0.07777777777777778
2 0.371875 0.3763888888888889 0.0453125 0.08472222222222223
2 0.2109375 0.38333333333333336 0.04296875 0.05277777777777778
2 0.14296875 0.3819444444444444 0.040625 0.05138888888888889
2 0.1828125 0.35 0.02265625 0.044444444444444446
2 0.26953125 0.33611111111111114 0.01484375 0.029166666666666667
2 0.23046875 0.3388888888888889 0.01875 0.043055555555555555
2 0.134375 0.35694444444444445 0.025 0.05416666666666667
2 0.15625 0.3541666666666667 0.0234375 0.05
2 0.31328125 0.3277777777777778 0.0125 0.02361111111111111
2 0.290625 0.33055555555555555 0.0140625 0.02638888888888889
2 0.209375 0.34444444444444444 0.01953125 0.041666666666666664