0 0.7859375 0.4777777777777778 0.11328125 0.21805555555555556
0 0.6890625 0.39444444444444443 0.06484375 0.13472222222222222
0 0.6296875 0.3472222222222222 0.0375 0.08888888888888889
0 0.6015625 0.33194444444444443 0.02421875 0.06805555555555555
2 0.01171875 0.3888888888888889 0.0234375 0.11666666666666667
2 0.14375 0.34305555555555556 0.04765625 0.09027777777777778
2 0.22578125 0.3263888888888889 0.03359375 0.07222222222222222
2 0.2765625 0.3194444444444444 0.025 0.05
2 0.31328125 0.3055555555555556 0.021875 0.05138888888888889
2 0.390625 0.2847222222222222 0.01484375 0.03611111111111111
2 0.35859375 0.29305555555555557 0.01328125 0.043055555555555555
2 0.33984375 0.29444444444444445 0.01640625 0.05277777777777778
2 0.37578125 0.2916666666666667 0.01328125 0.03611111111111111