2 0.9546875 0.4263888888888889 0.090625 0.15833333333333333
2 0.78984375 0.4041666666666667 0.07265625 0.13055555555555556
2 0.67265625 0.3875 0.05859375 0.10833333333333334
2 0.23984375 0.35833333333333334 0.03984375 0.07222222222222222
2 0.465625 0.36666666666666664 0.04453125 0.08611111111111111
2 0.3796875 0.3625 0.03984375 0.08055555555555556
2 0.2984375 0.3597222222222222 0.0328125 0.0763888888888889
2 0.56015625 0.3736111111111111 0.04921875 0.09583333333333334
2 0.15546875 0.35833333333333334 0.03671875 0.07222222222222222
2 0.0390625 0.35833333333333334 0.040625 0.06944444444444445
2 0.959375 0.41805555555555557 0.04765625 0.14027777777777778