2 0.96875 0.1361111111111111 0.02734375 0.07083333333333333
2 0.76484375 0.12777777777777777 0.01953125 0.059722222222222225
2 0.88515625 0.13055555555555556 0.0234375 0.06527777777777778
2 0.93515625 0.13472222222222222 0.03125 0.06805555555555555
2 0.8015625 0.12777777777777777 0.021875 0.0625
2 0.84296875 0.13055555555555556 0.02265625 0.06388888888888888
0 0.3765625 0.30972222222222223 0.090625 0.22916666666666666
0 0.490625 0.2638888888888889 0.07109375 0.18611111111111112
0 0.1890625 0.3902777777777778 0.1296875 0.30972222222222223
0 0.65859375 0.2 0.04296875 0.11805555555555555
0 0.571875 0.24305555555555555 0.06171875 0.1486111111111111
0 0.61640625 0.21805555555555556 0.05 0.12777777777777777
0 0.73984375 0.175 0.02890625 0.10138888888888889
0 0.71484375 0.18333333333333332 0.04296875 0.1125