2 0.23203125 0.46805555555555556 0.0921875 0.1875
2 0.01015625 0.7722222222222223 0.0203125 0.18333333333333332
2 0.37734375 0.36666666666666664 0.03125 0.08194444444444444
2 0.33046875 0.3972222222222222 0.05234375 0.11388888888888889
2 0.4015625 0.3541666666666667 0.02578125 0.06805555555555555
2 0.4171875 0.3458333333333333 0.01796875 0.05
2 0.45078125 0.3194444444444444 0.01484375 0.0375
2 0.4328125 0.3333333333333333 0.01484375 0.043055555555555555
2 0.4265625 0.3402777777777778 0.015625 0.04027777777777778
0 0.85390625 0.3763888888888889 0.04140625 0.08472222222222223
0 0.9765625 0.40694444444444444 0.04609375 0.11527777777777778
0 0.73046875 0.35 0.0203125 0.05277777777777778
0 0.7734375 0.35833333333333334 0.02890625 0.06805555555555555
0 0.66328125 0.3375 0.0140625 0.03333333333333333
0 0.6921875 0.3402777777777778 0.01796875 0.043055555555555555
0 0.63515625 0.3263888888888889 0.01171875 0.03333333333333333
0 0.6453125 0.3277777777777778 0.0125 0.04027777777777778