2 0.1421875 0.3902777777777778 0.06328125 0.12222222222222222
2 0.02421875 0.43333333333333335 0.0484375 0.16666666666666666
2 0.23203125 0.35555555555555557 0.03828125 0.08194444444444444
2 0.28203125 0.3402777777777778 0.0296875 0.06527777777777778
2 0.3140625 0.32916666666666666 0.0234375 0.05277777777777778
2 0.33828125 0.3236111111111111 0.01875 0.044444444444444446
2 0.3796875 0.3111111111111111 0.0125 0.02638888888888889
2 0.35546875 0.31805555555555554 0.01484375 0.0375
2 0.3671875 0.3138888888888889 0.01171875 0.03194444444444444
0 0.89375 0.4625 0.10390625 0.17777777777777778
0 0.75625 0.4013888888888889 0.06171875 0.11944444444444445
0 0.66640625 0.3625 0.034375 0.08194444444444444
0 0.625 0.3472222222222222 0.02890625 0.06527777777777778
0 0.59921875 0.33611111111111114 0.01953125 0.05