2 0.14140625 0.41944444444444445 0.084375 0.1486111111111111
2 0.26796875 0.3972222222222222 0.06484375 0.125
2 0.45625 0.38055555555555554 0.05 0.10555555555555556
2 0.54140625 0.37222222222222223 0.0453125 0.09722222222222222
2 0.696875 0.3638888888888889 0.046875 0.0875
2 0.77421875 0.3625 0.04453125 0.08055555555555556
2 0.64140625 0.36666666666666664 0.03671875 0.09027777777777778
2 0.36015625 0.3861111111111111 0.05625 0.11388888888888889
2 0.98046875 0.35555555555555557 0.0390625 0.07777777777777778
2 0.903125 0.35694444444444445 0.04296875 0.07916666666666666
2 0.84375 0.35833333333333334 0.04609375 0.08055555555555556