2 0.85859375 0.45 0.0921875 0.1625
2 0.65625 0.4166666666666667 0.075 0.11944444444444445
2 0.4625 0.3902777777777778 0.04765625 0.09583333333333334
2 0.74375 0.43194444444444446 0.07578125 0.1388888888888889
2 0.9625 0.48333333333333334 0.071875 0.2013888888888889
2 0.5484375 0.4013888888888889 0.06015625 0.10416666666666667
2 0.31171875 0.37777777777777777 0.04375 0.08194444444444444
2 0.37890625 0.38333333333333336 0.046875 0.08472222222222223
2 0.2171875 0.3736111111111111 0.04609375 0.0763888888888889
2 0.1015625 0.36944444444444446 0.0421875 0.08194444444444444
2 0.00625 0.3958333333333333 0.0125 0.019444444444444445