2 0.40078125 0.3958333333333333 0.04765625 0.12361111111111112
2 0.153125 0.4708333333333333 0.08671875 0.20416666666666666
2 0.51171875 0.3763888888888889 0.03984375 0.10138888888888889
2 0.31875 0.4125 0.06015625 0.14305555555555555
2 0.22421875 0.4375 0.0703125 0.1736111111111111
2 0.459375 0.3861111111111111 0.04296875 0.11388888888888889
2 0.68515625 0.35555555555555557 0.0328125 0.08194444444444444
2 0.55546875 0.37083333333333335 0.03671875 0.09583333333333334
2 0.82890625 0.3541666666666667 0.03203125 0.08055555555555556
2 0.74921875 0.35555555555555557 0.03046875 0.07916666666666666
2 0.64375 0.3597222222222222 0.034375 0.08611111111111111
2 0.603125 0.36527777777777776 0.034375 0.09166666666666666