2 0.7578125 0.41388888888888886 0.06484375 0.12638888888888888
2 0.64296875 0.37916666666666665 0.04296875 0.08888888888888889
2 0.5828125 0.3625 0.0328125 0.07361111111111111
2 0.53671875 0.35 0.02734375 0.05694444444444444
2 0.4765625 0.33611111111111114 0.01796875 0.0375
2 0.50546875 0.34305555555555556 0.02265625 0.04722222222222222
2 0.46484375 0.3347222222222222 0.0140625 0.030555555555555555
2 0.4515625 0.33055555555555555 0.015625 0.030555555555555555
0 0.14140625 0.37916666666666665 0.0375 0.07777777777777778
0 0.18671875 0.3597222222222222 0.028125 0.0625
0 0.21171875 0.35 0.0203125 0.05138888888888889
0 0.08984375 0.4 0.05390625 0.10138888888888889
0 0.24453125 0.3388888888888889 0.0140625 0.04027777777777778
0 0.23125 0.34444444444444444 0.015625 0.041666666666666664
0 0.3 0.31666666666666665 0.015625 0.020833333333333332
0 0.25703125 0.3333333333333333 0.01015625 0.03194444444444444
0 0.2828125 0.32222222222222224 0.0140625 0.02638888888888889