0 0.30390625 0.39861111111111114 0.03828125 0.09861111111111111
0 0.20625 0.45 0.065625 0.15138888888888888
0 0.36015625 0.37222222222222223 0.02421875 0.07361111111111111
0 0.384375 0.35555555555555557 0.0171875 0.058333333333333334
0 0.4265625 0.3458333333333333 0.0109375 0.029166666666666667
0 0.43515625 0.34305555555555556 0.01015625 0.025
0 0.40859375 0.35138888888888886 0.015625 0.041666666666666664
2 0.70546875 0.3888888888888889 0.0359375 0.10138888888888889
2 0.78984375 0.4361111111111111 0.06015625 0.15138888888888888
2 0.64921875 0.36527777777777776 0.0234375 0.07222222222222222
2 0.6171875 0.35138888888888886 0.0171875 0.05694444444444444
2 0.6046875 0.34305555555555556 0.01484375 0.05416666666666667
2 0.58671875 0.34305555555555556 0.0140625 0.03888888888888889
2 0.5734375 0.3375 0.01171875 0.030555555555555555