0 0.12265625 0.23472222222222222 0.0765625 0.19166666666666668
0 0.2234375 0.1875 0.0421875 0.14305555555555555
0 0.290625 0.1597222222222222 0.03203125 0.1111111111111111
0 0.34296875 0.1375 0.02109375 0.08194444444444444
0 0.3671875 0.12638888888888888 0.0171875 0.06944444444444445
0 0.3890625 0.11666666666666667 0.0140625 0.059722222222222225
2 0.9640625 0.2625 0.071875 0.22083333333333333
2 0.81015625 0.18888888888888888 0.04765625 0.14166666666666666
2 0.7453125 0.16111111111111112 0.034375 0.1111111111111111
2 0.6984375 0.1375 0.02421875 0.09166666666666666
2 0.63671875 0.1111111111111111 0.01640625 0.059722222222222225
2 0.653125 0.11666666666666667 0.01796875 0.06805555555555555