1 0.16875 0.21944444444444444 0.07734375 0.2
1 0.95 0.20555555555555555 0.06875 0.18055555555555555
1 0.828125 0.15416666666666667 0.04921875 0.13194444444444445
1 0.28203125 0.15694444444444444 0.04765625 0.13333333333333333
1 0.33984375 0.125 0.03125 0.1
1 0.75390625 0.12083333333333333 0.03125 0.10138888888888889
1 0.37578125 0.10694444444444444 0.02265625 0.07777777777777778
1 0.7140625 0.10555555555555556 0.021875 0.08055555555555556
1 0.3984375 0.09583333333333334 0.015625 0.06666666666666667
1 0.6546875 0.08472222222222223 0.01328125 0.05138888888888889
1 0.6796875 0.09305555555555556 0.0171875 0.06527777777777778
1 0.64140625 0.07916666666666666 0.01171875 0.05
1 0.4265625 0.07916666666666666 0.01171875 0.04861111111111111
1 0.41484375 0.08611111111111111 0.01328125 0.05416666666666667