1 0.84296875 0.23333333333333334 0.05859375 0.15694444444444444
1 0.1875 0.23333333333333334 0.05703125 0.1597222222222222
1 0.74140625 0.18611111111111112 0.0375 0.1125
1 0.696875 0.16666666666666666 0.0265625 0.08888888888888889
1 0.32578125 0.16944444444444445 0.02265625 0.08472222222222223
1 0.275 0.19027777777777777 0.0359375 0.11527777777777778
1 0.63671875 0.14027777777777778 0.01484375 0.059722222222222225
1 0.38515625 0.1388888888888889 0.01484375 0.059722222222222225
1 0.36015625 0.1527777777777778 0.01875 0.07083333333333333
1 0.65859375 0.15 0.01796875 0.07222222222222222
1 0.61875 0.13333333333333333 0.01328125 0.05138888888888889