0 0.05390625 0.3486111111111111 0.10546875 0.2569444444444444
0 0.2109375 0.2513888888888889 0.05546875 0.16111111111111112
0 0.29609375 0.20555555555555555 0.04140625 0.11666666666666667
0 0.3578125 0.1736111111111111 0.02421875 0.08194444444444444
0 0.38515625 0.16111111111111112 0.01796875 0.0625
0 0.40078125 0.15 0.01328125 0.05694444444444444
0 0.4140625 0.14583333333333334 0.01328125 0.04722222222222222
0 0.4265625 0.14166666666666666 0.0109375 0.03611111111111111
2 0.8046875 0.21805555555555556 0.0484375 0.12916666666666668
2 0.734375 0.18333333333333332 0.03203125 0.09722222222222222
2 0.678125 0.16111111111111112 0.021875 0.07083333333333333
2 0.61875 0.1375 0.0125 0.044444444444444446
2 0.65 0.15138888888888888 0.01796875 0.05694444444444444
2 0.61015625 0.1375 0.01015625 0.04027777777777778
2 0.634375 0.14583333333333334 0.01640625 0.05416666666666667
2 0.5921875 0.12916666666666668 0.0109375 0.03611111111111111
2 0.60078125 0.13472222222222222 0.01171875 0.034722222222222224