0 0.0765625 0.24861111111111112 0.09375 0.225
0 0.2265625 0.17222222222222222 0.0546875 0.15
0 0.31015625 0.12916666666666668 0.02890625 0.09861111111111111
0 0.353125 0.11388888888888889 0.02109375 0.0763888888888889
0 0.38125 0.1 0.015625 0.06666666666666667
0 0.40078125 0.08888888888888889 0.01328125 0.05694444444444444
0 0.4140625 0.08611111111111111 0.01171875 0.05138888888888889
2 0.84296875 0.17083333333333334 0.05546875 0.15
2 0.9703125 0.2388888888888889 0.059375 0.21388888888888888
2 0.75 0.13333333333333333 0.0359375 0.10694444444444444
2 0.69296875 0.10694444444444444 0.02421875 0.08333333333333333
2 0.6484375 0.08888888888888889 0.015625 0.0625
2 0.66640625 0.09722222222222222 0.0171875 0.06805555555555555
2 0.63203125 0.08194444444444444 0.0140625 0.05416666666666667
2 0.615625 0.0763888888888889 0.0140625 0.04722222222222222