2 0.33359375 0.4013888888888889 0.0546875 0.07361111111111111
2 0.38515625 0.3472222222222222 0.0375 0.08888888888888889
2 0.25234375 0.4583333333333333 0.05546875 0.21388888888888888
2 0.03046875 0.7180555555555556 0.0609375 0.1736111111111111
2 0.415625 0.3333333333333333 0.02890625 0.06527777777777778
2 0.471875 0.3 0.01875 0.043055555555555555
2 0.9546875 0.28888888888888886 0.0140625 0.029166666666666667
2 0.99296875 0.28888888888888886 0.01328125 0.029166666666666667
2 0.4375 0.3194444444444444 0.02421875 0.06111111111111111
2 0.453125 0.30972222222222223 0.021875 0.05277777777777778
2 0.36171875 0.2916666666666667 0.01484375 0.030555555555555555
2 0.328125 0.2875 0.015625 0.03333333333333333
2 0.27265625 0.2875 0.01484375 0.02638888888888889
0 0.85546875 0.28888888888888886 0.01875 0.04861111111111111
2 0.81640625 0.28194444444444444 0.0125 0.022222222222222223
2 0.92421875 0.2916666666666667 0.0140625 0.030555555555555555
0 0.859375 0.3527777777777778 0.04765625 0.09027777777777778
0 0.96875 0.38055555555555554 0.06171875 0.12083333333333333
0 0.790625 0.3333333333333333 0.034375 0.07083333333333333
0 0.73125 0.3125 0.01875 0.05694444444444444
0 0.70625 0.30277777777777776 0.01796875 0.05416666666666667
0 0.75546875 0.3194444444444444 0.0265625 0.06805555555555555
0 0.675 0.29583333333333334 0.0125 0.043055555555555555
0 0.971875 0.2861111111111111 0.01328125 0.041666666666666664
0 0.884375 0.28888888888888886 0.0125 0.03194444444444444
0 0.69296875 0.3055555555555556 0.01328125 0.043055555555555555
0 0.92421875 0.2902777777777778 0.0125 0.03194444444444444
0 0.8328125 0.28888888888888886 0.0125 0.029166666666666667
0 0.6625 0.2916666666666667 0.0125 0.04583333333333333
0 0.64765625 0.29583333333333334 0.01484375 0.04583333333333333
0 0.62734375 0.29305555555555557 0.009375 0.04722222222222222