0 0.19453125 0.2 0.04375 0.11527777777777778
0 0.0328125 0.24861111111111112 0.06484375 0.16111111111111112
0 0.10859375 0.22083333333333333 0.05625 0.1375
0 0.29765625 0.18194444444444444 0.0375 0.1
0 0.38359375 0.16666666666666666 0.03125 0.08472222222222223
0 0.4359375 0.15694444444444444 0.02734375 0.07916666666666666
0 0.484375 0.14722222222222223 0.0171875 0.07083333333333333
2 0.87734375 0.30416666666666664 0.09140625 0.2388888888888889
2 0.690625 0.23333333333333334 0.06015625 0.16111111111111112
2 0.7734375 0.2638888888888889 0.07109375 0.19444444444444445
2 0.6328125 0.2125 0.04921875 0.14444444444444443
2 0.60703125 0.2 0.0390625 0.12083333333333333
2 0.58359375 0.18333333333333332 0.028125 0.11944444444444445