0 0.89296875 0.2638888888888889 0.065625 0.17083333333333334
0 0.79140625 0.21805555555555556 0.0296875 0.12638888888888888
0 0.73359375 0.19583333333333333 0.02265625 0.09305555555555556
0 0.696875 0.17777777777777778 0.01796875 0.075
0 0.67421875 0.16805555555555557 0.01484375 0.06388888888888888
0 0.65390625 0.15694444444444444 0.01171875 0.05138888888888889
0 0.6421875 0.1527777777777778 0.0125 0.04583333333333333
0 0.62734375 0.14583333333333334 0.009375 0.03888888888888889
2 0.15546875 0.2791666666666667 0.0703125 0.1875
2 0.29140625 0.21388888888888888 0.040625 0.12361111111111112
2 0.37109375 0.1763888888888889 0.02421875 0.08333333333333333
2 0.39765625 0.16527777777777777 0.0203125 0.07083333333333333
2 0.33984375 0.19027777777777777 0.0296875 0.09861111111111111
2 0.43125 0.15138888888888888 0.0125 0.05277777777777778
2 0.41953125 0.15555555555555556 0.01484375 0.059722222222222225