0 0.20078125 0.25277777777777777 0.05703125 0.15694444444444444
0 0.2828125 0.20833333333333334 0.03515625 0.1125
0 0.33203125 0.18194444444444444 0.02421875 0.08888888888888889
0 0.3609375 0.16666666666666666 0.02109375 0.07083333333333333
0 0.38203125 0.15833333333333333 0.015625 0.05555555555555555
0 0.3953125 0.14722222222222223 0.01171875 0.04583333333333333
0 0.409375 0.14444444444444443 0.0109375 0.04027777777777778
2 0.878125 0.2611111111111111 0.06640625 0.17083333333333334
2 0.70234375 0.18472222222222223 0.03046875 0.09722222222222222
2 0.76953125 0.21388888888888888 0.04296875 0.12361111111111112
2 0.653125 0.1638888888888889 0.02265625 0.07083333333333333
2 0.6328125 0.15416666666666667 0.0171875 0.06527777777777778
2 0.6125 0.14722222222222223 0.01484375 0.05277777777777778
2 0.59609375 0.14027777777777778 0.01328125 0.04583333333333333
2 0.578125 0.13333333333333333 0.01171875 0.04027777777777778