0 0.753125 0.4930555555555556 0.10859375 0.20694444444444443
0 0.66015625 0.41388888888888886 0.0625 0.12916666666666668
0 0.60390625 0.36944444444444446 0.03515625 0.08472222222222223
0 0.57734375 0.3541666666666667 0.021875 0.06388888888888888
2 0.1421875 0.36527777777777776 0.0453125 0.08472222222222223
2 0.2203125 0.3472222222222222 0.03203125 0.06805555555555555
2 0.303125 0.32916666666666666 0.01953125 0.04861111111111111
2 0.01328125 0.4111111111111111 0.0265625 0.10972222222222222
2 0.3765625 0.30972222222222223 0.0140625 0.03333333333333333
2 0.26796875 0.3388888888888889 0.02421875 0.05416666666666667
2 0.328125 0.3194444444444444 0.015625 0.05138888888888889
2 0.34609375 0.31805555555555554 0.0125 0.041666666666666664
2 0.36171875 0.31527777777777777 0.01328125 0.03611111111111111