0 0.1546875 0.2569444444444444 0.0734375 0.18611111111111112
2 0.875 0.2375 0.06953125 0.16805555555555557
1 0.2890625 0.1875 0.03828125 0.1111111111111111
1 0.6890625 0.15555555555555556 0.02421875 0.0875
1 0.75 0.18888888888888888 0.03515625 0.11388888888888889
1 0.328125 0.16666666666666666 0.025 0.08333333333333333
1 0.66796875 0.1527777777777778 0.01953125 0.0763888888888889
1 0.375 0.14305555555555555 0.01640625 0.0625
1 0.6390625 0.14027777777777778 0.01640625 0.06666666666666667
1 0.3546875 0.15416666666666667 0.01796875 0.07222222222222222
1 0.61171875 0.13194444444444445 0.01328125 0.05555555555555555
1 0.39453125 0.13333333333333333 0.0125 0.05416666666666667
1 0.60234375 0.125 0.01171875 0.05138888888888889
1 0.40703125 0.12638888888888888 0.0109375 0.04583333333333333