0 0.8515625 0.5986111111111111 0.1578125 0.28888888888888886
0 0.88984375 0.4152777777777778 0.05 0.10972222222222222
0 0.9671875 0.40694444444444444 0.05546875 0.10416666666666667
0 0.77734375 0.5069444444444444 0.090625 0.2
0 0.8390625 0.425 0.03671875 0.11944444444444445
0 0.8125 0.44166666666666665 0.03671875 0.1375
0 0.7859375 0.41805555555555557 0.02578125 0.06527777777777778
2 0.09296875 0.4111111111111111 0.0671875 0.11666666666666667
2 0.2015625 0.3958333333333333 0.05625 0.1
2 0.48828125 0.3736111111111111 0.03671875 0.075
2 0.30234375 0.38472222222222224 0.046875 0.08611111111111111
2 0.3859375 0.37916666666666665 0.04140625 0.07916666666666666
2 0.58671875 0.36944444444444446 0.03671875 0.06805555555555555
2 0.6609375 0.36666666666666664 0.03125 0.06527777777777778
2 0.73203125 0.36527777777777776 0.0328125 0.06388888888888888
2 0.9140625 0.36527777777777776 0.03046875 0.06111111111111111
2 0.98828125 0.36527777777777776 0.02109375 0.06111111111111111
2 0.79375 0.3625 0.0203125 0.059722222222222225
2 0.853125 0.3638888888888889 0.0203125 0.06111111111111111