2 0.23359375 0.5416666666666666 0.1328125 0.26666666666666666
2 0.36875 0.4777777777777778 0.10078125 0.2
2 0.0875 0.6333333333333333 0.16484375 0.37083333333333335
2 0.51796875 0.4222222222222222 0.06484375 0.14027777777777778
2 0.6609375 0.39305555555555555 0.059375 0.10833333333333334
2 0.4578125 0.44166666666666665 0.078125 0.1625
2 0.7328125 0.38333333333333336 0.053125 0.09861111111111111
2 0.79609375 0.37916666666666665 0.05 0.09444444444444444
2 0.928125 0.3680555555555556 0.0453125 0.08333333333333333
2 0.8875 0.37083333333333335 0.04453125 0.0875
2 0.5875 0.4027777777777778 0.0625 0.12083333333333333
2 0.84375 0.3736111111111111 0.04609375 0.0875
2 0.978125 0.3680555555555556 0.04375 0.07916666666666666