0 0.20078125 0.22916666666666666 0.05703125 0.16944444444444445
0 0.28984375 0.1875 0.04140625 0.12638888888888888
0 0.03046875 0.3611111111111111 0.0609375 0.2222222222222222
0 0.35390625 0.15555555555555556 0.028125 0.1
0 0.3921875 0.1388888888888889 0.01796875 0.075
0 0.41640625 0.12777777777777777 0.015625 0.06388888888888888
0 0.434375 0.11805555555555555 0.01328125 0.05416666666666667
0 0.44609375 0.1125 0.01171875 0.04722222222222222
2 0.9109375 0.225 0.06796875 0.16944444444444445
2 0.80703125 0.17916666666666667 0.0421875 0.125
2 0.75234375 0.1527777777777778 0.03125 0.09861111111111111
2 0.7109375 0.13472222222222222 0.021875 0.07777777777777778
2 0.68515625 0.125 0.01875 0.06388888888888888
2 0.65546875 0.1111111111111111 0.01328125 0.05277777777777778
2 0.64296875 0.10555555555555556 0.01328125 0.04861111111111111
2 0.66875 0.11666666666666667 0.01484375 0.059722222222222225