0 0.93203125 0.24166666666666667 0.0890625 0.225
0 0.759375 0.15833333333333333 0.046875 0.1388888888888889
0 0.70703125 0.13055555555555556 0.0328125 0.10416666666666667
0 0.66328125 0.1111111111111111 0.02265625 0.08055555555555556
0 0.6265625 0.09027777777777778 0.01640625 0.06527777777777778
0 0.60625 0.08055555555555556 0.01484375 0.05555555555555555
0 0.5953125 0.075 0.0125 0.05138888888888889
2 0.05390625 0.22361111111111112 0.08515625 0.20416666666666666
2 0.209375 0.15138888888888888 0.0421875 0.13333333333333333
2 0.30078125 0.1125 0.02734375 0.09444444444444444
2 0.33203125 0.09583333333333334 0.02109375 0.0763888888888889
2 0.3609375 0.08055555555555556 0.0171875 0.06666666666666667
2 0.39140625 0.06944444444444445 0.01328125 0.05
2 0.3796875 0.075 0.0140625 0.05555555555555555