2 0.8734375 0.525 0.11953125 0.22361111111111112
2 0.728125 0.44027777777777777 0.06328125 0.1375
2 0.6640625 0.4041666666666667 0.04296875 0.09444444444444444
2 0.628125 0.3819444444444444 0.03203125 0.07777777777777778
2 0.04296875 0.3388888888888889 0.0140625 0.03194444444444444
2 0.59296875 0.36527777777777776 0.02890625 0.06111111111111111
2 0.60859375 0.37222222222222223 0.0234375 0.06111111111111111
2 0.58125 0.3541666666666667 0.015625 0.04722222222222222
2 0.00390625 0.3388888888888889 0.0078125 0.03333333333333333
2 0.13359375 0.33611111111111114 0.01171875 0.027777777777777776
2 0.0859375 0.3375 0.01328125 0.027777777777777776
2 0.5875 0.35833333333333334 0.02734375 0.059722222222222225
2 0.16484375 0.3347222222222222 0.0109375 0.027777777777777776
0 0.02265625 0.44722222222222224 0.0453125 0.1361111111111111
0 0.196875 0.39166666666666666 0.0421875 0.08194444444444444
0 0.1296875 0.4111111111111111 0.0578125 0.10277777777777777
0 0.259375 0.37083333333333335 0.028125 0.06805555555555555
0 0.3171875 0.35555555555555557 0.01484375 0.05694444444444444
0 0.2828125 0.3638888888888889 0.01875 0.06388888888888888
0 0.02421875 0.3416666666666667 0.01484375 0.044444444444444446
0 0.0765625 0.3388888888888889 0.01328125 0.041666666666666664
0 0.33984375 0.35 0.0140625 0.04722222222222222
0 0.14609375 0.33611111111111114 0.01484375 0.044444444444444446
0 0.34609375 0.35 0.0125 0.04722222222222222
0 0.11484375 0.3402777777777778 0.01328125 0.03888888888888889
0 0.3640625 0.3458333333333333 0.01484375 0.05277777777777778
0 0.390625 0.34305555555555556 0.01875 0.05416666666666667
0 0.425 0.34444444444444444 0.0140625 0.05416666666666667