2 0.86875 0.4222222222222222 0.0765625 0.1388888888888889
2 0.75546875 0.38472222222222224 0.05 0.10138888888888889
2 0.6796875 0.3625 0.03515625 0.07083333333333333
2 0.6359375 0.35 0.02734375 0.05416666666666667
2 0.59921875 0.34305555555555556 0.0203125 0.03888888888888889
2 0.584375 0.3375 0.015625 0.029166666666666667
2 0.56875 0.33194444444444443 0.01484375 0.02638888888888889
2 0.5171875 0.3138888888888889 0.0171875 0.02361111111111111
2 0.55703125 0.3277777777777778 0.0125 0.02638888888888889
2 0.534375 0.32222222222222224 0.01328125 0.02361111111111111
0 0.06171875 0.44305555555555554 0.08359375 0.1486111111111111
0 0.17265625 0.4 0.0546875 0.10138888888888889
0 0.2515625 0.36944444444444446 0.0375 0.0763888888888889
0 0.290625 0.35555555555555557 0.02890625 0.0625
0 0.321875 0.3458333333333333 0.02265625 0.04861111111111111
0 0.34140625 0.33611111111111114 0.01484375 0.043055555555555555
0 0.35859375 0.3333333333333333 0.0140625 0.034722222222222224