2 0.59609375 0.3888888888888889 0.05546875 0.10416666666666667
2 0.76953125 0.40694444444444444 0.06796875 0.12777777777777777
2 0.371875 0.36944444444444446 0.04296875 0.07777777777777778
2 0.86953125 0.41944444444444445 0.0828125 0.14444444444444443
2 0.2578125 0.35833333333333334 0.03515625 0.06666666666666667
2 0.1828125 0.35 0.03125 0.05694444444444444
2 0.9796875 0.5180555555555556 0.0390625 0.08194444444444444
2 0.13125 0.34444444444444444 0.0265625 0.05138888888888889
2 0.03984375 0.3375 0.021875 0.043055555555555555
2 0.08046875 0.3402777777777778 0.0234375 0.04583333333333333
2 0.003125 0.3402777777777778 0.00625 0.025