2 0.14140625 0.4888888888888889 0.11328125 0.2125
2 0.27890625 0.4097222222222222 0.06015625 0.13055555555555556
2 0.33984375 0.375 0.040625 0.09027777777777778
2 0.37421875 0.3541666666666667 0.03046875 0.075
2 0.93046875 0.3125 0.01328125 0.030555555555555555
2 0.40703125 0.3375 0.02734375 0.058333333333333334
2 0.3921875 0.34305555555555556 0.021875 0.058333333333333334
2 0.41875 0.3263888888888889 0.01484375 0.044444444444444446
2 0.96953125 0.3138888888888889 0.01328125 0.03194444444444444
2 0.84375 0.30972222222222223 0.01171875 0.02638888888888889
2 0.8890625 0.3111111111111111 0.01328125 0.02638888888888889
2 0.4125 0.33194444444444443 0.02578125 0.05694444444444444
2 0.8140625 0.30833333333333335 0.0109375 0.02638888888888889
0 0.9640625 0.41388888888888886 0.071875 0.12777777777777777
0 0.78359375 0.3638888888888889 0.03984375 0.07777777777777778
0 0.84765625 0.3819444444444444 0.05546875 0.09722222222222222
0 0.72421875 0.34305555555555556 0.02734375 0.06527777777777778
0 0.66953125 0.3277777777777778 0.0140625 0.05416666666666667
0 0.7015625 0.33611111111111114 0.01796875 0.059722222222222225
0 0.94765625 0.31527777777777777 0.0140625 0.043055555555555555
0 0.89765625 0.3125 0.01328125 0.04027777777777778
0 0.64765625 0.3236111111111111 0.01328125 0.04583333333333333
0 0.83203125 0.30972222222222223 0.0140625 0.043055555555555555
0 0.64140625 0.32222222222222224 0.0125 0.044444444444444446
0 0.8609375 0.3125 0.0125 0.0375
0 0.625 0.3194444444444444 0.0140625 0.05
0 0.6 0.31527777777777777 0.01796875 0.05138888888888889
0 0.5671875 0.31666666666666665 0.01328125 0.05138888888888889