0 0.08984375 0.30416666666666664 0.09921875 0.2263888888888889
0 0.25390625 0.2569444444444444 0.07265625 0.17916666666666667
0 0.41484375 0.21944444444444444 0.05703125 0.14444444444444443
0 0.5359375 0.19305555555555556 0.0453125 0.11666666666666667
0 0.60546875 0.17916666666666667 0.03828125 0.10555555555555556
0 0.715625 0.15555555555555556 0.02578125 0.08194444444444444
0 0.66796875 0.16527777777777777 0.02578125 0.09027777777777778
0 0.74921875 0.14583333333333334 0.0234375 0.0763888888888889
0 0.7890625 0.1375 0.02265625 0.06805555555555555
2 0.875 0.2569444444444444 0.06953125 0.18888888888888888
2 0.94140625 0.30972222222222223 0.0875 0.225