1 0.85390625 0.2361111111111111 0.0671875 0.16527777777777777
1 0.1578125 0.23055555555555557 0.04921875 0.1638888888888889
1 0.73046875 0.18472222222222223 0.028125 0.12083333333333333
1 0.2453125 0.1875 0.03125 0.12083333333333333
1 0.29453125 0.16527777777777777 0.02265625 0.08888888888888889
1 0.675 0.1638888888888889 0.021875 0.0875
1 0.64375 0.15 0.01640625 0.06527777777777778
1 0.32578125 0.14722222222222223 0.01875 0.075
1 0.61640625 0.14583333333333334 0.0140625 0.043055555555555555
1 0.6 0.12916666666666668 0.0125 0.04583333333333333
1 0.3703125 0.125 0.0125 0.05416666666666667
1 0.34921875 0.13055555555555556 0.01640625 0.075