2 0.028125 0.4652777777777778 0.05625 0.1875
2 0.15390625 0.4097222222222222 0.06953125 0.12638888888888888
2 0.290625 0.36666666666666664 0.03359375 0.07916666666666666
2 0.26328125 0.37916666666666665 0.04296875 0.09305555555555556
2 0.328125 0.35833333333333334 0.0296875 0.0625
2 0.3546875 0.3388888888888889 0.02265625 0.06527777777777778
2 0.37734375 0.3375 0.0203125 0.04722222222222222
2 0.3921875 0.33611111111111114 0.0171875 0.03611111111111111
2 0.434375 0.31666666666666665 0.0125 0.03194444444444444
2 0.4203125 0.3236111111111111 0.0140625 0.029166666666666667
2 0.40546875 0.33194444444444443 0.0140625 0.029166666666666667
0 0.8296875 0.41805555555555557 0.06796875 0.125
0 0.9859375 0.4861111111111111 0.02734375 0.19027777777777777
0 0.71484375 0.375 0.03984375 0.08055555555555556
0 0.67734375 0.3611111111111111 0.02890625 0.06527777777777778
0 0.64296875 0.35138888888888886 0.02109375 0.044444444444444446
0 0.621875 0.34444444444444444 0.01640625 0.0375
0 0.59921875 0.3375 0.0140625 0.02638888888888889
0 0.58203125 0.3277777777777778 0.021875 0.02638888888888889
0 0.609375 0.3416666666666667 0.0125 0.02361111111111111