0 0.0796875 0.3055555555555556 0.10078125 0.23055555555555557
0 0.246875 0.2569444444444444 0.07421875 0.18194444444444444
0 0.409375 0.21944444444444444 0.0578125 0.14722222222222223
0 0.5328125 0.19305555555555556 0.04609375 0.11805555555555555
0 0.60390625 0.17916666666666667 0.0390625 0.10694444444444444
0 0.71484375 0.15416666666666667 0.02578125 0.08333333333333333
0 0.6671875 0.16527777777777777 0.02578125 0.09166666666666666
0 0.74921875 0.14444444444444443 0.0234375 0.07777777777777778
0 0.78984375 0.1361111111111111 0.02265625 0.06944444444444445
2 0.87734375 0.2569444444444444 0.0703125 0.19166666666666668
2 0.9453125 0.3111111111111111 0.0890625 0.22777777777777777