2 0.825 0.4013888888888889 0.059375 0.11388888888888889
2 0.89140625 0.4305555555555556 0.07578125 0.14583333333333334
2 0.753125 0.37916666666666665 0.04453125 0.09166666666666666
2 0.70546875 0.35833333333333334 0.0328125 0.06805555555555555
2 0.67109375 0.3486111111111111 0.02421875 0.05416666666666667
2 0.64765625 0.3402777777777778 0.0203125 0.04861111111111111
2 0.59375 0.3263888888888889 0.0171875 0.02361111111111111
2 0.63046875 0.3388888888888889 0.01640625 0.03194444444444444
2 0.6109375 0.33055555555555555 0.0140625 0.029166666666666667
2 0.61796875 0.3333333333333333 0.0140625 0.027777777777777776
0 0.2265625 0.4152777777777778 0.06015625 0.11805555555555555
0 0.29375 0.3861111111111111 0.04296875 0.09166666666666666
0 0.3484375 0.3625 0.02890625 0.06805555555555555
0 0.3796875 0.35555555555555557 0.021875 0.05