2 0.1421875 0.39305555555555555 0.0640625 0.12222222222222222
2 0.22421875 0.3611111111111111 0.03671875 0.0875
2 0.28046875 0.3472222222222222 0.0328125 0.06527777777777778
2 0.31875 0.33194444444444443 0.025 0.05277777777777778
2 0.346875 0.3236111111111111 0.01953125 0.044444444444444446
2 0.36328125 0.32222222222222224 0.01640625 0.03611111111111111
2 0.3765625 0.31666666666666665 0.01484375 0.029166666666666667
2 0.40859375 0.3055555555555556 0.01484375 0.02638888888888889
2 0.3921875 0.3111111111111111 0.01328125 0.025
0 0.74609375 0.37222222222222223 0.0453125 0.09166666666666666
0 0.8546875 0.4125 0.0734375 0.13055555555555556
0 0.68046875 0.3486111111111111 0.0359375 0.06944444444444445
0 0.6453125 0.3375 0.021875 0.05416666666666667
0 0.61796875 0.32916666666666666 0.0171875 0.044444444444444446
0 0.5859375 0.3236111111111111 0.01328125 0.030555555555555555
0 0.5734375 0.3194444444444444 0.01015625 0.019444444444444445
0 0.5984375 0.325 0.0140625 0.03611111111111111