0 0.128125 0.22916666666666666 0.06015625 0.175
0 0.240625 0.18055555555555555 0.03359375 0.11388888888888889
0 0.284375 0.1625 0.02265625 0.09027777777777778
0 0.32109375 0.14305555555555555 0.01875 0.0763888888888889
0 0.346875 0.13194444444444445 0.01484375 0.06388888888888888
0 0.365625 0.125 0.01328125 0.05416666666666667
0 0.3796875 0.11805555555555555 0.0109375 0.04861111111111111
2 0.83671875 0.2361111111111111 0.065625 0.1736111111111111
2 0.696875 0.16944444444444445 0.034375 0.10416666666666667
2 0.65 0.14722222222222223 0.025 0.08472222222222223
2 0.73046875 0.18472222222222223 0.03984375 0.12222222222222222
2 0.60390625 0.12638888888888888 0.015625 0.0625
2 0.58359375 0.11805555555555555 0.01640625 0.05138888888888889
2 0.625 0.1361111111111111 0.0203125 0.06805555555555555