2 0.68984375 0.5125 0.115625 0.21944444444444444
2 0.553125 0.45694444444444443 0.07734375 0.16111111111111112
2 0.3578125 0.4 0.053125 0.10138888888888889
2 0.234375 0.3861111111111111 0.04609375 0.08611111111111111
2 0.290625 0.39305555555555555 0.040625 0.09444444444444444
2 0.15859375 0.38055555555555554 0.03984375 0.08194444444444444
2 0.46171875 0.42916666666666664 0.05625 0.12916666666666668
2 0.1171875 0.37916666666666665 0.04453125 0.07916666666666666
2 0.0578125 0.37777777777777777 0.04453125 0.07083333333333333
2 0.409375 0.4097222222222222 0.05546875 0.10972222222222222
2 0.0109375 0.3875 0.021875 0.04583333333333333
2 0.96328125 0.7305555555555555 0.0703125 0.21388888888888888