1 0.95234375 0.3111111111111111 0.0953125 0.24027777777777778
1 0.79296875 0.225 0.046875 0.1486111111111111
1 0.725 0.19166666666666668 0.03359375 0.11805555555555555
1 0.1875 0.2152777777777778 0.05 0.14583333333333334
1 0.68046875 0.17222222222222222 0.0234375 0.09027777777777778
1 0.29921875 0.16805555555555557 0.02421875 0.09166666666666666
1 0.23515625 0.19444444444444445 0.040625 0.11527777777777778
1 0.64453125 0.15138888888888888 0.01796875 0.075
1 0.34296875 0.14722222222222223 0.01640625 0.07361111111111111
1 0.0109375 0.38055555555555554 0.021875 0.08888888888888889
1 0.621875 0.14166666666666666 0.01640625 0.059722222222222225
1 0.36640625 0.1388888888888889 0.0140625 0.0625
1 0.60390625 0.13055555555555556 0.0125 0.05416666666666667
1 0.38203125 0.13055555555555556 0.01328125 0.05138888888888889