2 0.984375 0.4263888888888889 0.03125 0.16944444444444445
2 0.875 0.38333333333333336 0.06484375 0.125
2 0.7828125 0.3486111111111111 0.0390625 0.08472222222222223
2 0.73203125 0.33194444444444443 0.0296875 0.06805555555555555
2 0.6984375 0.32222222222222224 0.0234375 0.05277777777777778
2 0.67421875 0.3138888888888889 0.01953125 0.04722222222222222
2 0.65703125 0.3125 0.0140625 0.03194444444444444
2 0.625 0.3055555555555556 0.01328125 0.020833333333333332
2 0.6453125 0.3055555555555556 0.0125 0.03333333333333333
2 0.628125 0.2986111111111111 0.01875 0.0375
2 0.87890625 0.3472222222222222 0.01875 0.04861111111111111
0 0.1078125 0.4583333333333333 0.10625 0.18194444444444444
0 0.24765625 0.3958333333333333 0.06328125 0.12083333333333333
0 0.33984375 0.35555555555555557 0.03515625 0.08472222222222223
0 0.38203125 0.3402777777777778 0.0296875 0.06666666666666667
0 0.40859375 0.33055555555555555 0.021875 0.04861111111111111