2 0.84453125 0.5458333333333333 0.15703125 0.29444444444444445
2 0.6828125 0.4791666666666667 0.11640625 0.22083333333333333
2 0.44921875 0.3888888888888889 0.06484375 0.13055555555555556
2 0.3484375 0.37777777777777777 0.06171875 0.11666666666666667
2 0.23984375 0.36666666666666664 0.059375 0.10555555555555556
2 0.56171875 0.4361111111111111 0.08828125 0.17916666666666667
2 0.15703125 0.35694444444444445 0.05390625 0.09444444444444444
2 0.94453125 0.6541666666666667 0.1109375 0.3902777777777778
2 0.0484375 0.3402777777777778 0.0328125 0.09861111111111111
2 0.5046875 0.4083333333333333 0.06953125 0.15
2 0.1015625 0.3472222222222222 0.04609375 0.10555555555555556
0 0.89921875 0.2777777777777778 0.2015625 0.09861111111111111