0 0.85390625 0.42083333333333334 0.0734375 0.13194444444444445
0 0.96171875 0.4875 0.07578125 0.1986111111111111
0 0.5609375 0.3680555555555556 0.04296875 0.08055555555555556
0 0.4546875 0.3597222222222222 0.03515625 0.07222222222222222
0 0.97421875 0.6513888888888889 0.05078125 0.24305555555555555
0 0.29140625 0.3375 0.0265625 0.06944444444444445
0 0.37109375 0.3416666666666667 0.0328125 0.08194444444444444
0 0.18046875 0.32916666666666666 0.01953125 0.05277777777777778
0 0.1234375 0.3277777777777778 0.0203125 0.04027777777777778
0 0.23046875 0.32916666666666666 0.02265625 0.06666666666666667
0 0.77734375 0.39861111111111114 0.0609375 0.10833333333333334
0 0.08046875 0.32083333333333336 0.0203125 0.04027777777777778
0 0.71328125 0.325 0.0140625 0.03333333333333333
0 0.66875 0.32222222222222224 0.01328125 0.030555555555555555
0 0.96015625 0.3416666666666667 0.02109375 0.043055555555555555
0 0.92578125 0.3375 0.0203125 0.043055555555555555
0 0.878125 0.3333333333333333 0.01875 0.043055555555555555
0 0.840625 0.32916666666666666 0.01875 0.044444444444444446
0 0.75 0.325 0.01640625 0.0375
0 0.7953125 0.325 0.0171875 0.04027777777777778
2 0.1265625 0.4111111111111111 0.08828125 0.1375
2 0.028125 0.375 0.05625 0.14444444444444443