0 0.2953125 0.3625 0.1140625 0.2902777777777778
0 0.44140625 0.2875 0.07890625 0.2152777777777778
0 0.534375 0.2375 0.0578125 0.1625
0 0.59296875 0.20694444444444443 0.04453125 0.13472222222222222
0 0.62890625 0.1875 0.0375 0.11666666666666667
0 0.67109375 0.16666666666666666 0.03671875 0.10416666666666667
1 0.70078125 0.15 0.021875 0.08333333333333333
1 0.73984375 0.13194444444444445 0.01328125 0.06111111111111111
1 0.72265625 0.1388888888888889 0.0171875 0.07083333333333333
2 0.9890625 0.19583333333333333 0.021875 0.13333333333333333
2 0.97734375 0.17222222222222222 0.040625 0.11388888888888889