2 0.0828125 0.4388888888888889 0.0953125 0.18194444444444444
2 0.21796875 0.4152777777777778 0.08125 0.15138888888888888
2 0.3046875 0.3972222222222222 0.06796875 0.13194444444444445
2 0.3703125 0.3861111111111111 0.06015625 0.11805555555555555
2 0.48671875 0.36944444444444446 0.04921875 0.10138888888888889
2 0.92265625 0.34444444444444444 0.04140625 0.07083333333333333
2 0.734375 0.3486111111111111 0.040625 0.075
2 0.55078125 0.3638888888888889 0.04921875 0.09305555555555556
2 0.803125 0.3472222222222222 0.040625 0.07222222222222222
2 0.8609375 0.34305555555555556 0.0390625 0.07361111111111111
2 0.978125 0.3458333333333333 0.04140625 0.06805555555555555
2 0.5921875 0.3597222222222222 0.04765625 0.08888888888888889
2 0.63671875 0.35555555555555557 0.0421875 0.08194444444444444
2 0.671875 0.35138888888888886 0.0390625 0.07777777777777778
2 0.4234375 0.37916666666666665 0.059375 0.10694444444444444