0 0.134375 0.2916666666666667 0.08203125 0.19722222222222222
0 0.3328125 0.18333333333333332 0.0234375 0.0875
0 0.27734375 0.2125 0.03515625 0.11944444444444445
0 0.378125 0.16111111111111112 0.015625 0.059722222222222225
0 0.35859375 0.16944444444444445 0.01796875 0.07361111111111111
0 0.40546875 0.14722222222222223 0.01171875 0.043055555555555555
0 0.39609375 0.15 0.01171875 0.05138888888888889
0 0.415625 0.14305555555555555 0.01015625 0.03888888888888889
2 0.834375 0.23472222222222222 0.05703125 0.1486111111111111
2 0.72265625 0.1875 0.03046875 0.09861111111111111
2 0.67421875 0.16944444444444445 0.02421875 0.0763888888888889
2 0.65 0.16111111111111112 0.0203125 0.06527777777777778
2 0.6265625 0.15138888888888888 0.0171875 0.05694444444444444
2 0.60078125 0.14583333333333334 0.01328125 0.04027777777777778
2 0.590625 0.1388888888888889 0.01171875 0.041666666666666664
2 0.6140625 0.15 0.01328125 0.04861111111111111