0 0.86875 0.2708333333333333 0.09375 0.22361111111111112
0 0.70390625 0.1875 0.053125 0.14166666666666666
2 0.009375 0.24583333333333332 0.01875 0.20555555555555555
2 0.13203125 0.1763888888888889 0.05078125 0.14166666666666666
1 0.62734375 0.14444444444444443 0.03203125 0.10138888888888889
1 0.215625 0.14444444444444443 0.03125 0.10277777777777777
1 0.57421875 0.11944444444444445 0.01796875 0.06944444444444445
1 0.5953125 0.12916666666666668 0.02421875 0.0763888888888889
1 0.27890625 0.11666666666666667 0.0171875 0.07222222222222222
1 0.5578125 0.1111111111111111 0.0171875 0.06111111111111111
1 0.2625 0.125 0.02265625 0.07916666666666666
1 0.3046875 0.10972222222222222 0.01640625 0.06111111111111111
1 0.32421875 0.1 0.0140625 0.05277777777777778
1 0.5421875 0.10138888888888889 0.01328125 0.05