2 0.63359375 0.46805555555555556 0.090625 0.18194444444444444
2 0.73671875 0.5305555555555556 0.10625 0.24722222222222223
2 0.52265625 0.43194444444444446 0.07109375 0.14444444444444443
2 0.45234375 0.4111111111111111 0.06171875 0.12361111111111112
2 0.396875 0.39444444444444443 0.053125 0.10277777777777777
2 0.2421875 0.3763888888888889 0.0453125 0.08333333333333333
2 0.05546875 0.36527777777777776 0.03984375 0.07361111111111111
2 0.334375 0.38472222222222224 0.05 0.09444444444444444
2 0.196875 0.3736111111111111 0.0453125 0.07361111111111111
2 0.12421875 0.3680555555555556 0.04921875 0.0763888888888889
2 0.29375 0.37916666666666665 0.04375 0.0875