2 0.78515625 0.47638888888888886 0.09375 0.1875
2 0.68515625 0.4 0.04921875 0.10694444444444444
2 0.6390625 0.37222222222222223 0.03515625 0.07916666666666666
2 0.965625 0.7041666666666667 0.06875 0.15833333333333333
2 0.61171875 0.35694444444444445 0.02578125 0.06388888888888888
2 0.5921875 0.3472222222222222 0.021875 0.05555555555555555
2 0.56015625 0.3277777777777778 0.015625 0.04027777777777778
2 0.57734375 0.3375 0.01875 0.05
0 0.109375 0.4027777777777778 0.0578125 0.10833333333333334
0 0.20859375 0.37083333333333335 0.04140625 0.09444444444444444
0 0.26953125 0.3541666666666667 0.0359375 0.0763888888888889
0 0.3484375 0.3347222222222222 0.01484375 0.043055555555555555
0 0.30390625 0.3458333333333333 0.02265625 0.06111111111111111
0 0.36015625 0.3333333333333333 0.01171875 0.041666666666666664
0 0.37578125 0.3277777777777778 0.0109375 0.034722222222222224
0 0.38828125 0.325 0.01171875 0.034722222222222224
0 0.32578125 0.34305555555555556 0.01640625 0.04583333333333333
0 0.4015625 0.32222222222222224 0.01328125 0.034722222222222224
0 0.42109375 0.32083333333333336 0.01484375 0.03611111111111111
0 0.44609375 0.325 0.01875 0.03333333333333333