0 0.93671875 0.3013888888888889 0.09296875 0.23194444444444445
0 0.7765625 0.21805555555555556 0.04765625 0.14583333333333334
0 0.69921875 0.18333333333333332 0.03203125 0.10138888888888889
0 0.603125 0.13472222222222222 0.0140625 0.05555555555555555
0 0.625 0.14305555555555555 0.0171875 0.06388888888888888
0 0.58828125 0.12916666666666668 0.01171875 0.04722222222222222
0 0.57578125 0.12083333333333333 0.01015625 0.043055555555555555
0 0.6546875 0.16111111111111112 0.021875 0.08194444444444444
2 0.146875 0.23055555555555557 0.0625 0.1597222222222222
2 0.26484375 0.17916666666666667 0.03515625 0.10277777777777777
2 0.30390625 0.1597222222222222 0.0265625 0.08888888888888889
2 0.340625 0.14444444444444443 0.01875 0.07083333333333333
2 0.36640625 0.13472222222222222 0.015625 0.058333333333333334
2 0.39140625 0.12222222222222222 0.01171875 0.04861111111111111
2 0.38046875 0.12916666666666668 0.01328125 0.05277777777777778
2 0.40078125 0.11805555555555555 0.01015625 0.041666666666666664