0 0.8171875 0.25 0.0625 0.16111111111111112
0 0.72734375 0.20277777777777778 0.0390625 0.11666666666666667
0 0.6765625 0.1763888888888889 0.0234375 0.09027777777777778
0 0.6453125 0.16111111111111112 0.0171875 0.06944444444444445
0 0.62578125 0.15416666666666667 0.015625 0.05694444444444444
0 0.5890625 0.13333333333333333 0.0109375 0.04027777777777778
0 0.5984375 0.1375 0.0125 0.044444444444444446
0 0.60546875 0.14305555555555555 0.01171875 0.04861111111111111
2 0.1375 0.24583333333333332 0.0640625 0.1638888888888889
2 0.3421875 0.15833333333333333 0.02265625 0.075
2 0.2515625 0.19722222222222222 0.0390625 0.11527777777777778
2 0.3890625 0.14166666666666666 0.0171875 0.05416666666666667
2 0.36875 0.15138888888888888 0.01953125 0.06388888888888888
2 0.4109375 0.13333333333333333 0.0140625 0.04583333333333333
2 0.3109375 0.1736111111111111 0.02890625 0.09166666666666666
2 0.41796875 0.12916666666666668 0.0125 0.04027777777777778
2 0.428125 0.12777777777777777 0.0109375 0.034722222222222224