2 0.7546875 0.18611111111111112 0.0453125 0.11388888888888889
2 0.55546875 0.19722222222222222 0.0484375 0.12361111111111112
2 0.2421875 0.2513888888888889 0.071875 0.18055555555555555
2 0.84296875 0.18472222222222223 0.04453125 0.10833333333333334
2 0.4671875 0.20694444444444443 0.05078125 0.13333333333333333
2 0.3171875 0.23055555555555557 0.0625 0.15833333333333333
2 0.046875 0.3333333333333333 0.09375 0.26666666666666666
2 0.1453125 0.28194444444444444 0.0875 0.21388888888888888
2 0.4078125 0.21805555555555556 0.0546875 0.14444444444444443
2 0.659375 0.19166666666666668 0.04609375 0.11805555555555555
2 0.99453125 0.17777777777777778 0.0109375 0.10138888888888889
2 0.92421875 0.18194444444444444 0.04453125 0.10416666666666667