0 0.82734375 0.2569444444444444 0.06328125 0.17083333333333334
0 0.74375 0.2125 0.03984375 0.12222222222222222
0 0.68203125 0.18055555555555555 0.02578125 0.09027777777777778
0 0.6484375 0.16527777777777777 0.01796875 0.06944444444444445
0 0.62578125 0.1527777777777778 0.015625 0.059722222222222225
0 0.6 0.14166666666666666 0.01171875 0.04583333333333333
0 0.61015625 0.14583333333333334 0.0125 0.05138888888888889
0 0.58515625 0.13472222222222222 0.01015625 0.03888888888888889
2 0.12265625 0.2513888888888889 0.06875 0.16944444444444445
2 0.23984375 0.20416666666666666 0.040625 0.12222222222222222
2 0.29921875 0.17777777777777778 0.03046875 0.09583333333333334
2 0.34296875 0.1625 0.02265625 0.07361111111111111
2 0.3875 0.14444444444444443 0.01484375 0.05694444444444444
2 0.37109375 0.15416666666666667 0.0171875 0.05555555555555555
2 0.4015625 0.14027777777777778 0.0140625 0.043055555555555555
2 0.415625 0.13333333333333333 0.01328125 0.043055555555555555
2 0.43203125 0.12638888888888888 0.01328125 0.04027777777777778