1 0.83125 0.1763888888888889 0.0546875 0.14305555555555555
1 0.14765625 0.21944444444444444 0.07265625 0.19305555555555556
1 0.903125 0.20833333333333334 0.0671875 0.18055555555555555
1 0.24140625 0.16944444444444445 0.04296875 0.14305555555555555
1 0.74453125 0.14166666666666666 0.03125 0.10555555555555556
1 0.30234375 0.1388888888888889 0.03046875 0.1125
1 0.35 0.12361111111111112 0.0203125 0.08055555555555556
1 0.68984375 0.11805555555555555 0.02109375 0.08472222222222223
1 0.66171875 0.10416666666666667 0.015625 0.06805555555555555
1 0.3984375 0.09444444444444444 0.01328125 0.05694444444444444
1 0.378125 0.10555555555555556 0.01640625 0.06666666666666667
1 0.64140625 0.09583333333333334 0.01328125 0.05555555555555555
1 0.62890625 0.09305555555555556 0.01171875 0.04722222222222222
1 0.41171875 0.0875 0.01171875 0.04861111111111111