0 0.246875 0.49722222222222223 0.10546875 0.20277777777777778
0 0.3390625 0.42083333333333334 0.0625 0.12638888888888888
0 0.39375 0.37777777777777777 0.03515625 0.08472222222222223
0 0.41875 0.3625 0.02265625 0.06388888888888888
2 0.9796875 0.42083333333333334 0.03984375 0.10416666666666667
2 0.76875 0.35555555555555557 0.03125 0.06805555555555555
2 0.721875 0.3458333333333333 0.021875 0.05416666666666667
2 0.6875 0.3375 0.01953125 0.04722222222222222
2 0.84609375 0.37222222222222223 0.04453125 0.08472222222222223
2 0.66328125 0.3277777777777778 0.015625 0.05
2 0.6453125 0.325 0.0140625 0.043055555555555555
2 0.61640625 0.31805555555555554 0.01484375 0.03333333333333333
2 0.63046875 0.3236111111111111 0.01328125 0.034722222222222224