1 0.9109375 0.2652777777777778 0.06328125 0.175
1 0.19375 0.26666666666666666 0.06328125 0.1736111111111111
1 0.7390625 0.19166666666666668 0.03671875 0.09861111111111111
1 0.2859375 0.2125 0.0390625 0.11805555555555555
1 0.77421875 0.20833333333333334 0.0390625 0.11527777777777778
1 0.3296875 0.19444444444444445 0.0296875 0.09027777777777778
1 0.68984375 0.1736111111111111 0.02421875 0.07777777777777778
1 0.359375 0.17777777777777778 0.02265625 0.0763888888888889
1 0.65390625 0.16111111111111112 0.01875 0.06388888888888888
1 0.3875 0.1625 0.01640625 0.06527777777777778
1 0.40625 0.15138888888888888 0.01328125 0.05138888888888889
1 0.63359375 0.15138888888888888 0.01328125 0.05416666666666667
1 0.41875 0.14583333333333334 0.0109375 0.04583333333333333