2 0.21484375 0.47638888888888886 0.08359375 0.18472222222222223
2 0.34375 0.37916666666666665 0.0328125 0.08194444444444444
2 0.3171875 0.4097222222222222 0.04921875 0.11666666666666667
2 0.375 0.3611111111111111 0.02734375 0.06527777777777778
2 0.39140625 0.3472222222222222 0.0234375 0.05416666666666667
2 0.4125 0.3333333333333333 0.01484375 0.04861111111111111
2 0.40234375 0.3402777777777778 0.01875 0.044444444444444446
0 0.92421875 0.4152777777777778 0.0703125 0.11666666666666667
0 0.79921875 0.38333333333333336 0.0453125 0.08333333333333333
0 0.71875 0.36527777777777776 0.03125 0.06388888888888888
0 0.67734375 0.3527777777777778 0.0203125 0.05
0 0.64140625 0.3458333333333333 0.01796875 0.043055555555555555
0 0.596875 0.3347222222222222 0.009375 0.0375
0 0.56953125 0.3263888888888889 0.009375 0.03194444444444444
0 0.61015625 0.3402777777777778 0.0140625 0.034722222222222224
0 0.559375 0.32222222222222224 0.0078125 0.034722222222222224
0 0.58125 0.33055555555555555 0.0109375 0.03194444444444444