2 0.22890625 0.5833333333333334 0.14375 0.275
2 0.4875 0.41388888888888886 0.04609375 0.09722222222222222
2 0.42734375 0.4583333333333333 0.065625 0.14305555555555555
2 0.52109375 0.39444444444444443 0.03515625 0.07916666666666666
2 0.54609375 0.3819444444444444 0.02578125 0.05694444444444444
2 0.5640625 0.37083333333333335 0.02109375 0.04583333333333333
2 0.58125 0.36527777777777776 0.01875 0.034722222222222224
2 0.5984375 0.35138888888888886 0.0171875 0.030555555555555555
2 0.61328125 0.3416666666666667 0.01640625 0.03333333333333333
0 0.9328125 0.38472222222222224 0.0359375 0.06805555555555555
0 0.88984375 0.375 0.02734375 0.05694444444444444
0 0.85 0.36527777777777776 0.01875 0.04861111111111111
0 0.7875 0.35555555555555557 0.0109375 0.02361111111111111
0 0.80234375 0.35555555555555557 0.0140625 0.03611111111111111
0 0.82578125 0.35833333333333334 0.01796875 0.04722222222222222