0 0.1546875 0.4513888888888889 0.06015625 0.15416666666666667
0 0.28828125 0.3472222222222222 0.01953125 0.043055555555555555
0 0.2515625 0.35 0.01796875 0.05138888888888889
0 0.31640625 0.3472222222222222 0.0140625 0.03194444444444444
0 0.33359375 0.3375 0.01484375 0.04027777777777778
2 0.4375 0.325 0.01015625 0.030555555555555555
2 0.7828125 0.44722222222222224 0.06640625 0.1638888888888889
2 0.68828125 0.4097222222222222 0.05 0.12222222222222222
2 0.62578125 0.39166666666666666 0.03984375 0.10138888888888889
2 0.5765625 0.3763888888888889 0.03515625 0.08611111111111111
2 0.5140625 0.3638888888888889 0.025 0.07361111111111111
2 0.48359375 0.36666666666666664 0.01875 0.041666666666666664
2 0.41640625 0.3236111111111111 0.01171875 0.030555555555555555
2 0.4546875 0.325 0.0109375 0.03194444444444444
2 0.35546875 0.32222222222222224 0.00859375 0.025
2 0.46796875 0.35833333333333334 0.01640625 0.04027777777777778
2 0.39609375 0.32222222222222224 0.009375 0.027777777777777776
2 0.378125 0.32083333333333336 0.01015625 0.027777777777777776
0 0.203125 0.4222222222222222 0.05390625 0.1361111111111111