2 0.73125 0.4263888888888889 0.0765625 0.1875
2 0.43828125 0.35555555555555557 0.04140625 0.10972222222222222
2 0.515625 0.36944444444444446 0.046875 0.12222222222222222
2 0.57890625 0.3861111111111111 0.04921875 0.14166666666666666
2 0.078125 0.32916666666666666 0.034375 0.07777777777777778
2 0.32890625 0.3388888888888889 0.0375 0.09166666666666666
2 0.190625 0.33055555555555555 0.034375 0.08194444444444444
2 0.2375 0.33194444444444443 0.034375 0.08472222222222223
2 0.38125 0.3472222222222222 0.0390625 0.10138888888888889
2 0.27421875 0.3347222222222222 0.034375 0.08472222222222223
2 0.146875 0.33055555555555555 0.0375 0.07777777777777778