1 0.94609375 0.31527777777777777 0.0953125 0.24583333333333332
1 0.1328125 0.22361111111111112 0.0609375 0.15555555555555556
1 0.78046875 0.225 0.05 0.15555555555555556
1 0.7015625 0.1875 0.03515625 0.11944444444444445
1 0.2390625 0.18333333333333332 0.03671875 0.10972222222222222
1 0.28984375 0.16111111111111112 0.025 0.08611111111111111
1 0.609375 0.1361111111111111 0.01328125 0.058333333333333334
1 0.62578125 0.15 0.01640625 0.0763888888888889
1 0.59609375 0.12638888888888888 0.0140625 0.05694444444444444
1 0.3421875 0.14027777777777778 0.01328125 0.0625
1 0.325 0.14722222222222223 0.01796875 0.07222222222222222
1 0.653125 0.1625 0.0234375 0.08611111111111111