1 0.1625 0.23055555555555557 0.06015625 0.15416666666666667
1 0.72734375 0.19444444444444445 0.03203125 0.10833333333333334
1 0.24609375 0.19305555555555556 0.04140625 0.11805555555555555
1 0.31328125 0.16666666666666666 0.0234375 0.09166666666666666
1 0.67890625 0.17083333333333334 0.021875 0.08472222222222223
1 0.81953125 0.2361111111111111 0.053125 0.1597222222222222
1 0.6484375 0.15416666666666667 0.01796875 0.06805555555555555
1 0.35 0.14722222222222223 0.01640625 0.075
1 0.628125 0.14166666666666666 0.01484375 0.059722222222222225
1 0.61015625 0.13194444444444445 0.0125 0.05416666666666667
1 0.36953125 0.1388888888888889 0.01484375 0.06388888888888888
1 0.38828125 0.13194444444444445 0.0125 0.05138888888888889
1 0.59453125 0.12777777777777777 0.0109375 0.04583333333333333
1 0.40078125 0.12916666666666668 0.0109375 0.04027777777777778