0 0.15390625 0.25833333333333336 0.06875 0.18055555555555555
0 0.2359375 0.20972222222222223 0.0484375 0.13472222222222222
0 0.29765625 0.17777777777777778 0.025 0.10555555555555556
0 0.33515625 0.1597222222222222 0.01953125 0.08194444444444444
0 0.37890625 0.1375 0.0125 0.05138888888888889
0 0.39921875 0.12222222222222222 0.01015625 0.041666666666666664
0 0.390625 0.12916666666666668 0.01328125 0.04861111111111111
0 0.36015625 0.14722222222222223 0.01484375 0.06527777777777778
2 0.921875 0.25833333333333336 0.0796875 0.19305555555555556
2 0.82421875 0.21666666666666667 0.059375 0.15833333333333333
2 0.73125 0.18194444444444444 0.0359375 0.1111111111111111
2 0.68515625 0.16111111111111112 0.028125 0.09305555555555556
2 0.6484375 0.14583333333333334 0.02265625 0.08055555555555556
2 0.61796875 0.13333333333333333 0.0171875 0.0625
2 0.60546875 0.12777777777777777 0.01484375 0.05694444444444444
2 0.58984375 0.12222222222222222 0.0125 0.05
2 0.57734375 0.11944444444444445 0.0109375 0.044444444444444446
2 0.56484375 0.11388888888888889 0.01171875 0.03888888888888889