0 0.80546875 0.5569444444444445 0.13359375 0.25972222222222224
0 0.678125 0.4361111111111111 0.06953125 0.14166666666666666
0 0.60078125 0.39305555555555555 0.03515625 0.059722222222222225
0 0.94453125 0.3277777777777778 0.0109375 0.018055555555555554
0 0.58984375 0.3611111111111111 0.02265625 0.07083333333333333
0 0.90625 0.325 0.01015625 0.016666666666666666
0 0.99140625 0.33194444444444443 0.0125 0.019444444444444445
0 0.84765625 0.3194444444444444 0.009375 0.016666666666666666
0 0.5734375 0.3458333333333333 0.01640625 0.05277777777777778
0 0.87265625 0.32222222222222224 0.0109375 0.015277777777777777
2 0.12578125 0.3763888888888889 0.0515625 0.09444444444444444
2 0.28671875 0.3416666666666667 0.02421875 0.05416666666666667
2 0.234375 0.3541666666666667 0.03125 0.06805555555555555
2 0.3140625 0.33611111111111114 0.01953125 0.044444444444444446
2 0.34296875 0.3333333333333333 0.0140625 0.03194444444444444
2 0.975 0.31666666666666665 0.01015625 0.022222222222222223
2 0.91875 0.3111111111111111 0.0078125 0.016666666666666666
2 0.89140625 0.3111111111111111 0.0078125 0.019444444444444445
2 0.94453125 0.32083333333333336 0.0125 0.03333333333333333
2 0.3640625 0.32222222222222224 0.01484375 0.03888888888888889
2 0.38671875 0.31666666666666665 0.0109375 0.03611111111111111