2 0.9546875 0.41944444444444445 0.08984375 0.16944444444444445
2 0.7828125 0.39305555555555555 0.0765625 0.1375
2 0.65859375 0.3763888888888889 0.06171875 0.11388888888888889
2 0.2015625 0.3458333333333333 0.04140625 0.0763888888888889
2 0.43984375 0.35555555555555557 0.046875 0.09166666666666666
2 0.3484375 0.35 0.04140625 0.08472222222222223
2 0.26328125 0.3458333333333333 0.03515625 0.08055555555555556
2 0.53984375 0.3625 0.05234375 0.10138888888888889
2 0.11171875 0.34444444444444444 0.0390625 0.075
2 0.00546875 0.3458333333333333 0.01015625 0.07361111111111111
2 0.9609375 0.4097222222222222 0.05078125 0.1486111111111111