2 0.125 0.45416666666666666 0.05234375 0.20277777777777778
2 0.27109375 0.37777777777777777 0.05 0.125
2 0.340625 0.3486111111111111 0.03359375 0.09444444444444444
2 0.3890625 0.32916666666666666 0.02421875 0.06666666666666667
2 0.41875 0.31805555555555554 0.0203125 0.05555555555555555
2 0.4453125 0.30833333333333335 0.01640625 0.043055555555555555
2 0.45625 0.3055555555555556 0.0125 0.034722222222222224
2 0.4671875 0.3 0.0125 0.03333333333333333
2 0.10703125 0.39166666666666666 0.01484375 0.075
0 0.82890625 0.4013888888888889 0.0640625 0.14583333333333334
0 0.75703125 0.3625 0.03984375 0.125
0 0.70546875 0.3333333333333333 0.03046875 0.1
0 0.67578125 0.3263888888888889 0.021875 0.09444444444444444
0 0.65703125 0.31805555555555554 0.01796875 0.0763888888888889