2 0.6234375 0.21805555555555556 0.0515625 0.14444444444444443
2 0.45703125 0.23472222222222222 0.0609375 0.16111111111111112
2 0.52578125 0.22777777777777777 0.059375 0.1527777777777778
2 0.14765625 0.30277777777777776 0.09921875 0.23472222222222222
2 0.37265625 0.25416666666666665 0.06875 0.18055555555555555
2 0.8 0.2125 0.0578125 0.1388888888888889
2 0.71015625 0.21388888888888888 0.05546875 0.14305555555555555
2 0.8796875 0.20972222222222223 0.0578125 0.13194444444444445
2 0.27890625 0.2777777777777778 0.084375 0.20833333333333334
2 0.01875 0.375 0.0375 0.30833333333333335
2 0.96484375 0.2125 0.04921875 0.12361111111111112