1 0.025 0.24583333333333332 0.05 0.20277777777777778
1 0.8328125 0.2513888888888889 0.084375 0.20555555555555555
1 0.15859375 0.17916666666666667 0.04921875 0.13055555555555556
1 0.65234375 0.15138888888888888 0.0328125 0.10138888888888889
1 0.71171875 0.18611111111111112 0.04609375 0.12916666666666668
1 0.22109375 0.15555555555555556 0.03828125 0.1
1 0.61796875 0.1361111111111111 0.0234375 0.08194444444444444
1 0.59375 0.12222222222222222 0.01640625 0.06666666666666667
1 0.278125 0.13472222222222222 0.02421875 0.07777777777777778
1 0.56328125 0.10416666666666667 0.01171875 0.04861111111111111
1 0.3109375 0.12083333333333333 0.015625 0.0625
1 0.57734375 0.11388888888888889 0.0140625 0.05555555555555555
1 0.3296875 0.11388888888888889 0.015625 0.058333333333333334