0 0.12578125 0.26805555555555555 0.07265625 0.19027777777777777
0 0.24921875 0.20972222222222223 0.04296875 0.12916666666666668
0 0.31171875 0.18055555555555555 0.02421875 0.09861111111111111
0 0.34765625 0.1638888888888889 0.02109375 0.08194444444444444
0 0.37890625 0.15 0.01640625 0.06388888888888888
0 0.39921875 0.14027777777777778 0.01328125 0.05416666666666667
0 0.4140625 0.13194444444444445 0.01171875 0.04722222222222222
2 0.9125 0.26944444444444443 0.07734375 0.19027777777777777
2 0.78515625 0.20694444444444443 0.04609375 0.13194444444444445
2 0.72265625 0.17916666666666667 0.03203125 0.10138888888888889
2 0.6546875 0.14722222222222223 0.01953125 0.07083333333333333
2 0.6796875 0.16111111111111112 0.0234375 0.08333333333333333
2 0.63125 0.1375 0.01640625 0.059722222222222225
2 0.61484375 0.13194444444444445 0.0125 0.04861111111111111