0 0.284375 0.43333333333333335 0.05234375 0.1361111111111111
0 0.34921875 0.4 0.03828125 0.10416666666666667
0 0.1578125 0.5097222222222222 0.06796875 0.2111111111111111
0 0.4015625 0.3736111111111111 0.02421875 0.07916666666666666
0 0.4296875 0.35555555555555557 0.01953125 0.06388888888888888
0 0.46171875 0.34305555555555556 0.0140625 0.04583333333333333
0 0.48125 0.33055555555555555 0.00859375 0.03194444444444444
0 0.4703125 0.3375 0.01171875 0.043055555555555555
2 0.8453125 0.43194444444444446 0.05859375 0.15
2 0.7328125 0.3763888888888889 0.03359375 0.09027777777777778
2 0.68828125 0.35555555555555557 0.02265625 0.07083333333333333
2 0.66171875 0.3416666666666667 0.01875 0.05416666666666667
2 0.6421875 0.3333333333333333 0.0140625 0.043055555555555555
2 0.62578125 0.33194444444444443 0.01328125 0.03194444444444444
2 0.60859375 0.3194444444444444 0.00859375 0.02638888888888889