0 0.515625 0.5125 0.1171875 0.24027777777777778
0 0.88359375 0.6805555555555556 0.12578125 0.35833333333333334
0 0.384375 0.43472222222222223 0.0734375 0.16111111111111112
0 0.31015625 0.3888888888888889 0.05078125 0.11805555555555555
0 0.26796875 0.3625 0.03359375 0.09305555555555556
0 0.2421875 0.3486111111111111 0.03046875 0.07777777777777778
0 0.90703125 0.32222222222222224 0.01640625 0.041666666666666664
0 0.21484375 0.33194444444444443 0.0234375 0.06388888888888888
0 0.8046875 0.31666666666666665 0.015625 0.03611111111111111
0 0.2015625 0.3236111111111111 0.0171875 0.05277777777777778
0 0.6921875 0.30833333333333335 0.01328125 0.03194444444444444
2 0.96953125 0.31527777777777777 0.01640625 0.04027777777777778
2 0.83046875 0.3055555555555556 0.0140625 0.03194444444444444
2 0.7796875 0.30416666666666664 0.01328125 0.030555555555555555
2 0.896875 0.30972222222222223 0.01484375 0.03611111111111111
2 0.71953125 0.3 0.0125 0.02638888888888889
2 0.74453125 0.3138888888888889 0.0140625 0.03333333333333333