2 0.43203125 0.40555555555555556 0.0421875 0.12638888888888888
2 0.3515625 0.41805555555555557 0.05390625 0.14166666666666666
2 0.1515625 0.4888888888888889 0.07578125 0.21805555555555556
2 0.61171875 0.37777777777777777 0.0375 0.09444444444444444
2 0.2703125 0.44027777777777777 0.06640625 0.16666666666666666
2 0.4984375 0.39166666666666666 0.040625 0.11388888888888889
2 0.665625 0.37083333333333335 0.0359375 0.08888888888888889
2 0.5734375 0.38055555555555554 0.03125 0.1
2 0.753125 0.36527777777777776 0.0328125 0.08194444444444444
2 0.7140625 0.36666666666666664 0.034375 0.08472222222222223
2 0.80625 0.3611111111111111 0.03203125 0.07777777777777778
2 0.859375 0.3611111111111111 0.034375 0.07777777777777778