2 0.87265625 0.34444444444444444 0.03046875 0.06111111111111111
2 0.90703125 0.3458333333333333 0.028125 0.06527777777777778
2 0.98203125 0.4097222222222222 0.0359375 0.11805555555555555
2 0.9578125 0.39305555555555555 0.0421875 0.09583333333333334
2 0.93671875 0.3819444444444444 0.03046875 0.05416666666666667
2 0.93203125 0.3527777777777778 0.02421875 0.07083333333333333
2 0.99140625 0.5013888888888889 0.0171875 0.03333333333333333
0 0.06015625 0.5 0.1203125 0.20555555555555555
0 0.18984375 0.45555555555555555 0.0890625 0.16111111111111112
0 0.31484375 0.425 0.0671875 0.13194444444444445
0 0.403125 0.4013888888888889 0.05703125 0.10694444444444444
0 0.51875 0.37222222222222223 0.0421875 0.0875
0 0.45 0.3888888888888889 0.04765625 0.09722222222222222
0 0.5546875 0.36527777777777776 0.028125 0.06944444444444445