0 0.80859375 0.24166666666666667 0.0609375 0.16527777777777777
0 0.7015625 0.18888888888888888 0.03984375 0.1125
2 0.14296875 0.225 0.06015625 0.15555555555555556
2 0.24375 0.18055555555555555 0.0390625 0.11388888888888889
1 0.646875 0.1597222222222222 0.02421875 0.08194444444444444
1 0.3046875 0.15833333333333333 0.02421875 0.08472222222222223
1 0.62265625 0.1486111111111111 0.01640625 0.06388888888888888
1 0.340625 0.14305555555555555 0.015625 0.06666666666666667
1 0.60625 0.1388888888888889 0.015625 0.058333333333333334
1 0.37265625 0.13055555555555556 0.01484375 0.05555555555555555
1 0.59296875 0.13333333333333333 0.0140625 0.05138888888888889
1 0.353125 0.1388888888888889 0.0140625 0.06388888888888888