2 0.403125 0.20833333333333334 0.0609375 0.1597222222222222
2 0.615625 0.23333333333333334 0.0734375 0.1875
2 0.31015625 0.20416666666666666 0.06015625 0.1527777777777778
2 0.49921875 0.2152777777777778 0.059375 0.16944444444444445
2 0.23046875 0.1986111111111111 0.05859375 0.14027777777777778
2 0.06640625 0.18333333333333332 0.0515625 0.14166666666666666
2 0.8265625 0.28888888888888886 0.10234375 0.24722222222222223
2 0.7046875 0.24861111111111112 0.08046875 0.20694444444444443
2 0.9625 0.3472222222222222 0.075 0.3111111111111111
2 0.15078125 0.18888888888888888 0.0515625 0.14027777777777778
2 0.00859375 0.18055555555555555 0.0171875 0.12777777777777777