2 0.8546875 0.44583333333333336 0.0875 0.1638888888888889
2 0.740625 0.4041666666666667 0.0515625 0.12083333333333333
2 0.55625 0.3194444444444444 0.01640625 0.03333333333333333
2 0.52890625 0.31805555555555554 0.01484375 0.03194444444444444
2 0.4953125 0.31805555555555554 0.0140625 0.030555555555555555
2 0.62265625 0.32222222222222224 0.015625 0.0375
2 0.58984375 0.3194444444444444 0.0171875 0.03611111111111111
2 0.65390625 0.325 0.015625 0.04027777777777778
2 0.70234375 0.4027777777777778 0.04765625 0.06805555555555555
2 0.67734375 0.3277777777777778 0.01796875 0.04583333333333333
2 0.46484375 0.31805555555555554 0.0140625 0.03194444444444444
2 0.6875 0.3875 0.02578125 0.059722222222222225
2 0.7125 0.3472222222222222 0.02265625 0.0625
0 0.271875 0.3680555555555556 0.04140625 0.0763888888888889
0 0.08203125 0.43472222222222223 0.0578125 0.14027777777777778
0 0.34921875 0.3625 0.03671875 0.0625
0 0.046875 0.46805555555555556 0.071875 0.17222222222222222
0 0.11875 0.40555555555555556 0.05625 0.11666666666666667
0 0.02890625 0.5513888888888889 0.0578125 0.14166666666666666
0 0.4046875 0.35555555555555557 0.028125 0.05416666666666667
0 0.14921875 0.3888888888888889 0.03359375 0.10277777777777777
0 0.43515625 0.3472222222222222 0.01953125 0.059722222222222225
0 0.1984375 0.3680555555555556 0.05 0.10972222222222222