2 0.97109375 0.3541666666666667 0.02109375 0.04583333333333333
2 0.90859375 0.35138888888888886 0.01796875 0.043055555555555555
2 0.4796875 0.33611111111111114 0.0109375 0.027777777777777776
2 0.72734375 0.3416666666666667 0.01171875 0.03333333333333333
2 0.8625 0.3486111111111111 0.01484375 0.03888888888888889
2 0.7796875 0.3458333333333333 0.01484375 0.03611111111111111
2 0.428125 0.3333333333333333 0.01015625 0.025
2 0.1890625 0.3236111111111111 0.009375 0.019444444444444445
2 0.67421875 0.3416666666666667 0.0125 0.03194444444444444
2 0.2296875 0.3236111111111111 0.009375 0.018055555555555554
2 0.334375 0.33055555555555555 0.01015625 0.022222222222222223
2 0.14453125 0.32083333333333336 0.009375 0.016666666666666666
2 0.10390625 0.3194444444444444 0.009375 0.016666666666666666
0 0.64921875 0.44583333333333336 0.06640625 0.1375
0 0.29765625 0.4111111111111111 0.05703125 0.10555555555555556
0 0.1578125 0.3972222222222222 0.04765625 0.09444444444444444
0 0.45078125 0.4263888888888889 0.0625 0.11944444444444445
0 0.04609375 0.3861111111111111 0.0375 0.08333333333333333
0 0.984375 0.37083333333333335 0.02734375 0.05277777777777778
0 0.70859375 0.35138888888888886 0.01171875 0.04722222222222222
0 0.76015625 0.35555555555555557 0.0125 0.044444444444444446
0 0.82421875 0.35694444444444445 0.0203125 0.05555555555555555
0 0.87109375 0.3638888888888889 0.028125 0.05
0 0.3734375 0.33611111111111114 0.01171875 0.043055555555555555
2 0.6078125 0.3347222222222222 0.0140625 0.043055555555555555
0 0.603125 0.35 0.015625 0.034722222222222224
0 0.21640625 0.3333333333333333 0.01328125 0.029166666666666667
0 0.659375 0.35 0.01484375 0.043055555555555555
0 0.5453125 0.33611111111111114 0.02109375 0.03333333333333333
0 0.54140625 0.34444444444444444 0.01171875 0.03888888888888889
0 0.11484375 0.3333333333333333 0.0109375 0.018055555555555554
0 0.2734375 0.3347222222222222 0.009375 0.03333333333333333
0 0.0671875 0.33055555555555555 0.0109375 0.018055555555555554
0 0.45234375 0.3416666666666667 0.0109375 0.034722222222222224
0 0.9359375 0.3680555555555556 0.02578125 0.05138888888888889
0 0.32109375 0.3375 0.0234375 0.03333333333333333