2 0.8875 0.5347222222222222 0.1359375 0.24861111111111112
2 0.97890625 0.6708333333333333 0.0421875 0.30277777777777776
2 0.75078125 0.4583333333333333 0.08984375 0.1736111111111111
2 0.465625 0.36944444444444446 0.03984375 0.07777777777777778
2 0.66875 0.4236111111111111 0.071875 0.13472222222222222
2 0.53828125 0.37916666666666665 0.0453125 0.09027777777777778
2 0.61640625 0.39861111111111114 0.04609375 0.10972222222222222
2 0.2765625 0.35833333333333334 0.03984375 0.06527777777777778
2 0.14765625 0.35555555555555557 0.0359375 0.059722222222222225
2 0.3953125 0.3625 0.0421875 0.07083333333333333
2 0.33046875 0.3597222222222222 0.040625 0.06666666666666667
2 0.071875 0.35555555555555557 0.03515625 0.058333333333333334
2 0.20859375 0.35555555555555557 0.0359375 0.0625
2 0.58515625 0.3875 0.0375 0.09722222222222222
2 0.0078125 0.35555555555555557 0.015625 0.058333333333333334