2 0.75 0.475 0.08359375 0.17916666666666667
2 0.67890625 0.4097222222222222 0.04765625 0.10972222222222222
2 0.62734375 0.3819444444444444 0.0328125 0.075
2 0.6015625 0.3625 0.02421875 0.0625
2 0.9921875 0.8347222222222223 0.015625 0.030555555555555555
2 0.58515625 0.3486111111111111 0.02109375 0.05138888888888889
2 0.5734375 0.34444444444444444 0.01484375 0.04722222222222222
0 0.078125 0.4166666666666667 0.06328125 0.1111111111111111
0 0.209375 0.38333333333333336 0.03828125 0.08055555555555556
0 0.2703125 0.36666666666666664 0.028125 0.0625
0 0.3171875 0.35694444444444445 0.0203125 0.05
0 0.37265625 0.3402777777777778 0.01328125 0.044444444444444446
0 0.390625 0.3388888888888889 0.0109375 0.03194444444444444
0 0.3546875 0.3458333333333333 0.01640625 0.04583333333333333
0 0.40390625 0.33611111111111114 0.009375 0.029166666666666667