1 0.04609375 0.2763888888888889 0.09140625 0.22361111111111112
1 0.9765625 0.2791666666666667 0.04609375 0.23055555555555557
1 0.22109375 0.19583333333333333 0.04921875 0.14583333333333334
1 0.2984375 0.1625 0.03515625 0.10833333333333334
1 0.75859375 0.1638888888888889 0.03359375 0.10833333333333334
1 0.346875 0.14444444444444443 0.02421875 0.08611111111111111
1 0.84609375 0.20277777777777778 0.05078125 0.15694444444444444
1 0.71015625 0.14722222222222223 0.02421875 0.0875
1 0.36875 0.13333333333333333 0.01953125 0.07777777777777778
1 0.68515625 0.13055555555555556 0.01875 0.07222222222222222
1 0.396875 0.12083333333333333 0.015625 0.06111111111111111
1 0.6671875 0.12222222222222222 0.015625 0.058333333333333334