1 0.93828125 0.33055555555555555 0.10078125 0.2388888888888889
1 0.1421875 0.24305555555555555 0.059375 0.15416666666666667
1 0.7828125 0.2388888888888889 0.05234375 0.1527777777777778
1 0.3125 0.20277777777777778 0.0390625 0.11666666666666667
1 0.65703125 0.20694444444444443 0.0390625 0.1111111111111111
1 0.5171875 0.20555555555555555 0.0359375 0.11666666666666667
1 0.3828125 0.20694444444444443 0.0375 0.1111111111111111
1 0.23984375 0.20416666666666666 0.040625 0.11388888888888889
1 0.45 0.20555555555555555 0.034375 0.11388888888888889
1 0.590625 0.20833333333333334 0.0359375 0.1111111111111111
1 0.71796875 0.20416666666666666 0.03671875 0.11666666666666667