0 0.15703125 0.24583333333333332 0.06640625 0.17083333333333334
0 0.2546875 0.19583333333333333 0.0390625 0.12222222222222222
0 0.30625 0.1736111111111111 0.03125 0.09444444444444444
0 0.37421875 0.14166666666666666 0.01484375 0.06111111111111111
0 0.34765625 0.15416666666666667 0.021875 0.07083333333333333
0 0.39296875 0.13333333333333333 0.0125 0.05138888888888889
2 0.8578125 0.2388888888888889 0.06640625 0.17083333333333334
2 0.759375 0.19444444444444445 0.04375 0.12361111111111112
2 0.6640625 0.15 0.02421875 0.07777777777777778
2 0.6984375 0.16944444444444445 0.0296875 0.09166666666666666
2 0.63515625 0.1375 0.01796875 0.06527777777777778
2 0.615625 0.13194444444444445 0.01640625 0.05416666666666667