0 0.1765625 0.2375 0.0625 0.1625
0 0.28828125 0.18472222222222223 0.0359375 0.1111111111111111
0 0.0296875 0.3486111111111111 0.059375 0.19166666666666668
0 0.32578125 0.16805555555555557 0.02578125 0.08333333333333333
0 0.35703125 0.15 0.01953125 0.07083333333333333
0 0.3859375 0.1361111111111111 0.01484375 0.05555555555555555
0 0.41171875 0.12361111111111112 0.01171875 0.043055555555555555
0 0.40234375 0.12777777777777777 0.01171875 0.04583333333333333
0 0.01953125 0.36666666666666664 0.0390625 0.14722222222222223
2 0.8296875 0.2263888888888889 0.05859375 0.15416666666666667
2 0.72890625 0.18194444444444444 0.03203125 0.10694444444444444
2 0.66171875 0.1527777777777778 0.02421875 0.07916666666666666
2 0.63828125 0.1388888888888889 0.01953125 0.06805555555555555
2 0.615625 0.12638888888888888 0.01484375 0.05555555555555555
2 0.60078125 0.12361111111111112 0.0140625 0.04583333333333333