0 0.86796875 0.6027777777777777 0.16640625 0.30277777777777776
0 0.70390625 0.5013888888888889 0.1015625 0.2
0 0.6140625 0.45416666666666666 0.08046875 0.1527777777777778
0 0.4796875 0.4111111111111111 0.053125 0.1125
0 0.4359375 0.3972222222222222 0.04453125 0.09861111111111111
0 0.53046875 0.4263888888888889 0.06484375 0.125
0 0.2953125 0.36666666666666664 0.028125 0.07222222222222222
0 0.32734375 0.375 0.03828125 0.07361111111111111
0 0.221875 0.3541666666666667 0.025 0.05694444444444444
0 0.37734375 0.39166666666666666 0.04296875 0.0763888888888889
0 0.9546875 0.3472222222222222 0.0140625 0.027777777777777776
0 0.2484375 0.3680555555555556 0.03125 0.044444444444444446
0 0.975 0.3458333333333333 0.01640625 0.0375
0 0.91640625 0.33611111111111114 0.0125 0.02638888888888889
0 0.89765625 0.33611111111111114 0.0109375 0.022222222222222223
0 0.41171875 0.3333333333333333 0.0125 0.02638888888888889
0 0.25390625 0.3472222222222222 0.021875 0.04583333333333333
0 0.378125 0.3375 0.015625 0.03333333333333333
0 0.93671875 0.3388888888888889 0.0140625 0.03333333333333333
0 0.28125 0.3472222222222222 0.01640625 0.0375
2 0.00546875 0.33611111111111114 0.0109375 0.04861111111111111
2 0.11796875 0.33055555555555555 0.0171875 0.04027777777777778
2 0.18671875 0.3263888888888889 0.01484375 0.03611111111111111
2 0.27265625 0.3236111111111111 0.0125 0.030555555555555555
2 0.2359375 0.3236111111111111 0.01484375 0.030555555555555555
2 0.3109375 0.32083333333333336 0.01171875 0.027777777777777776
2 0.37421875 0.31805555555555554 0.009375 0.025
2 0.34296875 0.3194444444444444 0.01171875 0.02638888888888889