2 0.4140625 0.4083333333333333 0.04453125 0.11805555555555555
2 0.33203125 0.42777777777777776 0.05546875 0.14166666666666666
2 0.2328125 0.45 0.071875 0.16805555555555557
2 0.51953125 0.3902777777777778 0.0375 0.09861111111111111
2 0.55546875 0.38472222222222224 0.034375 0.09305555555555556
2 0.47578125 0.4 0.04140625 0.10833333333333334
2 0.85625 0.3638888888888889 0.03046875 0.07083333333333333
2 0.62578125 0.37777777777777777 0.03203125 0.08472222222222223
2 0.80390625 0.36527777777777776 0.0296875 0.06805555555555555
2 0.75625 0.36666666666666664 0.028125 0.07083333333333333
2 0.66796875 0.375 0.03125 0.08055555555555556
2 0.72890625 0.36944444444444446 0.03203125 0.075
2 0.5859375 0.3819444444444444 0.0375 0.0875
2 0.69765625 0.37222222222222223 0.03125 0.07361111111111111