2 0.76640625 0.5263888888888889 0.13984375 0.26944444444444443
2 0.6125 0.4666666666666667 0.1046875 0.20694444444444443
2 0.95078125 0.6583333333333333 0.0984375 0.3888888888888889
2 0.221875 0.3680555555555556 0.053125 0.10416666666666667
2 0.271875 0.375 0.0546875 0.1111111111111111
2 0.5 0.42777777777777776 0.08359375 0.16527777777777777
2 0.16328125 0.3611111111111111 0.05234375 0.1
2 0.4171875 0.4083333333333333 0.0734375 0.14166666666666666
2 0.0484375 0.35138888888888886 0.04140625 0.08611111111111111
2 0.12421875 0.35833333333333334 0.0453125 0.09583333333333334
2 0.31484375 0.38472222222222224 0.05703125 0.11805555555555555
2 0.36171875 0.39305555555555555 0.0640625 0.12916666666666668
2 0.00625 0.35 0.01171875 0.08194444444444444
2 0.0828125 0.35555555555555557 0.0484375 0.08888888888888889