0 0.30234375 0.44583333333333336 0.084375 0.16944444444444445
0 0.384375 0.38472222222222224 0.04609375 0.10694444444444444
0 0.06328125 0.7375 0.1265625 0.35
0 0.42578125 0.35833333333333334 0.03125 0.07916666666666666
0 0.4609375 0.3375 0.015625 0.034722222222222224
0 0.44453125 0.34305555555555556 0.01953125 0.059722222222222225
2 0.984375 0.37222222222222223 0.03046875 0.10833333333333334
2 0.88203125 0.35 0.0421875 0.08333333333333333
2 0.8078125 0.3333333333333333 0.03046875 0.06666666666666667
2 0.7609375 0.3236111111111111 0.02421875 0.05416666666666667
2 0.73359375 0.31805555555555554 0.0203125 0.05
2 0.69140625 0.30972222222222223 0.01640625 0.041666666666666664
2 0.7109375 0.3138888888888889 0.01796875 0.044444444444444446
2 0.6359375 0.2986111111111111 0.0109375 0.030555555555555555
2 0.67578125 0.30694444444444446 0.01484375 0.034722222222222224
2 0.60390625 0.2986111111111111 0.01171875 0.029166666666666667
2 0.6140625 0.2986111111111111 0.01171875 0.027777777777777776
2 0.665625 0.30277777777777776 0.01328125 0.034722222222222224
2 0.653125 0.3013888888888889 0.0109375 0.030555555555555555