0 0.20859375 0.24305555555555555 0.06875 0.1736111111111111
0 0.2984375 0.18333333333333332 0.03515625 0.11388888888888889
0 0.3796875 0.14583333333333334 0.01875 0.07083333333333333
0 0.346875 0.16111111111111112 0.02265625 0.09027777777777778
0 0.40546875 0.13333333333333333 0.01484375 0.058333333333333334
2 0.9375 0.25 0.075 0.18888888888888888
2 0.82890625 0.20277777777777778 0.05078125 0.1388888888888889
2 0.7578125 0.17222222222222222 0.03515625 0.10416666666666667
2 0.6859375 0.14027777777777778 0.02265625 0.075
2 0.715625 0.1527777777777778 0.02734375 0.0875
2 0.659375 0.13055555555555556 0.01796875 0.0625
2 0.63828125 0.12083333333333333 0.0140625 0.05555555555555555
2 0.62109375 0.11388888888888889 0.01484375 0.04583333333333333
2 0.4578125 0.7916666666666666 0.0234375 0.04583333333333333