0 0.2625 0.5194444444444445 0.1265625 0.24583333333333332
0 0.37421875 0.4222222222222222 0.0703125 0.15138888888888888
0 0.440625 0.3680555555555556 0.0375 0.09722222222222222
0 0.4703125 0.35138888888888886 0.0265625 0.07083333333333333
2 0.96640625 0.3625 0.053125 0.10138888888888889
2 0.875 0.34444444444444444 0.0390625 0.07361111111111111
2 0.81875 0.33611111111111114 0.0296875 0.05416666666666667
2 0.778125 0.3236111111111111 0.0234375 0.04861111111111111
2 0.728125 0.31527777777777777 0.0171875 0.03194444444444444
2 0.74921875 0.31666666666666665 0.02109375 0.04722222222222222
2 0.6953125 0.30277777777777776 0.01640625 0.03611111111111111
2 0.709375 0.3125 0.01484375 0.02361111111111111