2 0.9515625 0.5222222222222223 0.09375 0.2375
2 0.86796875 0.3277777777777778 0.0140625 0.03888888888888889
2 0.83515625 0.3277777777777778 0.015625 0.0375
2 0.596875 0.325 0.0109375 0.027777777777777776
2 0.65625 0.325 0.01171875 0.030555555555555555
2 0.7609375 0.325 0.0109375 0.03194444444444444
2 0.625 0.3236111111111111 0.01015625 0.03194444444444444
2 0.9046875 0.32916666666666666 0.01875 0.043055555555555555
2 0.8 0.3263888888888889 0.0125 0.0375
2 0.715625 0.3277777777777778 0.0109375 0.02638888888888889
2 0.95859375 0.33055555555555555 0.03359375 0.0875
2 0.99296875 0.3458333333333333 0.0125 0.025
0 0.39921875 0.4083333333333333 0.05234375 0.1111111111111111
0 0.20703125 0.42777777777777776 0.0671875 0.13055555555555556
0 0.63359375 0.3819444444444444 0.04609375 0.08472222222222223
0 0.0375 0.4486111111111111 0.07421875 0.15138888888888888
0 0.521875 0.3888888888888889 0.053125 0.10833333333333334
0 0.72421875 0.36666666666666664 0.040625 0.08194444444444444
0 0.74453125 0.3388888888888889 0.0171875 0.04861111111111111
0 0.6859375 0.33611111111111114 0.01796875 0.043055555555555555
0 0.771875 0.35833333333333334 0.02734375 0.0763888888888889
0 0.790625 0.35138888888888886 0.025 0.06805555555555555