0 0.1265625 0.3597222222222222 0.121875 0.29305555555555557
0 0.25390625 0.2611111111111111 0.07421875 0.19722222222222222
0 0.3171875 0.20833333333333334 0.0453125 0.14583333333333334
0 0.48203125 0.1527777777777778 0.03359375 0.07916666666666666
0 0.428125 0.15833333333333333 0.03671875 0.09722222222222222
0 0.56640625 0.1375 0.02734375 0.0763888888888889
0 0.6578125 0.125 0.01875 0.059722222222222225
0 0.52734375 0.14305555555555555 0.028125 0.08194444444444444
0 0.59453125 0.13333333333333333 0.02265625 0.06666666666666667
0 0.62109375 0.12916666666666668 0.01796875 0.0625
2 0.83515625 0.2722222222222222 0.078125 0.18611111111111112
2 0.946875 0.3472222222222222 0.10390625 0.29305555555555557
2 0.76328125 0.1597222222222222 0.03203125 0.10138888888888889
2 0.80078125 0.15 0.03203125 0.09166666666666666
2 0.89765625 0.10833333333333334 0.01640625 0.05277777777777778