0 0.0515625 0.3125 0.09921875 0.2375
0 0.2109375 0.2263888888888889 0.0484375 0.15694444444444444
0 0.29296875 0.18888888888888888 0.03046875 0.10972222222222222
0 0.34609375 0.1597222222222222 0.02109375 0.0875
0 0.346875 0.17916666666666667 0.01875 0.04583333333333333
2 0.93515625 0.25972222222222224 0.08046875 0.19305555555555556
2 0.80703125 0.20833333333333334 0.04921875 0.1361111111111111
2 0.7375 0.18055555555555555 0.03359375 0.10416666666666667
1 0.65 0.14305555555555555 0.02265625 0.07777777777777778
2 0.68515625 0.15555555555555556 0.021875 0.08611111111111111
2 0.9375 0.25277777777777777 0.04296875 0.17777777777777778
1 0.37890625 0.14166666666666666 0.021875 0.08055555555555556