0 0.15234375 0.4222222222222222 0.075 0.13333333333333333
0 0.040625 0.49027777777777776 0.08046875 0.2013888888888889
0 0.45 0.36944444444444446 0.04375 0.08194444444444444
0 0.5578125 0.3597222222222222 0.0359375 0.07361111111111111
0 0.028125 0.6555555555555556 0.05546875 0.24722222222222223
0 0.7234375 0.3375 0.0265625 0.07083333333333333
0 0.64296875 0.3416666666666667 0.0328125 0.08333333333333333
0 0.8359375 0.32916666666666666 0.0203125 0.05416666666666667
0 0.89453125 0.3277777777777778 0.02109375 0.04027777777777778
0 0.78515625 0.32916666666666666 0.0234375 0.06805555555555555
0 0.2296875 0.4 0.06171875 0.1111111111111111
0 0.9375 0.32083333333333336 0.02109375 0.04027777777777778
0 0.29453125 0.325 0.0140625 0.03333333333333333
0 0.340625 0.32222222222222224 0.0140625 0.030555555555555555
0 0.04375 0.3416666666666667 0.021875 0.044444444444444446
0 0.07890625 0.3375 0.02109375 0.043055555555555555
0 0.12734375 0.3333333333333333 0.01875 0.043055555555555555
0 0.165625 0.32916666666666666 0.01875 0.04583333333333333
0 0.2578125 0.325 0.01640625 0.03888888888888889
0 0.00390625 0.3458333333333333 0.00703125 0.044444444444444446
0 0.21171875 0.325 0.0171875 0.041666666666666664
2 0.890625 0.4125 0.0890625 0.1388888888888889
2 0.98125 0.3763888888888889 0.03671875 0.14583333333333334