0 0.0671875 0.31805555555555554 0.090625 0.22916666666666666
0 0.19609375 0.25 0.06015625 0.1527777777777778
0 0.2765625 0.20833333333333334 0.03515625 0.1125
0 0.32578125 0.18333333333333332 0.02109375 0.0875
0 0.35546875 0.16805555555555557 0.01640625 0.06944444444444445
0 0.37578125 0.15694444444444444 0.01328125 0.05694444444444444
0 0.390625 0.1486111111111111 0.0109375 0.04722222222222222
0 0.40078125 0.1388888888888889 0.01171875 0.04583333333333333
2 0.88828125 0.2652777777777778 0.075 0.17916666666666667
2 0.759375 0.2111111111111111 0.04140625 0.12222222222222222
2 0.70078125 0.18333333333333332 0.03046875 0.10416666666666667
2 0.65859375 0.16805555555555557 0.0234375 0.08333333333333333
2 0.625 0.15555555555555556 0.01953125 0.0625
2 0.609375 0.14722222222222223 0.01484375 0.059722222222222225
2 0.59375 0.14166666666666666 0.0140625 0.05138888888888889
2 0.58046875 0.1375 0.01015625 0.044444444444444446