2 0.7609375 0.3611111111111111 0.0390625 0.08194444444444444
2 0.7125 0.3472222222222222 0.0296875 0.0625
2 0.68046875 0.33611111111111114 0.0234375 0.05416666666666667
2 0.65703125 0.3347222222222222 0.0171875 0.03611111111111111
2 0.6109375 0.31666666666666665 0.015625 0.02638888888888889
2 0.63984375 0.3263888888888889 0.01484375 0.034722222222222224
2 0.62890625 0.32083333333333336 0.01328125 0.03333333333333333
0 0.109375 0.46805555555555556 0.10234375 0.1763888888888889
0 0.24453125 0.40694444444444444 0.06015625 0.11666666666666667
0 0.33359375 0.36944444444444446 0.034375 0.08055555555555556
0 0.375 0.3541666666666667 0.02734375 0.06388888888888888
0 0.4 0.34444444444444444 0.021875 0.05138888888888889