0 0.71953125 0.4708333333333333 0.0875 0.1763888888888889
0 0.634375 0.40694444444444444 0.04765625 0.1111111111111111
0 0.95078125 0.7722222222222223 0.0984375 0.3625
0 0.59140625 0.37916666666666665 0.0328125 0.08194444444444444
0 0.55546875 0.3597222222222222 0.015625 0.03611111111111111
0 0.57265625 0.36527777777777776 0.0203125 0.0625
2 0.01484375 0.39444444444444443 0.0296875 0.1111111111111111
2 0.11953125 0.37083333333333335 0.04375 0.08611111111111111
2 0.196875 0.3541666666666667 0.03203125 0.06944444444444445
2 0.24453125 0.34444444444444444 0.025 0.05694444444444444
2 0.2734375 0.3388888888888889 0.02109375 0.05277777777777778
2 0.3171875 0.33055555555555555 0.0171875 0.043055555555555555
2 0.296875 0.3333333333333333 0.01875 0.04583333333333333
2 0.37421875 0.3194444444444444 0.0109375 0.03194444444444444
2 0.33359375 0.3263888888888889 0.01484375 0.03611111111111111
2 0.40703125 0.31805555555555554 0.01171875 0.030555555555555555
2 0.396875 0.31805555555555554 0.01171875 0.029166666666666667
2 0.34375 0.3236111111111111 0.01328125 0.03611111111111111
2 0.35625 0.32222222222222224 0.0109375 0.03194444444444444