2 0.9265625 0.5541666666666667 0.14375 0.2722222222222222
2 0.74140625 0.42916666666666664 0.07109375 0.14027777777777778
2 0.66171875 0.38055555555555554 0.03984375 0.08888888888888889
2 0.63828125 0.3611111111111111 0.02734375 0.06944444444444445
2 0.60390625 0.3416666666666667 0.015625 0.04583333333333333
2 0.61796875 0.35 0.0234375 0.058333333333333334
2 0.59375 0.3388888888888889 0.01484375 0.030555555555555555
0 0.140625 0.3888888888888889 0.053125 0.09027777777777778
0 0.2359375 0.36527777777777776 0.03671875 0.06944444444444445
0 0.29765625 0.35138888888888886 0.028125 0.05555555555555555
0 0.3359375 0.3416666666666667 0.01796875 0.04583333333333333
0 0.3640625 0.33611111111111114 0.015625 0.04027777777777778
0 0.38828125 0.3333333333333333 0.0125 0.03194444444444444
0 0.4015625 0.33055555555555555 0.01171875 0.029166666666666667