2 0.89296875 0.42083333333333334 0.07734375 0.14027777777777778
2 0.765625 0.3819444444444444 0.0484375 0.09444444444444444
2 0.6875 0.3597222222222222 0.0296875 0.06111111111111111
2 0.659375 0.35 0.0234375 0.04861111111111111
2 0.61171875 0.3347222222222222 0.0171875 0.0375
2 0.63125 0.3402777777777778 0.01875 0.04583333333333333
2 0.596875 0.33055555555555555 0.0140625 0.029166666666666667
2 0.58515625 0.325 0.01328125 0.03194444444444444
0 0.109375 0.4361111111111111 0.078125 0.1388888888888889
0 0.221875 0.39444444444444443 0.0484375 0.09444444444444444
0 0.33125 0.3527777777777778 0.02421875 0.05694444444444444
0 0.29140625 0.3680555555555556 0.0328125 0.07222222222222222
0 0.36015625 0.3458333333333333 0.01640625 0.044444444444444446
0 0.378125 0.3375 0.01328125 0.03888888888888889
0 0.39453125 0.3347222222222222 0.01171875 0.034722222222222224
0 0.4046875 0.32916666666666666 0.01015625 0.027777777777777776
0 0.4140625 0.32916666666666666 0.00625 0.027777777777777776
0 0.42265625 0.3263888888888889 0.009375 0.020833333333333332