1 0.18203125 0.2722222222222222 0.06171875 0.18888888888888888
1 0.91953125 0.25972222222222224 0.0734375 0.1736111111111111
1 0.81328125 0.2152777777777778 0.04453125 0.12083333333333333
1 0.284375 0.21666666666666667 0.03984375 0.125
1 0.34140625 0.19027777777777777 0.0265625 0.09583333333333334
1 0.73671875 0.18472222222222223 0.03046875 0.09444444444444444
1 0.38046875 0.16944444444444445 0.01875 0.07361111111111111
1 0.69609375 0.16805555555555557 0.021875 0.07222222222222222
1 0.4015625 0.15694444444444444 0.0140625 0.06111111111111111
1 0.66875 0.15694444444444444 0.015625 0.0625
1 0.53359375 0.13055555555555556 0.01015625 0.041666666666666664
1 0.41640625 0.1486111111111111 0.01171875 0.05138888888888889
1 0.55703125 0.13055555555555556 0.01015625 0.0375
1 0.5109375 0.13333333333333333 0.01015625 0.03611111111111111
1 0.6546875 0.15138888888888888 0.0140625 0.05277777777777778
1 0.46328125 0.12777777777777777 0.00859375 0.0375