0 0.83984375 0.3611111111111111 0.11484375 0.2986111111111111
0 0.50234375 0.24861111111111112 0.07265625 0.19166666666666668
0 0.3921875 0.23194444444444445 0.06953125 0.17916666666666667
0 0.709375 0.3125 0.10078125 0.2513888888888889
0 0.6125 0.275 0.084375 0.21388888888888888
0 0.303125 0.21944444444444444 0.0671875 0.16666666666666666
0 0.9703125 0.4986111111111111 0.059375 0.2111111111111111
0 0.14765625 0.19722222222222222 0.046875 0.12916666666666668
0 0.07890625 0.17916666666666667 0.05859375 0.14027777777777778
0 0.03515625 0.17083333333333334 0.05078125 0.12638888888888888
0 0.21875 0.20277777777777778 0.065625 0.1486111111111111