0 0.09375 0.3638888888888889 0.11953125 0.24583333333333332
0 0.17421875 0.2986111111111111 0.0578125 0.2
0 0.09296875 0.21666666666666667 0.05859375 0.13472222222222222
0 0.02578125 0.20416666666666666 0.0515625 0.13055555555555556
0 0.134375 0.22916666666666666 0.0328125 0.15555555555555556
2 0.8578125 0.225 0.06171875 0.16111111111111112
2 0.921875 0.25555555555555554 0.07734375 0.19027777777777777
2 0.77890625 0.20694444444444443 0.05546875 0.1388888888888889
2 0.66953125 0.18055555555555555 0.0421875 0.10972222222222222
2 0.97578125 0.3416666666666667 0.04765625 0.1486111111111111
2 0.41796875 0.15694444444444444 0.03046875 0.08472222222222223
2 0.47734375 0.1597222222222222 0.034375 0.0875
2 0.7265625 0.19444444444444445 0.04765625 0.125
2 0.51875 0.1625 0.03515625 0.09027777777777778
2 0.5640625 0.16944444444444445 0.03671875 0.09583333333333334
2 0.60859375 0.1736111111111111 0.03515625 0.10416666666666667