0 0.19375 0.23472222222222222 0.05703125 0.15833333333333333
0 0.0375 0.325 0.075 0.25277777777777777
0 0.290625 0.18611111111111112 0.03671875 0.1111111111111111
0 0.3328125 0.16527777777777777 0.028125 0.08888888888888889
0 0.3703125 0.1486111111111111 0.02265625 0.07222222222222222
0 0.38984375 0.13472222222222222 0.0140625 0.05694444444444444
0 0.41796875 0.125 0.0109375 0.041666666666666664
0 0.40546875 0.13055555555555556 0.01171875 0.04861111111111111
0 0.43046875 0.11944444444444445 0.01015625 0.03888888888888889
2 0.840625 0.22361111111111112 0.05859375 0.15416666666666667
2 0.740625 0.18194444444444444 0.0375 0.10694444444444444
2 0.7015625 0.1638888888888889 0.03046875 0.09027777777777778
2 0.671875 0.15 0.02421875 0.0763888888888889
2 0.65 0.14166666666666666 0.01953125 0.06527777777777778
2 0.61953125 0.12777777777777777 0.01484375 0.05
2 0.63359375 0.13472222222222222 0.01640625 0.05694444444444444
2 0.59765625 0.11805555555555555 0.0109375 0.04027777777777778
2 0.60859375 0.12361111111111112 0.0125 0.04722222222222222