1 0.946875 0.31666666666666665 0.09921875 0.24444444444444444
1 0.784375 0.23055555555555557 0.05234375 0.14722222222222223
1 0.16875 0.22083333333333333 0.05 0.14583333333333334
1 0.2203125 0.1986111111111111 0.04375 0.11944444444444445
1 0.72109375 0.1986111111111111 0.03671875 0.1125
1 0.2875 0.17222222222222222 0.02890625 0.09444444444444444
1 0.68125 0.17777777777777778 0.03046875 0.09166666666666666
1 0.64453125 0.15555555555555556 0.01953125 0.075
1 0.62265625 0.14444444444444443 0.01484375 0.058333333333333334
1 0.3359375 0.1527777777777778 0.021875 0.07361111111111111
1 0.37890625 0.13333333333333333 0.0125 0.05138888888888889
1 0.3609375 0.14305555555555555 0.015625 0.06388888888888888
1 0.390625 0.12916666666666668 0.0109375 0.04861111111111111
1 0.60625 0.13333333333333333 0.0125 0.05416666666666667