2 0.0390625 0.4652777777777778 0.07734375 0.18472222222222223
2 0.2609375 0.37222222222222223 0.046875 0.09166666666666666
2 0.315625 0.3680555555555556 0.03984375 0.08333333333333333
2 0.42578125 0.3597222222222222 0.03828125 0.075
2 0.20859375 0.3875 0.04453125 0.10694444444444444
2 0.58984375 0.3486111111111111 0.03125 0.059722222222222225
2 0.17109375 0.4 0.0578125 0.11944444444444445
2 0.12578125 0.4263888888888889 0.06640625 0.14166666666666666
0 0.83828125 0.44583333333333336 0.06953125 0.15833333333333333
0 0.95859375 0.5152777777777777 0.0828125 0.22361111111111112
0 0.875 0.40694444444444444 0.03984375 0.10972222222222222
0 0.91640625 0.3958333333333333 0.04921875 0.10694444444444444