0 0.06171875 0.29583333333333334 0.09453125 0.22083333333333333
0 0.23046875 0.2111111111111111 0.04921875 0.1361111111111111
0 0.28828125 0.18055555555555555 0.034375 0.10694444444444444
0 0.33125 0.16111111111111112 0.02578125 0.0875
0 0.3828125 0.1375 0.0140625 0.059722222222222225
0 0.39921875 0.13055555555555556 0.0125 0.05138888888888889
0 0.365625 0.14722222222222223 0.01796875 0.06666666666666667
0 0.41171875 0.125 0.01171875 0.04861111111111111
0 0.42109375 0.12361111111111112 0.009375 0.0375
2 0.83828125 0.22083333333333333 0.05703125 0.15555555555555556
2 0.69296875 0.16111111111111112 0.02734375 0.0875
2 0.65859375 0.14583333333333334 0.01953125 0.07222222222222222
2 0.64453125 0.14027777777777778 0.01640625 0.06666666666666667
2 0.62265625 0.13055555555555556 0.01484375 0.058333333333333334
2 0.609375 0.12638888888888888 0.01328125 0.05138888888888889
2 0.596875 0.12083333333333333 0.0125 0.04583333333333333
2 0.584375 0.11388888888888889 0.01328125 0.04027777777777778
2 0.74140625 0.17777777777777778 0.046875 0.12777777777777777