2 0.55625 0.42916666666666664 0.07578125 0.15
2 0.7328125 0.5166666666666667 0.10546875 0.2388888888888889
2 0.63515625 0.45555555555555555 0.0890625 0.17916666666666667
2 0.9359375 0.6444444444444445 0.12734375 0.37916666666666665
2 0.46640625 0.4111111111111111 0.0546875 0.13194444444444445
2 0.2140625 0.37222222222222223 0.04921875 0.0875
2 0.27421875 0.37777777777777777 0.04921875 0.09722222222222222
2 0.39921875 0.3958333333333333 0.059375 0.11527777777777778
2 0.31640625 0.38472222222222224 0.04921875 0.1
2 0.11328125 0.3638888888888889 0.0421875 0.08055555555555556
2 0.053125 0.3597222222222222 0.04453125 0.0763888888888889
2 0.15859375 0.36527777777777776 0.04453125 0.08333333333333333
2 0.00546875 0.3597222222222222 0.01015625 0.07361111111111111