0 0.8671875 0.24583333333333332 0.0625 0.16666666666666666
0 0.77265625 0.2 0.040625 0.11944444444444445
0 0.71796875 0.1763888888888889 0.02578125 0.08888888888888889
0 0.6890625 0.1597222222222222 0.0203125 0.0763888888888889
0 0.66171875 0.14722222222222223 0.01640625 0.06388888888888888
0 0.64765625 0.1388888888888889 0.0140625 0.05694444444444444
2 0.20703125 0.22916666666666666 0.05859375 0.15555555555555556
2 0.334375 0.17083333333333334 0.03203125 0.09583333333333334
2 0.28671875 0.19166666666666668 0.0375 0.11805555555555555
2 0.3703125 0.15555555555555556 0.02421875 0.07916666666666666
2 0.4140625 0.14027777777777778 0.01640625 0.058333333333333334
2 0.3984375 0.14583333333333334 0.0203125 0.06388888888888888
2 0.42421875 0.13333333333333333 0.015625 0.05277777777777778