0 0.88125 0.2569444444444444 0.07578125 0.1986111111111111
0 0.75234375 0.19583333333333333 0.04453125 0.13472222222222222
0 0.6875 0.16527777777777777 0.02578125 0.10277777777777777
0 0.65 0.1486111111111111 0.02265625 0.08472222222222223
0 0.61796875 0.13333333333333333 0.0171875 0.06666666666666667
0 0.59609375 0.12222222222222222 0.0140625 0.05555555555555555
0 0.58125 0.11527777777777778 0.01171875 0.05
2 0.0609375 0.25833333333333336 0.08046875 0.1986111111111111
2 0.19375 0.19305555555555556 0.04765625 0.1375
2 0.259375 0.1638888888888889 0.03359375 0.10555555555555556
2 0.3296875 0.13055555555555556 0.0203125 0.07361111111111111
2 0.30390625 0.14444444444444443 0.02421875 0.0875
2 0.35390625 0.12083333333333333 0.0171875 0.0625
2 0.37109375 0.11527777777777778 0.01328125 0.05