0 0.29453125 0.4736111111111111 0.13046875 0.24861111111111112
0 0.45 0.4125 0.096875 0.1875
0 0.80546875 0.35555555555555557 0.0765625 0.1388888888888889
0 0.97265625 0.3388888888888889 0.0546875 0.12222222222222222
0 0.034375 0.30277777777777776 0.04296875 0.07361111111111111
0 0.2546875 0.2875 0.03046875 0.05277777777777778
0 0.63125 0.2652777777777778 0.015625 0.034722222222222224
0 0.3046875 0.2833333333333333 0.0265625 0.05
0 0.19296875 0.2916666666666667 0.03125 0.05555555555555555
0 0.1234375 0.29444444444444445 0.03671875 0.06527777777777778
0 0.3453125 0.28194444444444444 0.02109375 0.043055555555555555
0 0.69375 0.2625 0.01484375 0.03611111111111111
0 0.396875 0.2763888888888889 0.025 0.04583333333333333
0 0.4375 0.275 0.01796875 0.043055555555555555
0 0.57890625 0.26666666666666666 0.015625 0.0375
0 0.4875 0.2708333333333333 0.0171875 0.04027777777777778
2 0.06796875 0.2777777777777778 0.025 0.05
2 0.4125 0.2625 0.0140625 0.03611111111111111
2 0.14921875 0.27361111111111114 0.02578125 0.04861111111111111
2 0.21796875 0.2708333333333333 0.02421875 0.04583333333333333
2 0.67109375 0.25416666666666665 0.01171875 0.030555555555555555
2 0.37734375 0.2638888888888889 0.01484375 0.03611111111111111
2 0.5453125 0.2569444444444444 0.0109375 0.03194444444444444
2 0.0078125 0.2833333333333333 0.015625 0.05555555555555555
2 0.45 0.2611111111111111 0.0125 0.034722222222222224
2 0.28515625 0.26666666666666666 0.01796875 0.043055555555555555
2 0.6078125 0.25555555555555554 0.0109375 0.030555555555555555
2 0.49609375 0.25833333333333336 0.0109375 0.03333333333333333
2 0.3359375 0.2652777777777778 0.01171875 0.04027777777777778