2 0.68359375 0.4 0.06015625 0.1125
2 0.509375 0.38333333333333336 0.0484375 0.09166666666666666
2 0.8859375 0.42916666666666664 0.084375 0.1486111111111111
2 0.59140625 0.3888888888888889 0.053125 0.1
2 0.76484375 0.4097222222222222 0.06953125 0.12638888888888888
2 0.42890625 0.37777777777777777 0.04296875 0.08611111111111111
2 0.0546875 0.37222222222222223 0.0421875 0.06666666666666667
2 0.0125 0.36944444444444446 0.02421875 0.07083333333333333
2 0.16015625 0.36944444444444446 0.0421875 0.07361111111111111
2 0.21484375 0.37083333333333335 0.0453125 0.0763888888888889
2 0.09921875 0.37083333333333335 0.04296875 0.07083333333333333
2 0.30546875 0.3736111111111111 0.0421875 0.08055555555555556
2 0.259375 0.37222222222222223 0.03984375 0.07777777777777778
2 0.3609375 0.3763888888888889 0.0421875 0.08333333333333333