1 0.0671875 0.26944444444444443 0.07265625 0.18333333333333332
1 0.8359375 0.27361111111111114 0.071875 0.19027777777777777
1 0.21640625 0.20555555555555555 0.03828125 0.12222222222222222
1 0.72109375 0.2125 0.0421875 0.12916666666666668
1 0.27421875 0.18194444444444444 0.03203125 0.09583333333333334
1 0.6328125 0.16666666666666666 0.02265625 0.07222222222222222
1 0.665625 0.18333333333333332 0.0296875 0.1
1 0.609375 0.15694444444444444 0.0171875 0.05555555555555555
1 0.33984375 0.15416666666666667 0.0203125 0.0625
1 0.31640625 0.1638888888888889 0.0234375 0.07777777777777778
1 0.36484375 0.1486111111111111 0.015625 0.05277777777777778
1 0.59453125 0.15138888888888888 0.01328125 0.04583333333333333
1 0.38125 0.1388888888888889 0.01171875 0.04861111111111111