0 0.21953125 0.4861111111111111 0.115625 0.2222222222222222
0 0.31953125 0.4027777777777778 0.06796875 0.1388888888888889
0 0.37890625 0.3541666666666667 0.0390625 0.09166666666666666
0 0.40703125 0.3388888888888889 0.025 0.06944444444444445
2 0.78984375 0.33055555555555555 0.034375 0.07361111111111111
2 0.73828125 0.32083333333333336 0.02421875 0.058333333333333334
2 0.7 0.3111111111111111 0.02109375 0.05138888888888889
2 0.8734375 0.35 0.0484375 0.09166666666666666
2 0.67421875 0.3 0.0171875 0.05416666666666667
2 0.65390625 0.2986111111111111 0.01484375 0.04722222222222222
2 0.62265625 0.2902777777777778 0.015625 0.03611111111111111
2 0.6375 0.2972222222222222 0.0140625 0.03888888888888889