0 0.10078125 0.3375 0.01484375 0.03194444444444444
0 0.06484375 0.3375 0.0171875 0.03888888888888889
0 0.14921875 0.33611111111111114 0.009375 0.019444444444444445
0 0.16875 0.3333333333333333 0.0109375 0.019444444444444445
0 0.01328125 0.35138888888888886 0.0203125 0.029166666666666667
2 0.61328125 0.3972222222222222 0.053125 0.10555555555555556
2 0.0546875 0.375 0.0484375 0.07361111111111111
2 0.71171875 0.4083333333333333 0.0625 0.11527777777777778
2 0.8578125 0.425 0.07734375 0.1388888888888889
2 0.49140625 0.3875 0.05234375 0.09305555555555556
2 0.2453125 0.3819444444444444 0.04453125 0.08055555555555556
2 0.3609375 0.38472222222222224 0.046875 0.0875
2 0.19453125 0.39305555555555555 0.04453125 0.05416666666666667
2 0.12421875 0.3902777777777778 0.0421875 0.05277777777777778
2 0.165625 0.35694444444444445 0.0234375 0.04583333333333333
2 0.25546875 0.34305555555555556 0.01484375 0.029166666666666667
2 0.21484375 0.3458333333333333 0.01953125 0.044444444444444446
2 0.115625 0.36527777777777776 0.02578125 0.05694444444444444
2 0.13828125 0.3611111111111111 0.02421875 0.05138888888888889
2 0.3 0.3347222222222222 0.01328125 0.02361111111111111
2 0.27734375 0.3375 0.0140625 0.027777777777777776
2 0.19296875 0.35138888888888886 0.0203125 0.043055555555555555