0 0.1625 0.24722222222222223 0.06015625 0.1763888888888889
0 0.26953125 0.19583333333333333 0.034375 0.12222222222222222
0 0.384375 0.13472222222222222 0.0140625 0.059722222222222225
0 0.3265625 0.16666666666666666 0.0234375 0.09166666666666666
0 0.36171875 0.16527777777777777 0.01796875 0.041666666666666664
0 0.3609375 0.15 0.01953125 0.07361111111111111
0 0.40390625 0.12777777777777777 0.0125 0.04861111111111111
0 0.271875 0.22083333333333333 0.0265625 0.06666666666666667
0 0.415625 0.12222222222222222 0.0109375 0.04583333333333333
0 0.15625 0.17222222222222222 0.01640625 0.02638888888888889
2 0.93515625 0.26944444444444443 0.08828125 0.1986111111111111
2 0.7890625 0.2 0.05 0.1361111111111111
2 0.70390625 0.16527777777777777 0.02734375 0.09166666666666666
2 0.6734375 0.15 0.02109375 0.08194444444444444
2 0.64375 0.1375 0.01640625 0.06805555555555555
2 0.621875 0.12638888888888888 0.0125 0.05694444444444444
2 0.609375 0.12222222222222222 0.01171875 0.04861111111111111
2 0.7921875 0.22777777777777777 0.03828125 0.075
2 0.6 0.11805555555555555 0.01171875 0.04861111111111111
2 0.79296875 0.1638888888888889 0.01640625 0.0625