0 0.84921875 0.2388888888888889 0.05859375 0.17916666666666667
0 0.740625 0.18611111111111112 0.03828125 0.12777777777777777
0 0.66484375 0.15138888888888888 0.02109375 0.08194444444444444
0 0.6125 0.12361111111111112 0.0140625 0.05694444444444444
0 0.596875 0.11805555555555555 0.0125 0.04861111111111111
0 0.63046875 0.13333333333333333 0.01640625 0.06805555555555555
0 0.58203125 0.1111111111111111 0.0109375 0.04027777777777778
2 0.19453125 0.1986111111111111 0.053125 0.14444444444444443
2 0.26796875 0.1597222222222222 0.03203125 0.10694444444444444
2 0.3234375 0.13055555555555556 0.0203125 0.08333333333333333
2 0.36875 0.11527777777777778 0.01484375 0.05694444444444444
2 0.38515625 0.10694444444444444 0.015625 0.04861111111111111
2 0.40234375 0.1 0.0125 0.043055555555555555
2 0.3515625 0.12083333333333333 0.0171875 0.06666666666666667