0 0.82578125 0.35694444444444445 0.11484375 0.29583333333333334
0 0.490625 0.24583333333333332 0.071875 0.19166666666666668
0 0.38046875 0.22916666666666666 0.06953125 0.17916666666666667
0 0.6953125 0.30972222222222223 0.1 0.25
0 0.59921875 0.2722222222222222 0.08359375 0.2125
0 0.2921875 0.2152777777777778 0.0671875 0.16527777777777777
0 0.96328125 0.49166666666666664 0.0734375 0.2111111111111111
0 0.1375 0.19305555555555556 0.046875 0.12916666666666668
0 0.06875 0.1763888888888889 0.05859375 0.14027777777777778
0 0.02578125 0.16805555555555557 0.0515625 0.125
0 0.2078125 0.2 0.06484375 0.1486111111111111