0 0.24453125 0.49027777777777776 0.10859375 0.2
0 0.3390625 0.4013888888888889 0.0515625 0.1125
0 0.39765625 0.37222222222222223 0.03984375 0.08472222222222223
0 0.43125 0.3527777777777778 0.02421875 0.05694444444444444
0 0.06875 0.32222222222222224 0.01015625 0.018055555555555554
0 0.01875 0.3263888888888889 0.01171875 0.018055555555555554
0 0.1078125 0.3194444444444444 0.01015625 0.018055555555555554
2 0.95234375 0.3902777777777778 0.06328125 0.1125
2 0.8546875 0.36527777777777776 0.046875 0.0875
2 0.7953125 0.3527777777777778 0.034375 0.07222222222222222
2 0.7484375 0.34305555555555556 0.0296875 0.0625
2 0.68671875 0.3333333333333333 0.01875 0.034722222222222224
2 0.6640625 0.325 0.0171875 0.034722222222222224
2 0.71484375 0.3375 0.0234375 0.05416666666666667
2 0.64765625 0.32222222222222224 0.01484375 0.030555555555555555
2 0.603125 0.3111111111111111 0.01171875 0.02361111111111111
2 0.63359375 0.3194444444444444 0.0140625 0.02361111111111111
2 0.6203125 0.31666666666666665 0.0140625 0.020833333333333332