2 0.74765625 0.5194444444444445 0.125 0.24861111111111112
2 0.95703125 0.7027777777777777 0.0859375 0.275
2 0.52578125 0.4222222222222222 0.0671875 0.14166666666666666
2 0.36875 0.3819444444444444 0.053125 0.10138888888888889
2 0.23125 0.36527777777777776 0.040625 0.08194444444444444
2 0.10625 0.3611111111111111 0.04140625 0.07361111111111111
2 0.44296875 0.3958333333333333 0.059375 0.11527777777777778
2 0.18359375 0.3625 0.0421875 0.0763888888888889
2 0.30078125 0.37222222222222223 0.04453125 0.09166666666666666
2 0.0125 0.35833333333333334 0.025 0.07083333333333333
2 0.6078125 0.45555555555555555 0.08203125 0.17777777777777778