2 0.25859375 0.5097222222222222 0.115625 0.23055555555555557
2 0.48359375 0.42916666666666664 0.065625 0.14166666666666666
2 0.58984375 0.4097222222222222 0.0640625 0.12222222222222222
2 0.41171875 0.45555555555555555 0.07890625 0.17083333333333334
2 0.04921875 0.6875 0.0984375 0.2972222222222222
2 0.6984375 0.3902777777777778 0.04765625 0.10277777777777777
2 0.75 0.38055555555555554 0.05078125 0.09305555555555556
2 0.94453125 0.3638888888888889 0.0453125 0.0763888888888889
2 0.825 0.3736111111111111 0.04921875 0.0875
2 0.8859375 0.3680555555555556 0.04921875 0.08055555555555556
2 0.99296875 0.36527777777777776 0.0140625 0.06527777777777778