2 0.78359375 0.4736111111111111 0.09296875 0.1875
2 0.684375 0.3972222222222222 0.04921875 0.10694444444444444
2 0.63828125 0.37083333333333335 0.034375 0.07916666666666666
2 0.9640625 0.7013888888888888 0.06875 0.1597222222222222
2 0.6109375 0.35555555555555557 0.02578125 0.0625
2 0.59140625 0.34444444444444444 0.021875 0.05416666666666667
2 0.559375 0.3263888888888889 0.015625 0.04027777777777778
2 0.5765625 0.3347222222222222 0.01875 0.05
0 0.11171875 0.4 0.0578125 0.10833333333333334
0 0.21015625 0.36944444444444446 0.040625 0.09305555555555556
0 0.27109375 0.35138888888888886 0.03515625 0.0763888888888889
0 0.34921875 0.3333333333333333 0.01484375 0.043055555555555555
0 0.3046875 0.34444444444444444 0.021875 0.06111111111111111
0 0.3609375 0.33055555555555555 0.01171875 0.041666666666666664
0 0.3765625 0.3263888888888889 0.0109375 0.034722222222222224
0 0.38828125 0.3236111111111111 0.01171875 0.034722222222222224
0 0.3265625 0.3402777777777778 0.01640625 0.04583333333333333
0 0.40234375 0.32083333333333336 0.01328125 0.034722222222222224
0 0.42109375 0.3194444444444444 0.0140625 0.03611111111111111
0 0.446875 0.3236111111111111 0.01875 0.03333333333333333