2 0.84921875 0.44166666666666665 0.078125 0.15555555555555556
2 0.67265625 0.42083333333333334 0.0640625 0.12916666666666668
2 0.4890625 0.4 0.04921875 0.10277777777777777
2 0.55546875 0.40555555555555556 0.0546875 0.10833333333333334
2 0.38046875 0.3888888888888889 0.034375 0.06527777777777778
2 0.42578125 0.39166666666666666 0.04140625 0.08194444444444444
0 0.0703125 0.37222222222222223 0.03359375 0.05694444444444444
0 0.021875 0.38055555555555554 0.03515625 0.0625
0 0.1109375 0.37222222222222223 0.0265625 0.03611111111111111
0 0.13984375 0.36666666666666664 0.02109375 0.0375
0 0.20546875 0.35138888888888886 0.015625 0.03611111111111111
0 0.1828125 0.3597222222222222 0.01953125 0.03194444444444444