2 0.79375 0.43333333333333335 0.0765625 0.15138888888888888
2 0.68125 0.3597222222222222 0.034375 0.07777777777777778
2 0.7171875 0.3875 0.0515625 0.10833333333333334
2 0.971875 0.6361111111111111 0.05546875 0.13333333333333333
0 0.0890625 0.40555555555555556 0.06875 0.11805555555555555
0 0.1984375 0.37777777777777777 0.046875 0.08333333333333333
0 0.33359375 0.34305555555555556 0.034375 0.07777777777777778
0 0.28046875 0.35694444444444445 0.03828125 0.06666666666666667
0 0.2359375 0.36666666666666664 0.0359375 0.06527777777777778
0 0.39453125 0.3402777777777778 0.0265625 0.075
2 0.81640625 0.3527777777777778 0.03671875 0.09027777777777778
2 0.91328125 0.3458333333333333 0.03515625 0.075