0 0.0359375 0.3416666666666667 0.071875 0.2513888888888889
0 0.1640625 0.26805555555555555 0.065625 0.16666666666666666
0 0.2515625 0.2222222222222222 0.0390625 0.12361111111111112
0 0.3046875 0.19444444444444445 0.02265625 0.09583333333333334
0 0.3375 0.17777777777777778 0.01796875 0.0763888888888889
0 0.36015625 0.16527777777777777 0.0140625 0.06111111111111111
0 0.3765625 0.15555555555555556 0.01171875 0.05138888888888889
0 0.38671875 0.14583333333333334 0.0125 0.05
2 0.91953125 0.2833333333333333 0.08203125 0.19583333333333333
2 0.77890625 0.225 0.0453125 0.13333333333333333
2 0.71484375 0.19444444444444445 0.0328125 0.11388888888888889
2 0.66875 0.17777777777777778 0.02578125 0.09166666666666666
2 0.63203125 0.1638888888888889 0.02109375 0.06805555555555555
2 0.61484375 0.15416666666666667 0.01640625 0.06527777777777778
2 0.59765625 0.1486111111111111 0.015625 0.05555555555555555
2 0.5828125 0.14305555555555555 0.01171875 0.04861111111111111