0 0.259375 0.525 0.11640625 0.22361111111111112
0 0.359375 0.44027777777777777 0.0671875 0.1388888888888889
0 0.41953125 0.39166666666666666 0.03828125 0.09166666666666666
0 0.44921875 0.3763888888888889 0.02421875 0.06944444444444445
2 0.9171875 0.3875 0.04921875 0.09166666666666666
2 0.83359375 0.3680555555555556 0.034375 0.07361111111111111
2 0.74453125 0.3486111111111111 0.02109375 0.05138888888888889
2 0.66484375 0.3277777777777778 0.015625 0.03611111111111111
2 0.71640625 0.3375 0.01640625 0.05555555555555555
2 0.6984375 0.33611111111111114 0.01328125 0.044444444444444446
2 0.78203125 0.35694444444444445 0.02421875 0.06111111111111111
2 0.68046875 0.3333333333333333 0.0140625 0.03888888888888889