0 0.234375 0.2152777777777778 0.05234375 0.14444444444444443
0 0.04375 0.31666666666666665 0.0859375 0.24444444444444444
2 0.96796875 0.2833333333333333 0.0609375 0.2152777777777778
2 0.809375 0.20277777777777778 0.0515625 0.14027777777777778
1 0.721875 0.16805555555555557 0.0296875 0.10138888888888889
1 0.31953125 0.17083333333333334 0.02734375 0.09166666666666666
1 0.37578125 0.14166666666666666 0.01796875 0.06388888888888888
1 0.35390625 0.15416666666666667 0.02265625 0.07361111111111111
1 0.6734375 0.14722222222222223 0.01953125 0.07777777777777778
1 0.6578125 0.1388888888888889 0.0171875 0.07083333333333333
1 0.634375 0.13055555555555556 0.01484375 0.06111111111111111
1 0.39296875 0.13194444444444445 0.01484375 0.059722222222222225
1 0.61328125 0.12638888888888888 0.01328125 0.05138888888888889