0 0.86796875 0.29305555555555557 0.0828125 0.2
0 0.6671875 0.18194444444444444 0.0234375 0.0875
0 0.7234375 0.2125 0.0359375 0.12083333333333333
0 0.621875 0.1597222222222222 0.015625 0.059722222222222225
0 0.64140625 0.16944444444444445 0.01796875 0.07361111111111111
0 0.59375 0.14722222222222223 0.01171875 0.044444444444444446
0 0.60390625 0.15 0.01171875 0.05138888888888889
0 0.58359375 0.14166666666666666 0.01015625 0.03888888888888889
2 0.16015625 0.23472222222222222 0.05703125 0.15
2 0.2734375 0.18611111111111112 0.03046875 0.09861111111111111
2 0.32265625 0.16944444444444445 0.02421875 0.07777777777777778
2 0.346875 0.16111111111111112 0.0203125 0.06666666666666667
2 0.37109375 0.15 0.0171875 0.058333333333333334
2 0.396875 0.14444444444444443 0.0140625 0.04027777777777778
2 0.40703125 0.1375 0.01171875 0.041666666666666664
2 0.3828125 0.1486111111111111 0.0140625 0.04861111111111111