0 0.82265625 0.32222222222222224 0.10078125 0.25
2 0.171875 0.2986111111111111 0.0875 0.22916666666666666
2 0.02578125 0.4583333333333333 0.0515625 0.34444444444444444
1 0.7828125 0.2791666666666667 0.06015625 0.2013888888888889
1 0.7140625 0.2263888888888889 0.0515625 0.15
1 0.334375 0.19166666666666668 0.0375 0.11666666666666667
1 0.66171875 0.19305555555555556 0.0375 0.1111111111111111
1 0.27265625 0.2263888888888889 0.05078125 0.1527777777777778
1 0.6265625 0.16944444444444445 0.025 0.09305555555555556
1 0.37109375 0.16944444444444445 0.028125 0.09305555555555556
1 0.39609375 0.15416666666666667 0.01953125 0.075