2 0.04375 0.4583333333333333 0.08671875 0.18472222222222223
2 0.2703125 0.36527777777777776 0.046875 0.09166666666666666
2 0.325 0.3611111111111111 0.03984375 0.08333333333333333
2 0.43515625 0.3527777777777778 0.03828125 0.075
2 0.2171875 0.38055555555555554 0.04453125 0.10694444444444444
2 0.5984375 0.3416666666666667 0.03125 0.059722222222222225
2 0.18046875 0.39444444444444443 0.0578125 0.11944444444444445
2 0.134375 0.41944444444444445 0.06640625 0.14166666666666666
0 0.84765625 0.4388888888888889 0.06953125 0.15833333333333333
0 0.96328125 0.5083333333333333 0.0734375 0.22361111111111112
0 0.884375 0.4 0.03984375 0.10972222222222222
0 0.925 0.3888888888888889 0.04921875 0.10694444444444444