2 0.634375 0.3819444444444444 0.04296875 0.09444444444444444
2 0.7171875 0.44305555555555554 0.0734375 0.15416666666666667
2 0.59140625 0.35694444444444445 0.028125 0.06805555555555555
2 0.56875 0.3458333333333333 0.021875 0.05416666666666667
2 0.55390625 0.3277777777777778 0.01484375 0.04722222222222222
0 0.22265625 0.3638888888888889 0.0375 0.07361111111111111
0 0.16484375 0.3819444444444444 0.04453125 0.08888888888888889
0 0.28125 0.3458333333333333 0.0265625 0.05694444444444444
0 0.37890625 0.32083333333333336 0.01171875 0.03888888888888889
0 0.34375 0.3277777777777778 0.015625 0.04861111111111111
0 0.31484375 0.3347222222222222 0.0171875 0.05416666666666667
0 0.3609375 0.3236111111111111 0.01171875 0.04027777777777778
0 0.3953125 0.31805555555555554 0.01171875 0.03333333333333333
2 0.94453125 0.6513888888888889 0.1109375 0.4027777777777778
0 0.4046875 0.3194444444444444 0.0109375 0.03888888888888889
0 0.4125 0.31805555555555554 0.00625 0.04027777777777778