0 0.175 0.25555555555555554 0.0640625 0.1736111111111111
0 0.26015625 0.20972222222222223 0.040625 0.12361111111111112
0 0.321875 0.17777777777777778 0.0265625 0.09166666666666666
0 0.35703125 0.1625 0.01875 0.07083333333333333
0 0.3796875 0.15 0.015625 0.06111111111111111
0 0.40625 0.1375 0.0125 0.04583333333333333
0 0.39609375 0.14305555555555555 0.0125 0.05138888888888889
0 0.4203125 0.13055555555555556 0.0109375 0.03888888888888889
2 0.890625 0.25 0.06953125 0.17222222222222222
2 0.771875 0.2013888888888889 0.04140625 0.12361111111111112
2 0.7109375 0.175 0.03046875 0.09722222222222222
2 0.6671875 0.1597222222222222 0.02265625 0.075
2 0.621875 0.14027777777777778 0.015625 0.05694444444444444
2 0.63828125 0.15 0.0171875 0.05694444444444444
2 0.60703125 0.1375 0.0140625 0.043055555555555555
2 0.59296875 0.12916666666666668 0.0140625 0.044444444444444446
2 0.5765625 0.12222222222222222 0.0140625 0.04027777777777778