1 0.89921875 0.25555555555555554 0.071875 0.17916666666666667
1 0.1453125 0.2638888888888889 0.07421875 0.18472222222222223
1 0.26640625 0.19722222222222222 0.04140625 0.13055555555555556
1 0.759375 0.19305555555555556 0.03671875 0.11944444444444445
1 0.7046875 0.16944444444444445 0.02734375 0.09583333333333334
1 0.3265625 0.175 0.02578125 0.0875
1 0.36015625 0.15416666666666667 0.01953125 0.07083333333333333
1 0.6453125 0.14166666666666666 0.015625 0.0625
1 0.621875 0.13333333333333333 0.0125 0.05138888888888889
1 0.66796875 0.15138888888888888 0.0203125 0.0763888888888889
1 0.4 0.13333333333333333 0.01328125 0.05277777777777778
1 0.384375 0.14305555555555555 0.01484375 0.059722222222222225
1 0.60703125 0.12777777777777777 0.01171875 0.04722222222222222