1 0.89140625 0.25416666666666665 0.0625 0.1527777777777778
1 0.128125 0.32083333333333336 0.0921875 0.23055555555555557
1 0.24609375 0.24722222222222223 0.0546875 0.15138888888888888
1 0.76875 0.2013888888888889 0.03828125 0.1111111111111111
1 0.72734375 0.18611111111111112 0.03046875 0.09166666666666666
1 0.309375 0.20833333333333334 0.03515625 0.11527777777777778
1 0.334375 0.18888888888888888 0.028125 0.09444444444444444
1 0.3671875 0.1736111111111111 0.01875 0.07083333333333333
1 0.5015625 0.16111111111111112 0.01796875 0.07083333333333333
1 0.69375 0.17222222222222222 0.0234375 0.07916666666666666
1 0.54140625 0.1625 0.01875 0.06805555555555555
1 0.66484375 0.16111111111111112 0.01796875 0.06666666666666667
1 0.384375 0.1638888888888889 0.01640625 0.06111111111111111
1 0.621875 0.16111111111111112 0.0203125 0.06805555555555555
1 0.459375 0.1638888888888889 0.02109375 0.06666666666666667
1 0.4203125 0.16527777777777777 0.01953125 0.06111111111111111
1 0.58046875 0.1625 0.01796875 0.06527777777777778