2 0.7734375 0.3236111111111111 0.02421875 0.04583333333333333
2 0.7265625 0.32083333333333336 0.02265625 0.043055555555555555
2 0.64765625 0.31666666666666665 0.01796875 0.04027777777777778
2 0.68359375 0.3194444444444444 0.021875 0.04027777777777778
2 0.81875 0.3263888888888889 0.02578125 0.05277777777777778
2 0.9828125 0.4527777777777778 0.034375 0.13333333333333333
2 0.84765625 0.32916666666666666 0.01953125 0.05416666666666667
2 0.91328125 0.3486111111111111 0.03359375 0.075
2 0.884375 0.3416666666666667 0.02734375 0.06666666666666667
2 0.86171875 0.3347222222222222 0.02578125 0.059722222222222225
2 0.9390625 0.3611111111111111 0.03125 0.08472222222222223
2 0.965625 0.4125 0.06796875 0.14166666666666666
0 0.278125 0.4013888888888889 0.0625 0.11805555555555555
0 0.403125 0.38333333333333336 0.053125 0.10138888888888889
0 0.1328125 0.4305555555555556 0.0875 0.14722222222222223
0 0.03125 0.4722222222222222 0.0625 0.17777777777777778
0 0.4890625 0.37916666666666665 0.04765625 0.07222222222222222
0 0.5328125 0.37222222222222223 0.03984375 0.05138888888888889
0 0.55078125 0.3472222222222222 0.02265625 0.06805555555555555