0 0.07109375 0.29583333333333334 0.09453125 0.2152777777777778
0 0.21875 0.21805555555555556 0.0515625 0.14305555555555555
0 0.29453125 0.18194444444444444 0.03359375 0.10416666666666667
0 0.3390625 0.1625 0.021875 0.0763888888888889
0 0.36796875 0.14583333333333334 0.01640625 0.06527777777777778
0 0.3875 0.1361111111111111 0.01328125 0.05416666666666667
0 0.4015625 0.12777777777777777 0.01171875 0.04722222222222222
0 0.41484375 0.12361111111111112 0.01015625 0.03888888888888889
0 0.4234375 0.11944444444444445 0.0109375 0.03888888888888889
0 0.4453125 0.10833333333333334 0.01015625 0.03333333333333333
2 0.8328125 0.2263888888888889 0.0578125 0.15555555555555556
2 0.6484375 0.14305555555555555 0.0203125 0.06805555555555555
2 0.74609375 0.1875 0.03984375 0.1125
2 0.63046875 0.13472222222222222 0.01640625 0.059722222222222225
2 0.6125 0.12638888888888888 0.01484375 0.05416666666666667
2 0.690625 0.16111111111111112 0.0296875 0.08888888888888889
2 0.596875 0.12083333333333333 0.01171875 0.044444444444444446
2 0.584375 0.11666666666666667 0.0125 0.04027777777777778
2 0.56640625 0.10833333333333334 0.01171875 0.03194444444444444
2 0.57734375 0.11388888888888889 0.009375 0.03611111111111111