1 0.85390625 0.2375 0.0625 0.15416666666666667
1 0.2046875 0.23055555555555557 0.04609375 0.1527777777777778
1 0.7390625 0.18888888888888888 0.0265625 0.1125
1 0.28671875 0.19166666666666668 0.02890625 0.1125
1 0.33203125 0.17083333333333334 0.02109375 0.08194444444444444
1 0.68671875 0.16805555555555557 0.0203125 0.08194444444444444
1 0.6578125 0.15694444444444444 0.01484375 0.059722222222222225
1 0.3609375 0.1527777777777778 0.0171875 0.06944444444444445
1 0.6328125 0.1527777777777778 0.01328125 0.04027777777777778
1 0.6171875 0.1375 0.01171875 0.043055555555555555
1 0.403125 0.13333333333333333 0.01171875 0.05
1 0.38359375 0.1375 0.01484375 0.07083333333333333