0 0.19453125 0.24305555555555555 0.06484375 0.16944444444444445
0 0.28984375 0.19444444444444445 0.03828125 0.11527777777777778
0 0.3375 0.17222222222222222 0.02734375 0.09166666666666666
0 0.3765625 0.1527777777777778 0.0203125 0.07083333333333333
0 0.39609375 0.14027777777777778 0.015625 0.0625
0 0.4171875 0.13194444444444445 0.01328125 0.05416666666666667
2 0.88046875 0.23194444444444445 0.06328125 0.1625
2 0.78359375 0.19166666666666668 0.04453125 0.12361111111111112
2 0.721875 0.1638888888888889 0.03046875 0.09305555555555556
2 0.6796875 0.14583333333333334 0.02109375 0.07361111111111111
2 0.64296875 0.13194444444444445 0.015625 0.05694444444444444
2 0.659375 0.14027777777777778 0.01953125 0.06527777777777778