0 0.30625 0.33611111111111114 0.028125 0.04722222222222222
0 0.2265625 0.3347222222222222 0.03671875 0.07083333333333333
0 0.375 0.33194444444444443 0.01875 0.034722222222222224
0 0.42734375 0.32222222222222224 0.01640625 0.041666666666666664
0 0.51484375 0.3138888888888889 0.01484375 0.034722222222222224
0 0.55 0.3111111111111111 0.01171875 0.027777777777777776
0 0.13671875 0.3458333333333333 0.02734375 0.07083333333333333
2 0.87109375 0.4083333333333333 0.08359375 0.1527777777777778
2 0.46953125 0.3597222222222222 0.05625 0.08472222222222223
2 0.68359375 0.38333333333333336 0.0640625 0.12083333333333333
2 0.53828125 0.3861111111111111 0.046875 0.06388888888888888
2 0.6203125 0.38055555555555554 0.05703125 0.10138888888888889
2 0.56796875 0.3416666666666667 0.03125 0.06527777777777778
2 0.65546875 0.32083333333333336 0.02109375 0.05
2 0.5984375 0.3347222222222222 0.02578125 0.059722222222222225
2 0.70234375 0.31527777777777777 0.015625 0.03611111111111111
2 0.75 0.30416666666666664 0.01484375 0.030555555555555555
2 0.634375 0.32916666666666666 0.021875 0.05
2 0.540625 0.3458333333333333 0.028125 0.06111111111111111
2 0.7265625 0.3111111111111111 0.015625 0.030555555555555555