0 0.1609375 0.24861111111111112 0.06171875 0.1597222222222222
0 0.25546875 0.20694444444444443 0.02734375 0.11805555555555555
0 0.309375 0.18611111111111112 0.02109375 0.08611111111111111
0 0.34375 0.16944444444444445 0.01640625 0.06944444444444445
0 0.36484375 0.1597222222222222 0.0140625 0.059722222222222225
0 0.38359375 0.15 0.0109375 0.04861111111111111
0 0.39453125 0.14583333333333334 0.01171875 0.043055555555555555
0 0.40859375 0.1388888888888889 0.00859375 0.03611111111111111
2 0.8484375 0.2638888888888889 0.065625 0.175
2 0.721875 0.20277777777777778 0.03828125 0.11527777777777778
2 0.646875 0.16805555555555557 0.02265625 0.07777777777777778
2 0.62265625 0.15833333333333333 0.01953125 0.06527777777777778
2 0.6765625 0.18055555555555555 0.02734375 0.09166666666666666
2 0.590625 0.14444444444444443 0.01171875 0.04861111111111111
2 0.60234375 0.1486111111111111 0.0140625 0.05555555555555555