0 0.78359375 0.5638888888888889 0.13125 0.25555555555555554
0 0.30546875 0.37222222222222223 0.02109375 0.0375
0 0.64609375 0.44305555555555554 0.06328125 0.1361111111111111
0 0.24296875 0.3680555555555556 0.0203125 0.03194444444444444
0 0.3671875 0.37083333333333335 0.0203125 0.05277777777777778
0 0.44765625 0.3527777777777778 0.0265625 0.10277777777777777
0 0.51015625 0.38333333333333336 0.02578125 0.05416666666666667
0 0.55390625 0.3861111111111111 0.02734375 0.06666666666666667
0 0.1859375 0.3625 0.01796875 0.029166666666666667
0 0.58515625 0.39305555555555555 0.0234375 0.07777777777777778
0 0.59765625 0.4083333333333333 0.0390625 0.09722222222222222
2 0.08515625 0.3875 0.04765625 0.08055555555555556