2 0.86640625 0.4222222222222222 0.1109375 0.19583333333333333
2 0.74296875 0.3861111111111111 0.08125 0.15694444444444444
2 0.64140625 0.35833333333333334 0.06015625 0.125
2 0.55859375 0.3375 0.053125 0.1
2 0.5109375 0.325 0.0390625 0.0875
2 0.45859375 0.31666666666666665 0.03828125 0.0763888888888889
2 0.41171875 0.3111111111111111 0.03359375 0.06944444444444445
2 0.303125 0.3 0.0265625 0.058333333333333334
2 0.3671875 0.30416666666666664 0.03046875 0.06388888888888888
2 0.26640625 0.2972222222222222 0.02109375 0.05277777777777778
0 0.02890625 0.34305555555555556 0.0421875 0.1375