0 0.24609375 0.5111111111111111 0.115625 0.22361111111111112
0 0.346875 0.4222222222222222 0.0640625 0.1375
0 0.4078125 0.3736111111111111 0.034375 0.08888888888888889
0 0.43515625 0.35833333333333334 0.02421875 0.06527777777777778
2 0.8859375 0.36944444444444446 0.0484375 0.09166666666666666
2 0.803125 0.35138888888888886 0.03515625 0.06666666666666667
2 0.7515625 0.34444444444444444 0.02734375 0.04861111111111111
2 0.71484375 0.3333333333333333 0.021875 0.044444444444444446
2 0.66875 0.325 0.015625 0.029166666666666667
2 0.68828125 0.3263888888888889 0.01953125 0.043055555555555555
2 0.6390625 0.3138888888888889 0.01484375 0.03333333333333333
2 0.65234375 0.3236111111111111 0.01328125 0.020833333333333332