2 0.2828125 0.3458333333333333 0.02890625 0.05555555555555555
2 0.0296875 0.37222222222222223 0.04609375 0.08611111111111111
2 0.20859375 0.35 0.0328125 0.0625
2 0.08984375 0.3625 0.04140625 0.07361111111111111
2 0.4015625 0.3388888888888889 0.021875 0.05
2 0.15 0.3541666666666667 0.03515625 0.06666666666666667
2 0.35 0.3416666666666667 0.0234375 0.05
2 0.4515625 0.3375 0.02109375 0.04722222222222222
0 0.85625 0.5208333333333334 0.13046875 0.23055555555555557
0 0.659375 0.45 0.07890625 0.15416666666666667
0 0.5515625 0.39861111111111114 0.059375 0.1388888888888889
0 0.53203125 0.36527777777777776 0.02109375 0.07083333333333333
0 0.50390625 0.3902777777777778 0.03125 0.10138888888888889