0 0.96875 0.30833333333333335 0.028125 0.06388888888888888
0 0.93203125 0.30277777777777776 0.0265625 0.05555555555555555
0 0.90859375 0.2972222222222222 0.02109375 0.05277777777777778
0 0.8703125 0.29305555555555557 0.02109375 0.04861111111111111
0 0.84765625 0.29444444444444445 0.0171875 0.03194444444444444
0 0.99453125 0.2777777777777778 0.0109375 0.041666666666666664
0 0.896875 0.2875 0.01484375 0.034722222222222224
0 0.95078125 0.2833333333333333 0.01484375 0.034722222222222224
2 0.2859375 0.3541666666666667 0.059375 0.12222222222222222
2 0.09921875 0.37222222222222223 0.071875 0.14444444444444443
2 0.48984375 0.33611111111111114 0.0515625 0.10138888888888889
2 0.61875 0.32916666666666666 0.03359375 0.06388888888888888
2 0.81328125 0.2722222222222222 0.01484375 0.03194444444444444
2 0.759375 0.275 0.015625 0.03194444444444444
2 0.415625 0.3416666666666667 0.0546875 0.10833333333333334
2 0.6828125 0.2763888888888889 0.0140625 0.034722222222222224
2 0.56484375 0.3277777777777778 0.04140625 0.08888888888888889
2 0.8890625 0.26944444444444443 0.01328125 0.027777777777777776
2 0.65 0.3125 0.03046875 0.07222222222222222
2 0.85546875 0.2708333333333333 0.01171875 0.027777777777777776
2 0.85 0.2847222222222222 0.021875 0.05416666666666667