2 0.13203125 0.5194444444444445 0.15 0.27361111111111114
2 0.2875 0.43194444444444446 0.09453125 0.18333333333333332
2 0.66171875 0.32916666666666666 0.0453125 0.07361111111111111
2 0.3765625 0.39166666666666666 0.075 0.14027777777777778
2 0.51484375 0.3458333333333333 0.04609375 0.09166666666666666
2 0.58984375 0.33611111111111114 0.04296875 0.08055555555555556
2 0.72890625 0.3263888888888889 0.04140625 0.06666666666666667
2 0.85625 0.32083333333333336 0.0390625 0.0625
2 0.43203125 0.36666666666666664 0.04921875 0.11388888888888889
2 0.78671875 0.3236111111111111 0.04296875 0.06666666666666667
2 0.9203125 0.32083333333333336 0.0375 0.06111111111111111
2 0.46484375 0.3541666666666667 0.03828125 0.10138888888888889
2 0.9890625 0.32083333333333336 0.021875 0.0625