0 0.1609375 0.5680555555555555 0.15859375 0.2986111111111111
0 0.32109375 0.45555555555555555 0.0953125 0.18333333333333332
0 0.01484375 0.7527777777777778 0.0296875 0.30416666666666664
0 0.11953125 0.3541666666666667 0.040625 0.07916666666666666
0 0.2296875 0.36944444444444446 0.05390625 0.09305555555555556
0 0.28203125 0.37777777777777777 0.04375 0.09861111111111111
0 0.3671875 0.4083333333333333 0.06015625 0.13333333333333333
0 0.04453125 0.34444444444444444 0.02890625 0.06111111111111111
0 0.0046875 0.3333333333333333 0.00859375 0.05555555555555555
2 0.97734375 0.39166666666666666 0.0453125 0.125
2 0.64375 0.3388888888888889 0.0359375 0.06944444444444445
2 0.75546875 0.3458333333333333 0.040625 0.07777777777777778
2 0.4703125 0.33055555555555555 0.02734375 0.05694444444444444
2 0.37109375 0.325 0.01875 0.05138888888888889
2 0.8171875 0.35 0.04609375 0.08472222222222223
2 0.8796875 0.3597222222222222 0.05 0.09583333333333334
2 0.24296875 0.31527777777777777 0.01640625 0.043055555555555555
2 0.1875 0.3125 0.01875 0.04027777777777778
2 0.9296875 0.37222222222222223 0.0625 0.10833333333333334
2 0.296875 0.3194444444444444 0.01875 0.044444444444444446
2 0.09453125 0.30833333333333335 0.015625 0.03333333333333333
2 0.140625 0.3111111111111111 0.01484375 0.03611111111111111
2 0.0671875 0.3055555555555556 0.01484375 0.03194444444444444
2 0.01328125 0.30277777777777776 0.0140625 0.027777777777777776
2 0.03828125 0.30277777777777776 0.01171875 0.027777777777777776