2 0.08359375 0.4875 0.09765625 0.17916666666666667
2 0.2046875 0.4652777777777778 0.0828125 0.1527777777777778
2 0.33984375 0.4388888888888889 0.06171875 0.12222222222222222
2 0.27265625 0.4527777777777778 0.0734375 0.1388888888888889
2 0.3875 0.42777777777777776 0.05625 0.1125
2 0.5484375 0.4097222222222222 0.0484375 0.09722222222222222
2 0.6109375 0.4083333333333333 0.04765625 0.08888888888888889
2 0.91484375 0.3972222222222222 0.0421875 0.075
2 0.4671875 0.41805555555555557 0.0546875 0.10555555555555556
2 0.73046875 0.4013888888888889 0.04609375 0.08194444444444444
2 0.7953125 0.4 0.04375 0.08055555555555556
2 0.99375 0.3972222222222222 0.0125 0.07222222222222222
2 0.675 0.40555555555555556 0.04609375 0.08472222222222223
2 0.85234375 0.39861111111111114 0.04453125 0.07777777777777778