2 0.8296875 0.4888888888888889 0.10546875 0.20277777777777778
2 0.728125 0.41805555555555557 0.065625 0.12916666666666668
2 0.6765625 0.3902777777777778 0.0421875 0.1
2 0.64140625 0.37083333333333335 0.034375 0.07916666666666666
2 0.60625 0.3458333333333333 0.01953125 0.06111111111111111
2 0.61875 0.35694444444444445 0.028125 0.07361111111111111
0 0.04453125 0.425 0.078125 0.12916666666666668
0 0.21796875 0.37777777777777777 0.04296875 0.08194444444444444
0 0.27421875 0.3625 0.03203125 0.06666666666666667
0 0.32421875 0.3458333333333333 0.01796875 0.05555555555555555
0 0.35390625 0.3402777777777778 0.01640625 0.04583333333333333
0 0.37421875 0.33055555555555555 0.0140625 0.04722222222222222
0 0.3875 0.33055555555555555 0.01171875 0.04722222222222222
0 0.39609375 0.32916666666666666 0.0125 0.05138888888888889