1 0.12734375 0.2361111111111111 0.059375 0.16666666666666666
1 0.83125 0.24861111111111112 0.06953125 0.17916666666666667
1 0.2265625 0.19166666666666668 0.03984375 0.12083333333333333
1 0.71953125 0.19305555555555556 0.0375 0.125
1 0.28203125 0.16944444444444445 0.02578125 0.09583333333333334
1 0.30859375 0.15833333333333333 0.0203125 0.08472222222222223
1 0.35703125 0.13333333333333333 0.01328125 0.058333333333333334
1 0.66640625 0.1736111111111111 0.02578125 0.09166666666666666
1 0.34140625 0.14027777777777778 0.015625 0.06527777777777778
1 0.63671875 0.15555555555555556 0.02265625 0.09444444444444444
1 0.61640625 0.14305555555555555 0.0125 0.06805555555555555