2 0.94765625 0.41805555555555557 0.078125 0.16805555555555557
2 0.6921875 0.3138888888888889 0.03359375 0.07222222222222222
2 0.553125 0.30277777777777776 0.02265625 0.059722222222222225
2 0.47109375 0.2972222222222222 0.021875 0.05277777777777778
2 0.41484375 0.29305555555555557 0.01953125 0.04861111111111111
2 0.78203125 0.32222222222222224 0.034375 0.08055555555555556
2 0.8296875 0.3263888888888889 0.034375 0.08472222222222223
2 0.37265625 0.28888888888888886 0.0171875 0.044444444444444446
2 0.9125 0.3861111111111111 0.046875 0.1388888888888889
2 0.328125 0.2861111111111111 0.01640625 0.041666666666666664
2 0.25546875 0.28055555555555556 0.0140625 0.03333333333333333
2 0.859375 0.33611111111111114 0.03203125 0.09722222222222222
2 0.29296875 0.28194444444444444 0.015625 0.0375
2 0.234375 0.2777777777777778 0.01328125 0.03333333333333333
2 0.21171875 0.2777777777777778 0.0125 0.034722222222222224
2 0.190625 0.27361111111111114 0.01171875 0.03194444444444444
2 0.33125 0.33194444444444443 0.01875 0.04722222222222222
0 0.046875 0.44305555555555554 0.09375 0.19027777777777777
0 0.24375 0.39166666666666666 0.08125 0.1375
0 0.33359375 0.3638888888888889 0.04765625 0.1111111111111111
0 0.28046875 0.3347222222222222 0.03203125 0.08333333333333333
0 0.309375 0.3416666666666667 0.028125 0.0875
0 0.21484375 0.32083333333333336 0.02421875 0.06805555555555555
0 0.16953125 0.30972222222222223 0.02109375 0.06111111111111111
0 0.1140625 0.3013888888888889 0.01796875 0.044444444444444446
0 0.1390625 0.30694444444444446 0.01953125 0.044444444444444446