0 0.87265625 0.24166666666666667 0.08359375 0.2
0 0.76015625 0.18194444444444444 0.04609375 0.14166666666666666
0 0.68203125 0.14722222222222223 0.03671875 0.10555555555555556
0 0.5828125 0.09444444444444444 0.0125 0.04722222222222222
0 0.6453125 0.11944444444444445 0.02265625 0.08611111111111111
0 0.61953125 0.10972222222222222 0.0171875 0.06805555555555555
0 0.6 0.10277777777777777 0.01484375 0.05416666666666667
2 0.06875 0.2263888888888889 0.07890625 0.19166666666666668
2 0.17734375 0.18055555555555555 0.0546875 0.14583333333333334
2 0.24609375 0.15 0.0375 0.1125
2 0.2875 0.13055555555555556 0.03046875 0.09166666666666666
2 0.31953125 0.11527777777777778 0.02265625 0.0763888888888889
2 0.34296875 0.10555555555555556 0.01953125 0.06805555555555555
2 0.37578125 0.09166666666666666 0.015625 0.05138888888888889
2 0.359375 0.09861111111111111 0.0171875 0.059722222222222225