2 0.88515625 0.3333333333333333 0.10703125 0.26944444444444443
0 0.159375 0.3416666666666667 0.0984375 0.25277777777777777
0 0.271875 0.25 0.0609375 0.16527777777777777
0 0.3203125 0.2125 0.0421875 0.12916666666666668
0 0.34921875 0.18611111111111112 0.0296875 0.10694444444444444
0 0.37890625 0.17083333333333334 0.02265625 0.09305555555555556
0 0.421875 0.15555555555555556 0.02734375 0.07777777777777778
2 0.7484375 0.2263888888888889 0.0640625 0.18611111111111112
2 0.70234375 0.20416666666666666 0.0484375 0.1388888888888889
2 0.653125 0.175 0.03359375 0.1111111111111111
0 0.3890625 0.16527777777777777 0.02421875 0.08888888888888889
0 0.46484375 0.15 0.02265625 0.07777777777777778
0 0.50234375 0.14444444444444443 0.02734375 0.07361111111111111