2 0.9609375 0.42083333333333334 0.075 0.13472222222222222
2 0.6390625 0.35 0.03046875 0.058333333333333334
2 0.87578125 0.39305555555555555 0.059375 0.10972222222222222
2 0.8140625 0.37777777777777777 0.04921875 0.09027777777777778
2 0.69921875 0.35555555555555557 0.03359375 0.06527777777777778
2 0.5796875 0.34444444444444444 0.02890625 0.05416666666666667
2 0.74140625 0.3597222222222222 0.0328125 0.07083333333333333
2 0.5265625 0.34305555555555556 0.02734375 0.05138888888888889
2 0.76875 0.36527777777777776 0.03359375 0.0763888888888889
2 0.43359375 0.3402777777777778 0.02109375 0.043055555555555555
2 0.48359375 0.3402777777777778 0.02265625 0.04861111111111111
0 0.2171875 0.4722222222222222 0.10078125 0.17916666666666667
0 0.31328125 0.4361111111111111 0.07421875 0.14027777777777778
0 0.0203125 0.6361111111111111 0.040625 0.05138888888888889
0 0.35703125 0.4041666666666667 0.03828125 0.11666666666666667