0 0.81796875 0.3111111111111111 0.0984375 0.24305555555555555
0 0.72265625 0.24027777777777778 0.06171875 0.17777777777777778
0 0.67421875 0.1986111111111111 0.03984375 0.1375
0 0.57421875 0.15555555555555556 0.0328125 0.09444444444444444
0 0.6296875 0.1763888888888889 0.02578125 0.11527777777777778
0 0.5234375 0.15138888888888888 0.028125 0.08194444444444444
0 0.615625 0.16527777777777777 0.025 0.10416666666666667
0 0.41640625 0.13194444444444445 0.01640625 0.06388888888888888
0 0.334375 0.12222222222222222 0.015625 0.05138888888888889
2 0.2109375 0.24861111111111112 0.06953125 0.16666666666666666
2 0.12578125 0.3 0.1 0.24861111111111112
2 0.22265625 0.1486111111111111 0.0265625 0.08611111111111111
2 0.18359375 0.14305555555555555 0.0234375 0.075
2 0.11796875 0.2388888888888889 0.0328125 0.125