0 0.04375 0.5402777777777777 0.08671875 0.3611111111111111
0 0.0390625 0.5111111111111111 0.078125 0.18333333333333332
0 0.03359375 0.4444444444444444 0.0671875 0.17222222222222222
2 0.9375 0.39305555555555555 0.08125 0.14166666666666666
2 0.6703125 0.3625 0.053125 0.10138888888888889
2 0.24765625 0.3388888888888889 0.03828125 0.075
2 0.17578125 0.3375 0.0390625 0.07083333333333333
2 0.42109375 0.3472222222222222 0.04453125 0.08333333333333333
2 0.7859375 0.37222222222222223 0.06171875 0.1125
2 0.33046875 0.3416666666666667 0.0375 0.07916666666666666
2 0.03515625 0.3375 0.040625 0.07361111111111111
2 0.1125 0.3375 0.03984375 0.07083333333333333
2 0.5390625 0.3527777777777778 0.04609375 0.09166666666666666