2 0.93125 0.5708333333333333 0.134375 0.2902777777777778
2 0.72890625 0.3347222222222222 0.0265625 0.05
2 0.77265625 0.3388888888888889 0.021875 0.05555555555555555
2 0.828125 0.35555555555555557 0.025 0.07083333333333333
2 0.809375 0.3458333333333333 0.0234375 0.06388888888888888
2 0.8015625 0.3416666666666667 0.01796875 0.05694444444444444
2 0.8640625 0.4444444444444444 0.05078125 0.17916666666666667
2 0.84765625 0.3638888888888889 0.02890625 0.08194444444444444
0 0.25 0.4083333333333333 0.06015625 0.11527777777777778
0 0.36640625 0.3875 0.05859375 0.10416666666666667
0 0.0765625 0.4305555555555556 0.07109375 0.1388888888888889
0 0.43203125 0.3763888888888889 0.03828125 0.09166666666666666
0 0.46640625 0.3611111111111111 0.028125 0.0763888888888889
2 0.890625 0.5 0.06953125 0.2263888888888889
0 0.478125 0.3625 0.0265625 0.07222222222222222