2 0.796875 0.4513888888888889 0.065625 0.175
2 0.60859375 0.3736111111111111 0.0359375 0.09583333333333334
2 0.5125 0.36527777777777776 0.034375 0.08333333333333333
2 0.65703125 0.38055555555555554 0.03984375 0.10416666666666667
2 0.70859375 0.4 0.04296875 0.12361111111111112
2 0.74609375 0.41805555555555557 0.05703125 0.14305555555555555
2 0.2328125 0.3375 0.0203125 0.05416666666666667
2 0.37109375 0.35138888888888886 0.028125 0.06944444444444445
2 0.28984375 0.34305555555555556 0.02421875 0.0625
0 0.121875 0.4875 0.06875 0.22361111111111112
2 0.15 0.32916666666666666 0.0171875 0.04722222222222222
2 0.1921875 0.3333333333333333 0.01875 0.05138888888888889
2 0.115625 0.3263888888888889 0.01640625 0.043055555555555555
2 0.08125 0.3236111111111111 0.0140625 0.041666666666666664