1 0.1671875 0.2875 0.07578125 0.19444444444444445
1 0.9640625 0.2861111111111111 0.06953125 0.19027777777777777
1 0.8265625 0.22777777777777777 0.05234375 0.1361111111111111
1 0.27578125 0.23055555555555557 0.05234375 0.1361111111111111
1 0.3296875 0.20416666666666666 0.03359375 0.1
1 0.76796875 0.20555555555555555 0.03828125 0.10416666666666667
1 0.59921875 0.1527777777777778 0.0125 0.04722222222222222
1 0.7015625 0.17916666666666667 0.02109375 0.07916666666666666
1 0.37421875 0.17083333333333334 0.01796875 0.07083333333333333
1 0.50078125 0.1527777777777778 0.01328125 0.04722222222222222
1 0.565625 0.1527777777777778 0.01328125 0.04861111111111111
1 0.43359375 0.1527777777777778 0.0125 0.05
1 0.67578125 0.16944444444444445 0.01796875 0.06944444444444445
1 0.465625 0.15416666666666667 0.01328125 0.04861111111111111
1 0.3921875 0.15833333333333333 0.01328125 0.05555555555555555
1 0.63359375 0.1527777777777778 0.01328125 0.04861111111111111
1 0.359375 0.18333333333333332 0.01796875 0.07916666666666666
1 0.65546875 0.16111111111111112 0.01484375 0.058333333333333334
1 0.4046875 0.1527777777777778 0.01328125 0.05138888888888889
1 0.5328125 0.15138888888888888 0.0125 0.05138888888888889