1 0.08671875 0.325 0.08984375 0.23194444444444445
1 0.85390625 0.2375 0.05703125 0.14583333333333334
1 0.24375 0.24027777777777778 0.04765625 0.14583333333333334
1 0.31796875 0.20416666666666666 0.03359375 0.1125
1 0.75390625 0.2 0.034375 0.10416666666666667
1 0.70625 0.17916666666666667 0.0234375 0.08055555555555556
1 0.4046875 0.15694444444444444 0.0125 0.05555555555555555
1 0.38984375 0.16805555555555557 0.015625 0.07222222222222222
1 0.4171875 0.14583333333333334 0.01328125 0.05416666666666667
1 0.65703125 0.1597222222222222 0.0125 0.058333333333333334
1 0.67265625 0.16666666666666666 0.01640625 0.06805555555555555
1 0.36328125 0.18194444444444444 0.021875 0.08194444444444444