0 0.1890625 0.18194444444444444 0.05859375 0.15555555555555556
0 0.2765625 0.1375 0.03515625 0.10694444444444444
0 0.3453125 0.10833333333333334 0.0203125 0.07083333333333333
0 0.315625 0.11805555555555555 0.028125 0.09305555555555556
0 0.38515625 0.09027777777777778 0.01484375 0.04583333333333333
0 0.37265625 0.09444444444444444 0.015625 0.059722222222222225
0 0.39921875 0.08055555555555556 0.0109375 0.04861111111111111
0 0.41015625 0.0763888888888889 0.0109375 0.04027777777777778
2 0.9265625 0.21805555555555556 0.0796875 0.2
2 0.69921875 0.11666666666666667 0.028125 0.09305555555555556
2 0.66640625 0.10277777777777777 0.021875 0.07777777777777778
2 0.6109375 0.07916666666666666 0.01484375 0.05416666666666667
2 0.59921875 0.0763888888888889 0.0125 0.04861111111111111
2 0.7609375 0.14166666666666666 0.03984375 0.12083333333333333
2 0.640625 0.09305555555555556 0.01875 0.06527777777777778
2 0.62890625 0.0875 0.01640625 0.06111111111111111
2 0.5890625 0.07222222222222222 0.0109375 0.044444444444444446