0 0.959375 0.34305555555555556 0.08125 0.3416666666666667
0 0.85234375 0.2916666666666667 0.11015625 0.26666666666666666
0 0.66171875 0.2388888888888889 0.07578125 0.20972222222222223
0 0.765625 0.2652777777777778 0.0953125 0.2361111111111111
0 0.41484375 0.1875 0.06015625 0.15833333333333333
0 0.57578125 0.21944444444444444 0.0734375 0.18888888888888888
0 0.31796875 0.18055555555555555 0.06171875 0.15416666666666667
0 0.50390625 0.1986111111111111 0.065625 0.1736111111111111
0 0.234375 0.1736111111111111 0.0578125 0.14583333333333334
0 0.1515625 0.1638888888888889 0.05859375 0.14027777777777778
0 0.08046875 0.15833333333333333 0.04453125 0.13055555555555556
0 0.01796875 0.1527777777777778 0.0359375 0.12777777777777777