2 0.865625 0.41388888888888886 0.0578125 0.12361111111111112
2 0.765625 0.38333333333333336 0.04375 0.09305555555555556
2 0.70546875 0.3638888888888889 0.03125 0.06388888888888888
2 0.64453125 0.3458333333333333 0.01875 0.043055555555555555
2 0.6671875 0.3527777777777778 0.02265625 0.05138888888888889
2 0.6265625 0.3388888888888889 0.015625 0.03888888888888889
2 0.61640625 0.3333333333333333 0.0140625 0.034722222222222224
2 0.6015625 0.32916666666666666 0.01328125 0.03333333333333333
0 0.1484375 0.42916666666666664 0.06875 0.12777777777777777
0 0.2625 0.3902777777777778 0.0453125 0.09027777777777778
0 0.31796875 0.36666666666666664 0.0296875 0.06944444444444445
0 0.3546875 0.35555555555555557 0.021875 0.05694444444444444
0 0.396875 0.34305555555555556 0.0140625 0.03888888888888889
0 0.3828125 0.3486111111111111 0.01640625 0.044444444444444446
0 0.41328125 0.33611111111111114 0.0125 0.04027777777777778
0 0.45078125 0.3263888888888889 0.01484375 0.022222222222222223
0 0.43671875 0.33194444444444443 0.01328125 0.02638888888888889
0 0.42734375 0.33055555555555555 0.0109375 0.03611111111111111