0 0.1546875 0.2638888888888889 0.07109375 0.17777777777777778
0 0.27578125 0.2013888888888889 0.03828125 0.11805555555555555
0 0.31328125 0.1763888888888889 0.02890625 0.09444444444444444
0 0.3453125 0.16111111111111112 0.021875 0.07361111111111111
0 0.37578125 0.14722222222222223 0.015625 0.05555555555555555
0 0.39140625 0.14027777777777778 0.01328125 0.04583333333333333
0 0.4078125 0.12916666666666668 0.0109375 0.03888888888888889
0 0.4 0.13472222222222222 0.0125 0.04583333333333333
2 0.8734375 0.24861111111111112 0.0671875 0.16666666666666666
2 0.66796875 0.1638888888888889 0.02578125 0.08194444444444444
2 0.7484375 0.19722222222222222 0.03984375 0.11388888888888889
2 0.63984375 0.15 0.0203125 0.06805555555555555
2 0.61328125 0.1388888888888889 0.01484375 0.05416666666666667
2 0.59609375 0.1375 0.01484375 0.03888888888888889
2 0.5859375 0.13194444444444445 0.0109375 0.03888888888888889