0 0.06484375 0.6236111111111111 0.12890625 0.3763888888888889
0 0.2640625 0.4222222222222222 0.0875 0.1736111111111111
0 0.35625 0.35555555555555557 0.0484375 0.1111111111111111
0 0.40078125 0.33194444444444443 0.03359375 0.07916666666666666
2 0.8921875 0.3236111111111111 0.04453125 0.0875
2 0.98046875 0.3458333333333333 0.0390625 0.10972222222222222
2 0.81953125 0.30833333333333335 0.03359375 0.07222222222222222
2 0.553125 0.2708333333333333 0.0140625 0.03194444444444444
2 0.76953125 0.3 0.02890625 0.059722222222222225
2 0.684375 0.28055555555555556 0.01875 0.041666666666666664
2 0.57265625 0.27361111111111114 0.01328125 0.03333333333333333
2 0.62421875 0.2763888888888889 0.015625 0.03611111111111111
2 0.65625 0.2791666666666667 0.0203125 0.03888888888888889
2 0.58984375 0.27361111111111114 0.015625 0.034722222222222224
2 0.60859375 0.275 0.015625 0.034722222222222224
2 0.73046875 0.2916666666666667 0.02265625 0.05138888888888889