0 0.08828125 0.32083333333333336 0.09609375 0.23333333333333334
0 0.228125 0.24583333333333332 0.05625 0.15416666666666667
0 0.31484375 0.2013888888888889 0.03046875 0.10416666666666667
0 0.346875 0.18333333333333332 0.02109375 0.08611111111111111
0 0.375 0.16805555555555557 0.015625 0.07083333333333333
0 0.39453125 0.15833333333333333 0.01328125 0.05694444444444444
0 0.409375 0.1527777777777778 0.01171875 0.04583333333333333
2 0.871875 0.2513888888888889 0.06171875 0.15555555555555556
2 0.76328125 0.20416666666666666 0.040625 0.11527777777777778
2 0.72421875 0.18888888888888888 0.03359375 0.09861111111111111
2 0.6796875 0.17222222222222222 0.02265625 0.07777777777777778
2 0.6328125 0.1527777777777778 0.015625 0.05694444444444444
2 0.6546875 0.16111111111111112 0.01953125 0.06527777777777778
2 0.61171875 0.14583333333333334 0.0140625 0.044444444444444446
2 0.60234375 0.14166666666666666 0.01171875 0.043055555555555555
2 0.5921875 0.1375 0.0109375 0.0375
2 0.58359375 0.13472222222222222 0.01015625 0.034722222222222224