0 0.1890625 0.24583333333333332 0.0625 0.16111111111111112
0 0.278125 0.19722222222222222 0.0390625 0.11666666666666667
0 0.32890625 0.17222222222222222 0.0234375 0.08888888888888889
0 0.3609375 0.15694444444444444 0.0171875 0.06944444444444445
0 0.3796875 0.15 0.015625 0.05694444444444444
0 0.41640625 0.12916666666666668 0.0109375 0.04027777777777778
0 0.40625 0.13333333333333333 0.0125 0.044444444444444446
0 0.39921875 0.1388888888888889 0.01171875 0.04861111111111111
2 0.86484375 0.24027777777777778 0.06328125 0.1625
2 0.66171875 0.15416666666666667 0.02265625 0.075
2 0.7515625 0.19305555555555556 0.03828125 0.11527777777777778
2 0.61484375 0.1375 0.0171875 0.05416666666666667
2 0.63515625 0.14583333333333334 0.01875 0.0625
2 0.59375 0.12916666666666668 0.0140625 0.04583333333333333
2 0.69296875 0.16944444444444445 0.02890625 0.09166666666666666
2 0.5859375 0.125 0.0125 0.04027777777777778
2 0.5765625 0.12222222222222222 0.0109375 0.034722222222222224