0 0.88984375 0.8944444444444445 0.2203125 0.20833333333333334
2 0.81015625 0.3888888888888889 0.08125 0.12916666666666668
2 0.67734375 0.3763888888888889 0.065625 0.1111111111111111
2 0.47578125 0.3597222222222222 0.05 0.09305555555555556
2 0.95546875 0.4111111111111111 0.08828125 0.15138888888888888
2 0.57890625 0.3680555555555556 0.0515625 0.10138888888888889
2 0.2171875 0.3472222222222222 0.04375 0.07777777777777778
2 0.1296875 0.3458333333333333 0.03984375 0.07361111111111111
2 0.3078125 0.35 0.04453125 0.08333333333333333
2 0.03671875 0.34444444444444444 0.04140625 0.07222222222222222
2 0.3859375 0.35555555555555557 0.04453125 0.0875