2 0.83671875 0.19027777777777777 0.08046875 0.22361111111111112
2 0.8828125 0.10694444444444444 0.0453125 0.1111111111111111
2 0.84453125 0.11388888888888889 0.03984375 0.14444444444444443
2 0.80703125 0.1361111111111111 0.053125 0.17222222222222222
2 0.921875 0.09027777777777778 0.04140625 0.10416666666666667
0 0.04453125 0.36527777777777776 0.0890625 0.37916666666666665
0 0.184375 0.21666666666666667 0.07890625 0.23333333333333334
0 0.28125 0.1625 0.06328125 0.17777777777777778
0 0.5140625 0.08611111111111111 0.03828125 0.11388888888888889
0 0.45390625 0.10138888888888889 0.04375 0.12083333333333333
0 0.31484375 0.1375 0.04296875 0.1527777777777778
0 0.37890625 0.11666666666666667 0.05234375 0.13194444444444445
0 0.56484375 0.08055555555555556 0.03828125 0.10277777777777777
0 0.63125 0.06944444444444445 0.025 0.08194444444444444
0 0.5984375 0.07361111111111111 0.02734375 0.09027777777777778
0 0.69921875 0.05694444444444444 0.0171875 0.06527777777777778
0 0.67734375 0.06111111111111111 0.02109375 0.075