0 0.1921875 0.6472222222222223 0.18984375 0.36527777777777776
0 0.375 0.4930555555555556 0.09140625 0.2013888888888889
0 0.075 0.3527777777777778 0.02890625 0.06527777777777778
0 0.134375 0.35138888888888886 0.028125 0.06527777777777778
0 0.203125 0.3541666666666667 0.0328125 0.06666666666666667
0 0.2703125 0.3527777777777778 0.03203125 0.07222222222222222
0 0.40390625 0.36944444444444446 0.0296875 0.08055555555555556
0 0.01015625 0.35138888888888886 0.0203125 0.07083333333333333
0 0.3140625 0.35833333333333334 0.034375 0.07083333333333333
0 0.4515625 0.4513888888888889 0.06484375 0.09583333333333334
0 0.47421875 0.4027777777777778 0.034375 0.11388888888888889
0 0.36953125 0.3638888888888889 0.034375 0.075
0 0.42890625 0.3763888888888889 0.02890625 0.08888888888888889
2 0.79453125 0.35138888888888886 0.0359375 0.06944444444444445
2 0.86875 0.35833333333333334 0.0421875 0.08055555555555556
2 0.64609375 0.3416666666666667 0.02734375 0.06111111111111111
2 0.9453125 0.3680555555555556 0.05 0.09027777777777778
2 0.72890625 0.3472222222222222 0.03359375 0.06388888888888888
2 0.56953125 0.3402777777777778 0.0265625 0.05416666666666667
2 0.109375 0.33611111111111114 0.021875 0.044444444444444446
2 0.1671875 0.33611111111111114 0.02265625 0.044444444444444446
2 0.51015625 0.3375 0.02421875 0.05138888888888889
2 0.05546875 0.33611111111111114 0.02109375 0.04583333333333333
2 0.31953125 0.3333333333333333 0.0171875 0.04861111111111111
2 0.409375 0.3333333333333333 0.0171875 0.04861111111111111
2 0.45546875 0.33194444444444443 0.01640625 0.04583333333333333
2 0.365625 0.3333333333333333 0.0171875 0.05