0 0.2390625 0.1875 0.05078125 0.1388888888888889
0 0.1234375 0.24166666666666667 0.07734375 0.19722222222222222
0 0.315625 0.1486111111111111 0.03203125 0.10555555555555556
0 0.384375 0.11805555555555555 0.01796875 0.0625
0 0.3578125 0.13055555555555556 0.0234375 0.07777777777777778
0 0.4171875 0.10277777777777777 0.0125 0.04861111111111111
0 0.40546875 0.10833333333333334 0.01328125 0.05555555555555555
2 0.9359375 0.2375 0.08203125 0.1986111111111111
2 0.734375 0.14722222222222223 0.0328125 0.10277777777777777
2 0.6875 0.12777777777777777 0.0234375 0.08194444444444444
2 0.79921875 0.17916666666666667 0.04609375 0.1361111111111111
2 0.6578125 0.11666666666666667 0.01875 0.06527777777777778
2 0.62734375 0.10138888888888889 0.01484375 0.05277777777777778
2 0.6421875 0.10555555555555556 0.015625 0.0625
2 0.6140625 0.09444444444444444 0.01328125 0.04722222222222222