0 0.821875 0.6652777777777777 0.19296875 0.37222222222222223
0 0.63671875 0.5083333333333333 0.09296875 0.20416666666666666
0 0.94140625 0.36527777777777776 0.0296875 0.06666666666666667
0 0.88125 0.36527777777777776 0.02890625 0.06666666666666667
0 0.8109375 0.36666666666666664 0.0328125 0.06666666666666667
0 0.7421875 0.36527777777777776 0.03203125 0.07361111111111111
0 0.60625 0.3819444444444444 0.03046875 0.08194444444444444
0 0.6984375 0.37222222222222223 0.03515625 0.07222222222222222
0 0.55859375 0.4652777777777778 0.065625 0.09722222222222222
0 0.5359375 0.4152777777777778 0.03515625 0.11666666666666667
0 0.64140625 0.3763888888888889 0.03515625 0.0763888888888889
0 0.58203125 0.3888888888888889 0.0296875 0.09027777777777778
2 0.21015625 0.3638888888888889 0.03671875 0.07083333333333333
2 0.134375 0.37222222222222223 0.04296875 0.08194444444444444
2 0.3609375 0.3541666666666667 0.028125 0.06111111111111111
2 0.05703125 0.38055555555555554 0.05078125 0.09166666666666666
2 0.27734375 0.3597222222222222 0.03359375 0.06527777777777778
2 0.43828125 0.3527777777777778 0.0265625 0.05555555555555555
2 0.90625 0.3486111111111111 0.02265625 0.04583333333333333
2 0.846875 0.3486111111111111 0.0234375 0.04583333333333333
2 0.49921875 0.35 0.02421875 0.05277777777777778
2 0.9609375 0.3486111111111111 0.021875 0.04583333333333333
2 0.6921875 0.3458333333333333 0.0171875 0.05
2 0.6015625 0.3458333333333333 0.0171875 0.05
2 0.5546875 0.34444444444444444 0.01640625 0.04722222222222222
2 0.64609375 0.3458333333333333 0.0171875 0.05138888888888889