0 0.19609375 0.5638888888888889 0.16796875 0.31527777777777777
0 0.3234375 0.49027777777777776 0.1203125 0.2375
0 0.4125 0.43333333333333335 0.084375 0.18055555555555555
0 0.50703125 0.3958333333333333 0.06640625 0.14444444444444443
0 0.5734375 0.36666666666666664 0.0578125 0.11805555555555555
0 0.61015625 0.3527777777777778 0.0421875 0.10416666666666667
0 0.6609375 0.33611111111111114 0.04453125 0.0875
0 0.52421875 0.30277777777777776 0.01640625 0.04722222222222222
0 0.63203125 0.31805555555555554 0.02109375 0.05277777777777778
0 0.68671875 0.325 0.02734375 0.0763888888888889
0 0.59765625 0.30833333333333335 0.01875 0.058333333333333334
2 0.771875 0.2916666666666667 0.01796875 0.04861111111111111
2 0.91796875 0.2986111111111111 0.02421875 0.058333333333333334
2 0.5421875 0.2791666666666667 0.01328125 0.03333333333333333
2 0.58671875 0.28055555555555556 0.01328125 0.03611111111111111
2 0.50703125 0.2777777777777778 0.0125 0.03194444444444444
2 0.68984375 0.2861111111111111 0.01328125 0.043055555555555555
2 0.6296875 0.28194444444444444 0.01328125 0.03611111111111111