2 0.540625 0.24861111111111112 0.065625 0.17083333333333334
2 0.7828125 0.28888888888888886 0.09140625 0.21666666666666667
2 0.64609375 0.2611111111111111 0.06875 0.18611111111111112
2 0.3640625 0.23333333333333334 0.06015625 0.14027777777777778
2 0.44296875 0.24027777777777778 0.06171875 0.1597222222222222
2 0.89921875 0.31666666666666665 0.10625 0.24861111111111112
2 0.14453125 0.20555555555555555 0.04765625 0.12777777777777777
2 0.08984375 0.18472222222222223 0.02890625 0.10972222222222222
2 0.28671875 0.23055555555555557 0.046875 0.12083333333333333
2 0.21171875 0.2125 0.05 0.12916666666666668
2 0.11328125 0.19583333333333333 0.03359375 0.11388888888888889