2 0.36796875 0.3875 0.05 0.09583333333333334
2 0.1625 0.4097222222222222 0.06796875 0.125
2 0.4671875 0.38055555555555554 0.04609375 0.09166666666666666
2 0.796875 0.36527777777777776 0.03828125 0.07083333333333333
2 0.5828125 0.375 0.03984375 0.08194444444444444
2 0.2890625 0.3958333333333333 0.04609375 0.10694444444444444
2 0.64609375 0.37083333333333335 0.04140625 0.075
2 0.86640625 0.3638888888888889 0.03828125 0.06944444444444445
2 0.72734375 0.36666666666666664 0.04140625 0.075
2 0.0171875 0.4708333333333333 0.03359375 0.07777777777777778
2 0.9390625 0.3638888888888889 0.03828125 0.06805555555555555
2 0.98671875 0.3638888888888889 0.02578125 0.06805555555555555