0 0.2125 0.45 0.1171875 0.2263888888888889
0 0.3125 0.3638888888888889 0.0671875 0.14027777777777778
0 0.37421875 0.31527777777777777 0.03828125 0.09305555555555556
0 0.40390625 0.3 0.025 0.06944444444444445
2 0.87734375 0.30972222222222223 0.04921875 0.09305555555555556
2 0.7921875 0.29305555555555557 0.034375 0.07361111111111111
2 0.73984375 0.2861111111111111 0.0265625 0.05138888888888889
2 0.7015625 0.2722222222222222 0.02265625 0.05277777777777778
2 0.621875 0.2513888888888889 0.015625 0.0375
2 0.65546875 0.25972222222222224 0.0140625 0.044444444444444446
2 0.67421875 0.2611111111111111 0.0171875 0.05416666666666667
2 0.6375 0.25833333333333336 0.0140625 0.0375