0 0.821875 0.20694444444444443 0.09296875 0.21666666666666667
0 0.66015625 0.1527777777777778 0.0671875 0.1736111111111111
0 0.7375 0.17222222222222222 0.07578125 0.18611111111111112
0 0.91015625 0.24305555555555555 0.10546875 0.2513888888888889
0 0.559375 0.13055555555555556 0.053125 0.14166666666666666
0 0.2625 0.09583333333333334 0.04296875 0.1111111111111111
0 0.503125 0.12222222222222222 0.04921875 0.13194444444444445
0 0.2 0.09166666666666666 0.04140625 0.10694444444444444
0 0.3328125 0.1 0.040625 0.1125
0 0.396875 0.10555555555555556 0.04375 0.11666666666666667
0 0.13359375 0.08611111111111111 0.04140625 0.10694444444444444
0 0.60390625 0.1388888888888889 0.0578125 0.15
0 0.01875 0.08472222222222223 0.03671875 0.09027777777777778
0 0.4453125 0.11388888888888889 0.046875 0.12361111111111112
0 0.9625 0.30277777777777776 0.07421875 0.28888888888888886
0 0.07578125 0.08611111111111111 0.03671875 0.09583333333333334