0 0.17734375 0.5013888888888889 0.09296875 0.20694444444444443
2 0.59765625 0.3527777777777778 0.02578125 0.0625
2 0.48984375 0.34444444444444444 0.01953125 0.05277777777777778
2 0.42890625 0.3388888888888889 0.01640625 0.04722222222222222
0 0.36640625 0.40555555555555556 0.0515625 0.12916666666666668
2 0.38359375 0.3333333333333333 0.015625 0.043055555555555555
0 0.315625 0.43333333333333335 0.06796875 0.1361111111111111
2 0.3515625 0.33055555555555555 0.0125 0.03888888888888889
2 0.3171875 0.3277777777777778 0.01328125 0.0375
2 0.6703125 0.3597222222222222 0.0359375 0.07916666666666666
2 0.70390625 0.36666666666666664 0.03046875 0.07777777777777778
2 0.8125 0.41944444444444445 0.0515625 0.14444444444444443
2 0.7703125 0.39861111111111114 0.040625 0.11944444444444445