0 0.9359375 0.24444444444444444 0.1 0.23194444444444445
0 0.77734375 0.16527777777777777 0.05703125 0.15833333333333333
0 0.696875 0.12638888888888888 0.03359375 0.11388888888888889
0 0.6484375 0.10555555555555556 0.025 0.08472222222222223
0 0.615625 0.08611111111111111 0.01796875 0.07222222222222222
0 0.59375 0.07777777777777778 0.015625 0.058333333333333334
2 0.11015625 0.175 0.06328125 0.17222222222222222
2 0.2625 0.10416666666666667 0.03203125 0.09861111111111111
2 0.3078125 0.08333333333333333 0.0234375 0.0763888888888889
2 0.203125 0.13333333333333333 0.0453125 0.12638888888888888
2 0.32578125 0.075 0.01953125 0.06666666666666667
2 0.34609375 0.06805555555555555 0.01640625 0.058333333333333334