0 0.28203125 0.45555555555555555 0.075 0.15555555555555556
0 0.075 0.7097222222222223 0.15 0.4
0 0.36796875 0.40555555555555556 0.0453125 0.10555555555555556
0 0.4109375 0.37222222222222223 0.028125 0.07361111111111111
0 0.45546875 0.3388888888888889 0.02421875 0.044444444444444446
2 0.9375 0.39444444444444443 0.0609375 0.10972222222222222
2 0.846875 0.3763888888888889 0.04296875 0.08888888888888889
2 0.7796875 0.3611111111111111 0.0359375 0.07361111111111111
2 0.73359375 0.3541666666666667 0.028125 0.0625
2 0.6953125 0.3458333333333333 0.021875 0.04583333333333333
2 0.64765625 0.3333333333333333 0.0140625 0.0375
2 0.6671875 0.34305555555555556 0.0171875 0.03333333333333333
2 0.6296875 0.33055555555555555 0.0140625 0.03333333333333333
2 0.59140625 0.32222222222222224 0.01328125 0.02638888888888889
2 0.61484375 0.3277777777777778 0.0125 0.030555555555555555
2 0.60703125 0.3277777777777778 0.0109375 0.027777777777777776