0 0.96484375 0.30972222222222223 0.0703125 0.25555555555555554
0 0.80859375 0.2125 0.0453125 0.1625
0 0.72890625 0.17222222222222222 0.02890625 0.11805555555555555
0 0.65234375 0.13194444444444445 0.0171875 0.06944444444444445
0 0.6875 0.15138888888888888 0.021875 0.08888888888888889
0 0.6296875 0.12083333333333333 0.01328125 0.05555555555555555
0 0.61328125 0.11388888888888889 0.0125 0.044444444444444446
2 0.1421875 0.20555555555555555 0.06015625 0.16805555555555557
2 0.23671875 0.17083333333333334 0.040625 0.11944444444444445
2 0.334375 0.12916666666666668 0.0234375 0.07777777777777778
2 0.3640625 0.11805555555555555 0.01953125 0.0625
2 0.29921875 0.14305555555555555 0.02734375 0.09444444444444444
2 0.3859375 0.10972222222222222 0.01640625 0.05694444444444444
2 0.41015625 0.1 0.0140625 0.04722222222222222
2 0.421875 0.09583333333333334 0.01171875 0.043055555555555555
2 0.39765625 0.10416666666666667 0.01328125 0.04861111111111111
2 0.43515625 0.08888888888888889 0.01171875 0.04027777777777778
2 0.446875 0.08611111111111111 0.0125 0.0375