0 0.14296875 0.2875 0.075 0.2
0 0.26328125 0.2222222222222222 0.0484375 0.13333333333333333
0 0.3390625 0.18194444444444444 0.02734375 0.09305555555555556
0 0.37421875 0.1625 0.01640625 0.07083333333333333
0 0.40625 0.1486111111111111 0.0125 0.04583333333333333
0 0.3921875 0.15416666666666667 0.01328125 0.058333333333333334
0 0.4203125 0.1388888888888889 0.009375 0.04027777777777778
0 0.42734375 0.14027777777777778 0.00859375 0.03194444444444444
2 0.85546875 0.2375 0.06171875 0.15416666666666667
2 0.759375 0.19444444444444445 0.0375 0.10972222222222222
2 0.6921875 0.16805555555555557 0.02421875 0.0763888888888889
2 0.640625 0.14583333333333334 0.01640625 0.059722222222222225
2 0.65859375 0.1527777777777778 0.01875 0.06805555555555555
2 0.6234375 0.14027777777777778 0.01328125 0.05555555555555555
2 0.6140625 0.1375 0.01171875 0.04861111111111111
2 0.603125 0.13194444444444445 0.0109375 0.044444444444444446
2 0.59453125 0.13055555555555556 0.01171875 0.041666666666666664