0 0.83515625 0.33055555555555555 0.11640625 0.2875
0 0.7125 0.2388888888888889 0.07265625 0.20277777777777778
0 0.65546875 0.19444444444444445 0.053125 0.15694444444444444
0 0.5984375 0.15833333333333333 0.046875 0.12638888888888888
1 0.5640625 0.13055555555555556 0.02734375 0.09444444444444444
1 0.3359375 0.10138888888888889 0.01796875 0.06805555555555555
1 0.540625 0.11666666666666667 0.0203125 0.07916666666666666
1 0.5234375 0.10555555555555556 0.015625 0.06944444444444445
2 0.0375 0.3277777777777778 0.075 0.29583333333333334
2 0.1453125 0.23194444444444445 0.075 0.20277777777777778
2 0.20859375 0.1875 0.0546875 0.15833333333333333
2 0.2546875 0.15416666666666667 0.04375 0.12638888888888888
1 0.31640625 0.11527777777777778 0.02421875 0.08472222222222223
1 0.28828125 0.13194444444444445 0.02890625 0.09583333333333334
1 0.59296875 0.1486111111111111 0.03359375 0.1125