2 0.715625 0.4166666666666667 0.0734375 0.13055555555555556
2 0.9546875 0.45 0.08671875 0.17222222222222222
2 0.446875 0.38333333333333336 0.046875 0.09027777777777778
2 0.328125 0.3680555555555556 0.0359375 0.07222222222222222
2 0.1578125 0.34305555555555556 0.02421875 0.04861111111111111
2 0.2546875 0.35694444444444445 0.03359375 0.06111111111111111
2 0.20390625 0.3486111111111111 0.02890625 0.05555555555555555
2 0.121875 0.3402777777777778 0.02109375 0.043055555555555555
2 0.0859375 0.3347222222222222 0.0171875 0.03888888888888889
2 0.0484375 0.33055555555555555 0.01640625 0.03194444444444444
2 0.06796875 0.3333333333333333 0.01640625 0.0375
2 0.03203125 0.32916666666666666 0.01328125 0.03194444444444444
2 0.00546875 0.3263888888888889 0.01015625 0.02638888888888889
2 0.0171875 0.3263888888888889 0.01328125 0.027777777777777776