0 0.2203125 0.5402777777777777 0.11640625 0.22361111111111112
0 0.31953125 0.45555555555555555 0.06640625 0.1388888888888889
0 0.38046875 0.40694444444444444 0.03828125 0.09166666666666666
0 0.409375 0.39166666666666666 0.02421875 0.06944444444444445
2 0.87734375 0.4027777777777778 0.05 0.09166666666666666
2 0.7046875 0.3638888888888889 0.02109375 0.05138888888888889
2 0.79296875 0.38472222222222224 0.03515625 0.07222222222222222
2 0.625 0.34305555555555556 0.01640625 0.03611111111111111
2 0.67734375 0.3527777777777778 0.01640625 0.05555555555555555
2 0.6578125 0.35138888888888886 0.0140625 0.044444444444444446
2 0.74140625 0.37222222222222223 0.025 0.06111111111111111
2 0.640625 0.35 0.01484375 0.0375