2 0.56328125 0.4125 0.04140625 0.12361111111111112
2 0.64140625 0.4263888888888889 0.05234375 0.1388888888888889
2 0.8375 0.49444444444444446 0.07421875 0.2125
2 0.38671875 0.38472222222222224 0.03671875 0.09305555555555556
2 0.721875 0.44722222222222224 0.06484375 0.1625
2 0.49765625 0.4 0.03984375 0.1111111111111111
2 0.334375 0.37916666666666665 0.03515625 0.0875
2 0.425 0.3888888888888889 0.03046875 0.09861111111111111
2 0.2484375 0.3736111111111111 0.03203125 0.07916666666666666
2 0.28671875 0.375 0.03359375 0.08194444444444444
2 0.19609375 0.36944444444444446 0.03125 0.0763888888888889
2 0.14453125 0.36944444444444446 0.03359375 0.0763888888888889