0 0.13828125 0.25277777777777777 0.07265625 0.17916666666666667
0 0.2515625 0.19583333333333333 0.03984375 0.12361111111111112
0 0.309375 0.16944444444444445 0.02578125 0.09722222222222222
0 0.37421875 0.1361111111111111 0.01640625 0.06666666666666667
0 0.35234375 0.1486111111111111 0.01875 0.0763888888888889
0 0.41796875 0.11666666666666667 0.0109375 0.041666666666666664
0 0.39765625 0.12916666666666668 0.0140625 0.05694444444444444
2 0.8828125 0.24027777777777778 0.06796875 0.1763888888888889
2 0.77890625 0.19305555555555556 0.046875 0.12916666666666668
2 0.7140625 0.1638888888888889 0.03046875 0.09861111111111111
2 0.61953125 0.125 0.0125 0.0763888888888889
2 0.65078125 0.1361111111111111 0.015625 0.08055555555555556
2 0.66953125 0.14722222222222223 0.02265625 0.07777777777777778
2 0.63125 0.12916666666666668 0.0140625 0.05694444444444444
2 0.5984375 0.11388888888888889 0.01171875 0.044444444444444446
2 0.58203125 0.10694444444444444 0.009375 0.04027777777777778