2 0.875 0.4083333333333333 0.0703125 0.125
2 0.7640625 0.3736111111111111 0.04296875 0.08333333333333333
2 0.70703125 0.35833333333333334 0.03515625 0.059722222222222225
2 0.6609375 0.3472222222222222 0.0234375 0.04722222222222222
2 0.64296875 0.3402777777777778 0.0203125 0.03888888888888889
2 0.625 0.3333333333333333 0.015625 0.03888888888888889
2 0.609375 0.32916666666666666 0.01484375 0.03611111111111111
2 0.59765625 0.325 0.01484375 0.03333333333333333
0 0.15078125 0.425 0.065625 0.12083333333333333
0 0.26328125 0.38055555555555554 0.04453125 0.08472222222222223
0 0.31484375 0.3638888888888889 0.03515625 0.06805555555555555
0 0.01640625 0.5597222222222222 0.03203125 0.05555555555555555
0 0.353125 0.35138888888888886 0.021875 0.05277777777777778
0 0.37734375 0.3402777777777778 0.0171875 0.04861111111111111
0 0.409375 0.3277777777777778 0.01328125 0.0375
0 0.396875 0.33611111111111114 0.0140625 0.03888888888888889
0 0.41953125 0.32916666666666666 0.009375 0.03611111111111111
0 0.43046875 0.3277777777777778 0.00859375 0.022222222222222223
0 0.4359375 0.3263888888888889 0.00625 0.02638888888888889
0 0.44296875 0.3236111111111111 0.00859375 0.02361111111111111
0 0.4578125 0.3194444444444444 0.0171875 0.018055555555555554