0 0.9734375 0.2972222222222222 0.053125 0.24444444444444444
0 0.809375 0.20555555555555555 0.06015625 0.15555555555555556
0 0.73203125 0.15833333333333333 0.03125 0.10416666666666667
0 0.6578125 0.12638888888888888 0.01953125 0.06805555555555555
0 0.63359375 0.11388888888888889 0.0140625 0.05694444444444444
0 0.68984375 0.1388888888888889 0.0234375 0.08472222222222223
2 0.0265625 0.31805555555555554 0.053125 0.19166666666666668
2 0.1671875 0.2125 0.0609375 0.1625
2 0.24921875 0.1763888888888889 0.04375 0.12083333333333333
2 0.30546875 0.1486111111111111 0.03203125 0.09722222222222222
2 0.340625 0.13333333333333333 0.02578125 0.08472222222222223
2 0.36640625 0.12222222222222222 0.02265625 0.07361111111111111
2 0.3890625 0.1125 0.01953125 0.0625