0 0.76484375 0.45694444444444443 0.08203125 0.17222222222222222
0 0.9703125 0.7916666666666666 0.059375 0.2111111111111111
0 0.678125 0.39305555555555555 0.05 0.10972222222222222
0 0.65 0.36944444444444446 0.03125 0.08333333333333333
0 0.628125 0.3486111111111111 0.021875 0.06527777777777778
0 0.61484375 0.3388888888888889 0.0171875 0.05277777777777778
2 0.06796875 0.38055555555555554 0.06015625 0.10694444444444444
2 0.17265625 0.35833333333333334 0.04375 0.08472222222222223
2 0.2546875 0.34305555555555556 0.03046875 0.06666666666666667
2 0.30625 0.33194444444444443 0.0265625 0.05555555555555555
2 0.35 0.325 0.0203125 0.04583333333333333
2 0.40703125 0.3138888888888889 0.01328125 0.030555555555555555
2 0.38984375 0.31805555555555554 0.01640625 0.03611111111111111
2 0.36953125 0.32083333333333336 0.01796875 0.043055555555555555
2 0.43203125 0.30972222222222223 0.0125 0.02638888888888889