2 0.00859375 0.3625 0.0171875 0.07083333333333333
2 0.03359375 0.35138888888888886 0.0265625 0.05138888888888889
2 0.05703125 0.3416666666666667 0.01875 0.044444444444444446
2 0.078125 0.3388888888888889 0.01796875 0.03333333333333333
2 0.1234375 0.31805555555555554 0.01953125 0.029166666666666667
2 0.09609375 0.33055555555555555 0.015625 0.030555555555555555
0 0.77265625 0.5111111111111111 0.115625 0.20694444444444443
0 0.58671875 0.44305555555555554 0.06796875 0.14166666666666666
0 0.49453125 0.4097222222222222 0.04921875 0.10833333333333334
0 0.4390625 0.3902777777777778 0.0390625 0.08888888888888889
0 0.38515625 0.37222222222222223 0.03046875 0.07083333333333333
0 0.3546875 0.35833333333333334 0.0234375 0.059722222222222225
0 0.31484375 0.3486111111111111 0.01875 0.04583333333333333
0 0.30546875 0.34305555555555556 0.015625 0.03888888888888889
0 0.278125 0.33194444444444443 0.01328125 0.03611111111111111