0 0.8171875 0.19166666666666668 0.06015625 0.16944444444444445
0 0.72578125 0.14166666666666666 0.0359375 0.12222222222222222
0 0.98203125 0.30416666666666664 0.0359375 0.28055555555555556
0 0.64453125 0.10277777777777777 0.01953125 0.07222222222222222
0 0.671875 0.1125 0.02421875 0.09583333333333334
0 0.61640625 0.08888888888888889 0.015625 0.05555555555555555
0 0.60546875 0.08194444444444444 0.01328125 0.05416666666666667
0 0.59296875 0.07361111111111111 0.0125 0.04861111111111111
0 0.5796875 0.06666666666666667 0.009375 0.043055555555555555
2 0.11953125 0.18194444444444444 0.0625 0.16944444444444445
2 0.32109375 0.1 0.025 0.08055555555555556
2 0.2296875 0.1388888888888889 0.040625 0.12083333333333333
2 0.28125 0.11388888888888889 0.03046875 0.1
2 0.39140625 0.06944444444444445 0.01328125 0.05
2 0.3515625 0.08888888888888889 0.01953125 0.06527777777777778
2 0.3796875 0.07361111111111111 0.015625 0.058333333333333334
2 0.4046875 0.0625 0.01328125 0.041666666666666664