0 0.30390625 0.5194444444444445 0.11796875 0.225
0 0.44453125 0.4652777777777778 0.0875 0.16944444444444445
0 0.765625 0.41388888888888886 0.06875 0.125
0 0.92578125 0.4 0.065625 0.1111111111111111
0 0.06953125 0.36527777777777776 0.03828125 0.06666666666666667
0 0.26796875 0.35138888888888886 0.02734375 0.04722222222222222
0 0.01875 0.37222222222222223 0.0375 0.07222222222222222
0 0.6078125 0.33194444444444443 0.0140625 0.03194444444444444
0 0.31328125 0.3486111111111111 0.02421875 0.044444444444444446
0 0.21171875 0.35555555555555557 0.028125 0.05
0 0.14921875 0.3597222222222222 0.0328125 0.058333333333333334
0 0.35 0.3472222222222222 0.01875 0.03888888888888889
0 0.66484375 0.32916666666666666 0.01328125 0.03333333333333333
0 0.39609375 0.34305555555555556 0.02265625 0.041666666666666664
0 0.4328125 0.3416666666666667 0.01640625 0.03888888888888889
0 0.56015625 0.3333333333333333 0.0140625 0.03333333333333333
0 0.478125 0.3375 0.015625 0.03611111111111111
2 0.09921875 0.34305555555555556 0.02265625 0.044444444444444446
2 0.41015625 0.33055555555555555 0.0125 0.03333333333333333
2 0.17265625 0.3388888888888889 0.0234375 0.044444444444444446
2 0.23515625 0.3375 0.021875 0.041666666666666664
2 0.64453125 0.32222222222222224 0.01015625 0.027777777777777776
2 0.37890625 0.33055555555555555 0.01328125 0.03333333333333333
2 0.53046875 0.325 0.01015625 0.029166666666666667
2 0.0390625 0.3472222222222222 0.02578125 0.05
2 0.44453125 0.32916666666666666 0.0109375 0.03194444444444444
2 0.2953125 0.3333333333333333 0.01640625 0.03888888888888889
2 0.58671875 0.3236111111111111 0.01015625 0.027777777777777776
2 0.4859375 0.3263888888888889 0.01015625 0.030555555555555555
2 0.34140625 0.33194444444444443 0.01015625 0.03611111111111111