2 0.73984375 0.1986111111111111 0.06640625 0.1763888888888889
2 0.6546875 0.1763888888888889 0.05859375 0.1486111111111111
2 0.953125 0.25277777777777777 0.09375 0.25
2 0.821875 0.2222222222222222 0.08046875 0.1986111111111111
2 0.51015625 0.15694444444444444 0.04921875 0.13055555555555556
2 0.44765625 0.1486111111111111 0.04609375 0.12222222222222222
2 0.09765625 0.14027777777777778 0.04609375 0.1111111111111111
2 0.16875 0.14027777777777778 0.04609375 0.1111111111111111
2 0.575 0.16666666666666666 0.05390625 0.14166666666666666
2 0.39453125 0.14583333333333334 0.0453125 0.11805555555555555
2 0.31484375 0.14027777777777778 0.04140625 0.11527777777777778
2 0.0234375 0.14027777777777778 0.04140625 0.10833333333333334
2 0.24296875 0.14027777777777778 0.0421875 0.1111111111111111