0 0.0515625 0.3125 0.09453125 0.23194444444444445
0 0.22890625 0.2263888888888889 0.05703125 0.1486111111111111
0 0.3015625 0.18055555555555555 0.0296875 0.09861111111111111
0 0.371875 0.15 0.01796875 0.06388888888888888
0 0.3953125 0.1388888888888889 0.01328125 0.05416666666666667
0 0.3421875 0.1625 0.021875 0.08055555555555556
2 0.97265625 0.33194444444444443 0.05234375 0.18194444444444444
2 0.8375 0.23194444444444445 0.0578125 0.15416666666666667
2 0.759375 0.1986111111111111 0.04140625 0.11527777777777778
2 0.70625 0.17083333333333334 0.03046875 0.09305555555555556
2 0.67265625 0.15694444444444444 0.02421875 0.08055555555555556
2 0.6484375 0.14583333333333334 0.02109375 0.06944444444444445
2 0.62734375 0.1375 0.01796875 0.059722222222222225