1 0.76875 0.2847222222222222 0.07734375 0.20555555555555555
1 0.19765625 0.27361111111111114 0.06484375 0.2013888888888889
1 0.29453125 0.20277777777777778 0.04140625 0.12916666666666668
1 0.95390625 0.48194444444444445 0.0921875 0.3416666666666667
1 0.4609375 0.1625 0.02734375 0.09305555555555556
1 0.6640625 0.20555555555555555 0.0421875 0.13055555555555556
1 0.62734375 0.18055555555555555 0.03046875 0.10277777777777777
1 0.55390625 0.1638888888888889 0.02734375 0.0875
1 0.3515625 0.16666666666666666 0.021875 0.08888888888888889
1 0.60390625 0.16527777777777777 0.02421875 0.09166666666666666
1 0.33671875 0.175 0.03046875 0.10694444444444444