2 0.978125 0.32222222222222224 0.03203125 0.06805555555555555
2 0.946875 0.3125 0.02578125 0.05
2 0.92421875 0.30277777777777776 0.01875 0.043055555555555555
2 0.90390625 0.3 0.01796875 0.03194444444444444
2 0.859375 0.28055555555555556 0.01953125 0.027777777777777776
2 0.8859375 0.2916666666666667 0.01484375 0.029166666666666667
0 0.22890625 0.4666666666666667 0.11171875 0.2
0 0.41015625 0.4013888888888889 0.065625 0.1375
0 0.49921875 0.3680555555555556 0.04765625 0.10416666666666667
0 0.553125 0.35 0.0375 0.08611111111111111
0 0.60546875 0.33194444444444443 0.0296875 0.06944444444444445
0 0.63515625 0.3194444444444444 0.02265625 0.058333333333333334
0 0.6734375 0.30972222222222223 0.01875 0.044444444444444446
0 0.6828125 0.30416666666666664 0.01484375 0.0375
0 0.709375 0.29305555555555557 0.0125 0.034722222222222224