2 0.92734375 0.5347222222222222 0.12578125 0.2569444444444444
2 0.70078125 0.35 0.0296875 0.06527777777777778
2 0.81171875 0.38333333333333336 0.04765625 0.10138888888888889
2 0.775 0.37083333333333335 0.04375 0.0875
2 0.84765625 0.4083333333333333 0.04765625 0.12222222222222222
2 0.7328125 0.3541666666666667 0.02578125 0.07083333333333333
2 0.75 0.3597222222222222 0.0296875 0.07916666666666666
2 0.909375 0.4791666666666667 0.08515625 0.18472222222222223
0 0.19375 0.43472222222222223 0.078125 0.1388888888888889
0 0.01796875 0.5194444444444445 0.0359375 0.07222222222222222
0 0.28671875 0.4097222222222222 0.06328125 0.11944444444444445
0 0.33828125 0.3861111111111111 0.046875 0.09166666666666666
0 0.35546875 0.37083333333333335 0.0265625 0.08611111111111111
2 0.896875 0.4222222222222222 0.0484375 0.11805555555555555