0 0.20546875 0.5541666666666667 0.13125 0.25555555555555554
0 0.33125 0.4361111111111111 0.06875 0.14027777777777778
0 0.40703125 0.39305555555555555 0.034375 0.058333333333333334
0 0.06875 0.3277777777777778 0.0109375 0.018055555555555554
0 0.41796875 0.3611111111111111 0.021875 0.06944444444444445
0 0.10625 0.325 0.009375 0.015277777777777777
0 0.021875 0.33194444444444443 0.0125 0.018055555555555554
0 0.1640625 0.32083333333333336 0.009375 0.015277777777777777
0 0.43359375 0.3472222222222222 0.015625 0.05138888888888889
0 0.13984375 0.3236111111111111 0.0109375 0.015277777777777777
2 0.875 0.3763888888888889 0.05078125 0.09305555555555556
2 0.715625 0.34305555555555556 0.0234375 0.05416666666666667
2 0.76796875 0.3541666666666667 0.03046875 0.06805555555555555
2 0.68984375 0.33611111111111114 0.01953125 0.043055555555555555
2 0.6609375 0.3347222222222222 0.0140625 0.03194444444444444
2 0.03828125 0.31805555555555554 0.009375 0.022222222222222223
2 0.09375 0.3125 0.0078125 0.016666666666666666
2 0.12109375 0.3125 0.0078125 0.019444444444444445
2 0.003125 0.32083333333333336 0.00625 0.025
2 0.06875 0.32222222222222224 0.0125 0.03194444444444444
2 0.63984375 0.32222222222222224 0.01484375 0.0375
2 0.61796875 0.31805555555555554 0.0109375 0.034722222222222224