0 0.16328125 0.5958333333333333 0.16171875 0.3013888888888889
0 0.31953125 0.45694444444444443 0.075 0.15416666666666667
0 0.3921875 0.39444444444444443 0.0453125 0.09861111111111111
0 0.42109375 0.37083333333333335 0.03125 0.0763888888888889
0 0.4421875 0.35694444444444445 0.01875 0.05694444444444444
2 0.97578125 0.3875 0.0484375 0.10416666666666667
2 0.86015625 0.3638888888888889 0.0421875 0.0763888888888889
2 0.7765625 0.3472222222222222 0.02890625 0.06111111111111111
2 0.70859375 0.3333333333333333 0.0203125 0.044444444444444446
2 0.73984375 0.3388888888888889 0.021875 0.05277777777777778
2 0.6828125 0.32916666666666666 0.0171875 0.03888888888888889
2 0.6625 0.3263888888888889 0.01328125 0.03333333333333333
2 0.64765625 0.32222222222222224 0.015625 0.030555555555555555
2 0.63671875 0.32083333333333336 0.01171875 0.029166666666666667