0 0.7734375 0.4263888888888889 0.053125 0.12777777777777777
2 0.209375 0.4152777777777778 0.0546875 0.13194444444444445
2 0.29921875 0.37916666666666665 0.03515625 0.09027777777777778
2 0.35625 0.35833333333333334 0.02265625 0.06388888888888888
2 0.37734375 0.3486111111111111 0.01796875 0.05138888888888889
2 0.39765625 0.3416666666666667 0.0171875 0.043055555555555555
2 0.41171875 0.3375 0.0140625 0.03194444444444444
2 0.4234375 0.33194444444444443 0.0109375 0.027777777777777776
2 0.4328125 0.3263888888888889 0.0109375 0.030555555555555555
0 0.69453125 0.3902777777777778 0.04296875 0.12222222222222222
0 0.64296875 0.36527777777777776 0.03671875 0.09027777777777778
0 0.61953125 0.3458333333333333 0.02265625 0.075
0 0.59609375 0.3486111111111111 0.01171875 0.04583333333333333