2 0.871875 0.4583333333333333 0.08046875 0.1597222222222222
2 0.68984375 0.4361111111111111 0.065625 0.13194444444444445
2 0.5015625 0.41388888888888886 0.05078125 0.10555555555555556
2 0.5703125 0.42083333333333334 0.05625 0.1111111111111111
2 0.38984375 0.4041666666666667 0.03515625 0.06805555555555555
2 0.4359375 0.40694444444444444 0.0421875 0.08472222222222223
0 0.07109375 0.3861111111111111 0.034375 0.058333333333333334
0 0.02109375 0.39444444444444443 0.03671875 0.06388888888888888
0 0.11328125 0.3875 0.02734375 0.03611111111111111
0 0.1421875 0.38055555555555554 0.021875 0.03888888888888889
0 0.21015625 0.36527777777777776 0.01640625 0.0375
0 0.18671875 0.3736111111111111 0.0203125 0.03333333333333333