1 0.83671875 0.23055555555555557 0.05859375 0.15138888888888888
1 0.28046875 0.19444444444444445 0.03203125 0.10694444444444444
1 0.75390625 0.19444444444444445 0.040625 0.11527777777777778
1 0.68828125 0.16666666666666666 0.02265625 0.09027777777777778
1 0.328125 0.17083333333333334 0.021875 0.08333333333333333
1 0.18984375 0.2361111111111111 0.05234375 0.15694444444444444
1 0.3578125 0.15416666666666667 0.01796875 0.06666666666666667
1 0.6515625 0.1486111111111111 0.01640625 0.07361111111111111
1 0.378125 0.14305555555555555 0.01484375 0.058333333333333334
1 0.39609375 0.13333333333333333 0.0125 0.05277777777777778
1 0.6328125 0.14027777777777778 0.01484375 0.0625
1 0.6140625 0.13333333333333333 0.0125 0.05138888888888889
1 0.4109375 0.12916666666666668 0.0109375 0.044444444444444446
1 0.6015625 0.13055555555555556 0.0109375 0.04027777777777778