0 0.16875 0.24583333333333332 0.06328125 0.17083333333333334
0 0.27109375 0.19583333333333333 0.0359375 0.12083333333333333
0 0.3265625 0.17222222222222222 0.02734375 0.0875
0 0.3859375 0.14166666666666666 0.0140625 0.059722222222222225
0 0.3625 0.15416666666666667 0.01796875 0.07361111111111111
0 0.403125 0.13194444444444445 0.01328125 0.05
2 0.90703125 0.25972222222222224 0.078125 0.19027777777777777
2 0.71640625 0.17222222222222222 0.0328125 0.09861111111111111
2 0.78671875 0.20416666666666666 0.04921875 0.12916666666666668
2 0.66640625 0.15 0.021875 0.07361111111111111
2 0.625 0.13194444444444445 0.01484375 0.05416666666666667
2 0.64609375 0.14027777777777778 0.01796875 0.06527777777777778