0 0.30859375 0.525 0.12421875 0.25555555555555554
0 0.42421875 0.4236111111111111 0.06640625 0.15416666666666667
0 0.009375 0.7680555555555556 0.01875 0.2833333333333333
0 0.4734375 0.38055555555555554 0.04375 0.1111111111111111
0 0.503125 0.35833333333333334 0.03359375 0.08888888888888889
0 0.14375 0.3 0.0140625 0.027777777777777776
0 0.096875 0.30833333333333335 0.0125 0.019444444444444445
0 0.028125 0.3125 0.01640625 0.025
0 0.18828125 0.3 0.0125 0.018055555555555554
0 0.540625 0.325 0.0171875 0.058333333333333334
0 0.56015625 0.3138888888888889 0.015625 0.041666666666666664
0 0.52890625 0.3388888888888889 0.025 0.07083333333333333
2 0.8765625 0.325 0.03125 0.06388888888888888
2 0.1609375 0.2875 0.0109375 0.020833333333333332
2 0.0390625 0.29444444444444445 0.0125 0.027777777777777776
2 0.1328125 0.2875 0.0109375 0.019444444444444445
2 0.18828125 0.29305555555555557 0.01328125 0.03333333333333333
2 0.08984375 0.28888888888888886 0.01015625 0.019444444444444445
2 0.9546875 0.3347222222222222 0.06796875 0.09166666666666666