0 0.87109375 0.22777777777777777 0.08359375 0.20416666666666666
0 0.7515625 0.16527777777777777 0.04609375 0.14444444444444443
0 0.67265625 0.12916666666666668 0.03203125 0.10277777777777777
0 0.60078125 0.09583333333333334 0.01796875 0.07222222222222222
0 0.6359375 0.1125 0.0234375 0.08194444444444444
0 0.584375 0.08333333333333333 0.01484375 0.058333333333333334
0 0.5578125 0.075 0.01015625 0.041666666666666664
0 0.5703125 0.07916666666666666 0.0125 0.05138888888888889
0 0.54609375 0.06944444444444445 0.009375 0.034722222222222224
2 0.0328125 0.22083333333333333 0.065625 0.20833333333333334
2 0.1671875 0.15694444444444444 0.0515625 0.14027777777777778
2 0.246875 0.125 0.03125 0.1
2 0.30703125 0.09722222222222222 0.02109375 0.0763888888888889
2 0.28046875 0.10972222222222222 0.025 0.08611111111111111
2 0.32578125 0.08888888888888889 0.01796875 0.06527777777777778
2 0.34140625 0.08333333333333333 0.01484375 0.05555555555555555
2 0.3546875 0.07777777777777778 0.01484375 0.05416666666666667
2 0.37578125 0.06527777777777778 0.01171875 0.043055555555555555
2 0.3640625 0.07222222222222222 0.01171875 0.04722222222222222
2 0.0203125 0.2111111111111111 0.040625 0.18333333333333332