2 0.86328125 0.5166666666666667 0.0921875 0.21388888888888888
2 0.73671875 0.475 0.06875 0.16805555555555557
2 0.53125 0.41944444444444445 0.0421875 0.1125
2 0.47109375 0.4111111111111111 0.03984375 0.10416666666666667
2 0.65234375 0.4486111111111111 0.05390625 0.14444444444444443
2 0.4109375 0.4041666666666667 0.0359375 0.09722222222222222
2 0.28359375 0.39444444444444443 0.03203125 0.08472222222222223
2 0.25 0.39305555555555555 0.03359375 0.08194444444444444
2 0.2078125 0.39166666666666666 0.03359375 0.07916666666666666
2 0.31953125 0.3972222222222222 0.034375 0.0875
2 0.59609375 0.43472222222222223 0.04609375 0.12777777777777777
2 0.359375 0.4013888888888889 0.03515625 0.09305555555555556
2 0.12734375 0.3888888888888889 0.03125 0.07777777777777778
2 0.1609375 0.39166666666666666 0.0359375 0.07777777777777778