0 0.965625 0.30694444444444446 0.06796875 0.2375
0 0.83046875 0.23472222222222222 0.06171875 0.16805555555555557
0 0.74375 0.19444444444444445 0.03984375 0.12638888888888888
0 0.678125 0.16805555555555557 0.02421875 0.0875
0 0.6234375 0.14166666666666666 0.015625 0.0625
0 0.64921875 0.1527777777777778 0.0203125 0.07777777777777778
2 0.140625 0.23472222222222222 0.059375 0.16666666666666666
2 0.2265625 0.19583333333333333 0.04140625 0.12777777777777777
2 0.28515625 0.16805555555555557 0.02890625 0.09861111111111111
2 0.3390625 0.14166666666666666 0.01953125 0.07361111111111111
2 0.3734375 0.12777777777777777 0.01484375 0.05416666666666667
2 0.3578125 0.1361111111111111 0.0171875 0.0625