1 0.95078125 0.2875 0.0890625 0.2013888888888889
1 0.78046875 0.20416666666666666 0.046875 0.12638888888888888
1 0.12109375 0.2791666666666667 0.08203125 0.2013888888888889
1 0.2765625 0.18611111111111112 0.0359375 0.1111111111111111
1 0.23125 0.21388888888888888 0.04921875 0.14027777777777778
1 0.728125 0.18055555555555555 0.03671875 0.10694444444444444
1 0.38828125 0.15138888888888888 0.0234375 0.07083333333333333
1 0.32265625 0.16666666666666666 0.02578125 0.07916666666666666
1 0.68984375 0.1638888888888889 0.02890625 0.09027777777777778
1 0.5640625 0.15 0.02265625 0.07083333333333333
1 0.609375 0.1486111111111111 0.02109375 0.075
1 0.65625 0.1486111111111111 0.02265625 0.0763888888888889
1 0.5234375 0.15 0.02265625 0.0763888888888889
1 0.43203125 0.15416666666666667 0.02109375 0.06527777777777778
1 0.478125 0.1486111111111111 0.02109375 0.0763888888888889
1 0.34921875 0.1527777777777778 0.01953125 0.06944444444444445