1 0.92890625 0.2652777777777778 0.071875 0.19583333333333333
1 0.13515625 0.26944444444444443 0.07578125 0.19583333333333333
1 0.775 0.1986111111111111 0.0421875 0.12638888888888888
1 0.3015625 0.17916666666666667 0.03125 0.10416666666666667
1 0.2484375 0.20555555555555555 0.04140625 0.13194444444444445
1 0.7359375 0.18055555555555555 0.03515625 0.10555555555555556
1 0.684375 0.15833333333333333 0.025 0.08472222222222223
1 0.62578125 0.1375 0.01328125 0.06944444444444445
1 0.646875 0.14305555555555555 0.01796875 0.06944444444444445
1 0.3375 0.1638888888888889 0.02421875 0.08194444444444444
1 0.36875 0.14444444444444443 0.01640625 0.06944444444444445
1 0.38984375 0.1375 0.0140625 0.05416666666666667