1 0.9546875 0.23194444444444445 0.090625 0.22777777777777777
1 0.178125 0.15555555555555556 0.05546875 0.15138888888888888
1 0.8203125 0.16111111111111112 0.0578125 0.15833333333333333
1 0.01640625 0.25555555555555554 0.0328125 0.21805555555555556
1 0.2796875 0.1125 0.0328125 0.10833333333333334
1 0.7328125 0.11666666666666667 0.0359375 0.11527777777777778
1 0.6875 0.09305555555555556 0.0234375 0.09027777777777778
1 0.32265625 0.09166666666666666 0.0265625 0.09027777777777778
1 0.65625 0.07916666666666666 0.01796875 0.07083333333333333
1 0.35546875 0.0763888888888889 0.0171875 0.07222222222222222
1 0.37421875 0.06944444444444445 0.01640625 0.0625
1 0.6359375 0.06805555555555555 0.01484375 0.058333333333333334
1 0.39609375 0.0625 0.01328125 0.05277777777777778
1 0.62109375 0.06111111111111111 0.01328125 0.05416666666666667