2 0.63828125 0.33055555555555555 0.03125 0.06388888888888888
2 0.98515625 0.5097222222222222 0.02890625 0.0763888888888889
2 0.73203125 0.33611111111111114 0.03359375 0.07083333333333333
2 0.85 0.37222222222222223 0.04609375 0.11666666666666667
2 0.88515625 0.3888888888888889 0.05 0.12361111111111112
2 0.775 0.3402777777777778 0.03671875 0.075
2 0.4984375 0.32222222222222224 0.025 0.05277777777777778
2 0.80859375 0.35 0.0328125 0.08472222222222223
2 0.89375 0.3486111111111111 0.02109375 0.043055555555555555
2 0.82890625 0.35694444444444445 0.034375 0.09027777777777778
2 0.9265625 0.4152777777777778 0.07734375 0.1486111111111111
0 0.05546875 0.48055555555555557 0.11015625 0.20833333333333334
0 0.1609375 0.44027777777777777 0.09296875 0.16666666666666666
0 0.346875 0.3736111111111111 0.0453125 0.10277777777777777
0 0.2921875 0.4097222222222222 0.0671875 0.10416666666666667