2 0.15625 0.4013888888888889 0.06171875 0.14722222222222223
2 0.3046875 0.3388888888888889 0.028125 0.07777777777777778
2 0.24609375 0.3638888888888889 0.040625 0.10972222222222222
2 0.36640625 0.31666666666666665 0.01640625 0.04722222222222222
2 0.3375 0.3263888888888889 0.02265625 0.0625
2 0.37890625 0.3125 0.01328125 0.0375
2 0.4 0.3013888888888889 0.01171875 0.03333333333333333
2 0.38984375 0.30833333333333335 0.0125 0.03194444444444444
0 0.79375 0.42083333333333334 0.07578125 0.16805555555555557
0 0.7015625 0.3736111111111111 0.04609375 0.14027777777777778
0 0.6390625 0.34305555555555556 0.02890625 0.09861111111111111
0 0.6125 0.32916666666666666 0.0265625 0.09027777777777778