2 0.8515625 0.4708333333333333 0.04765625 0.18472222222222223
2 0.71875 0.4 0.04609375 0.11388888888888889
2 0.65546875 0.375 0.03046875 0.08611111111111111
2 0.6109375 0.35694444444444445 0.02265625 0.06111111111111111
2 0.584375 0.3458333333333333 0.01796875 0.05
2 0.56015625 0.3375 0.01484375 0.03888888888888889
2 0.55 0.3347222222222222 0.01171875 0.03194444444444444
2 0.53984375 0.33055555555555555 0.01171875 0.030555555555555555
2 0.86796875 0.41388888888888886 0.01328125 0.06805555555555555
0 0.2109375 0.4222222222222222 0.05859375 0.13194444444444445
0 0.2765625 0.3861111111111111 0.0359375 0.1125
0 0.3234375 0.3611111111111111 0.02734375 0.09166666666666666
0 0.35078125 0.3541666666666667 0.01953125 0.08611111111111111
0 0.36796875 0.3458333333333333 0.01640625 0.06944444444444445