0 0.1578125 0.24305555555555555 0.06953125 0.1763888888888889
0 0.26328125 0.1875 0.04140625 0.12222222222222222
0 0.31875 0.1625 0.02890625 0.09305555555555556
0 0.35546875 0.14166666666666666 0.01953125 0.06944444444444445
0 0.38125 0.13194444444444445 0.01484375 0.059722222222222225
0 0.39921875 0.12638888888888888 0.0140625 0.05138888888888889
2 0.93125 0.2638888888888889 0.084375 0.2013888888888889
2 0.71171875 0.1625 0.03203125 0.09583333333333334
2 0.7625 0.18611111111111112 0.04296875 0.12083333333333333
2 0.6375 0.13055555555555556 0.01796875 0.0625
2 0.66796875 0.14305555555555555 0.02421875 0.08194444444444444
2 0.62109375 0.12222222222222222 0.01484375 0.05416666666666667