0 0.15859375 0.5763888888888888 0.15390625 0.28055555555555556
0 0.31015625 0.48333333333333334 0.09453125 0.18472222222222223
0 0.39375 0.4388888888888889 0.07421875 0.14166666666666666
0 0.51875 0.4 0.04921875 0.10416666666666667
0 0.55859375 0.3861111111111111 0.040625 0.09027777777777778
0 0.47109375 0.41388888888888886 0.06015625 0.11527777777777778
0 0.02421875 0.34305555555555556 0.0171875 0.043055555555555555
0 0.6890625 0.35833333333333334 0.0265625 0.06666666666666667
0 0.659375 0.36666666666666664 0.03515625 0.06805555555555555
0 0.75625 0.3458333333333333 0.02265625 0.05277777777777778
0 0.00546875 0.3541666666666667 0.0109375 0.034722222222222224
0 0.6125 0.38055555555555554 0.03984375 0.07083333333333333
0 0.078125 0.3402777777777778 0.01328125 0.02638888888888889
0 0.7328125 0.3597222222222222 0.02890625 0.041666666666666664
0 0.059375 0.3388888888888889 0.015625 0.034722222222222224
0 0.11328125 0.33055555555555555 0.01171875 0.025
0 0.13125 0.32916666666666666 0.01015625 0.020833333333333332
0 0.58125 0.3277777777777778 0.01171875 0.02361111111111111
0 0.72734375 0.3402777777777778 0.0203125 0.043055555555555555
0 0.6125 0.33194444444444443 0.01484375 0.03194444444444444
0 0.09453125 0.33194444444444443 0.01328125 0.030555555555555555
0 0.70234375 0.3402777777777778 0.015625 0.034722222222222224
2 0.9625 0.32916666666666666 0.02109375 0.044444444444444446
2 0.853125 0.325 0.015625 0.0375
2 0.78984375 0.32083333333333336 0.0140625 0.03333333333333333
2 0.71015625 0.31805555555555554 0.01171875 0.027777777777777776
2 0.74375 0.31805555555555554 0.0140625 0.029166666666666667
2 0.67421875 0.31527777777777777 0.0109375 0.02638888888888889
2 0.615625 0.3138888888888889 0.009375 0.02361111111111111
2 0.6453125 0.31527777777777777 0.0109375 0.02361111111111111