2 0.9296875 0.5944444444444444 0.140625 0.3111111111111111
2 0.70078125 0.4305555555555556 0.059375 0.1375
2 0.6359375 0.3902777777777778 0.040625 0.09722222222222222
2 0.621875 0.3625 0.03125 0.08333333333333333
2 0.58046875 0.34444444444444444 0.01875 0.04583333333333333
2 0.54765625 0.3236111111111111 0.0171875 0.03194444444444444
2 0.59453125 0.35555555555555557 0.0234375 0.05555555555555555
2 0.55859375 0.33055555555555555 0.0140625 0.03611111111111111
0 0.12265625 0.39444444444444443 0.05625 0.1
0 0.2140625 0.37222222222222223 0.0375 0.075
0 0.2796875 0.35694444444444445 0.02578125 0.059722222222222225
0 0.346875 0.3375 0.01640625 0.04861111111111111
0 0.3140625 0.34444444444444444 0.0203125 0.05277777777777778
0 0.37265625 0.3347222222222222 0.0125 0.03611111111111111
0 0.3859375 0.3277777777777778 0.01171875 0.041666666666666664
0 0.4109375 0.32222222222222224 0.01015625 0.034722222222222224
0 0.42109375 0.32222222222222224 0.0109375 0.029166666666666667
0 0.40078125 0.3277777777777778 0.0109375 0.03194444444444444