2 0.86640625 0.03888888888888889 0.021875 0.0625
2 0.9921875 0.04583333333333333 0.015625 0.07083333333333333
2 0.9078125 0.04027777777777778 0.02421875 0.06527777777777778
2 0.82890625 0.0375 0.02109375 0.06388888888888888
2 0.95 0.041666666666666664 0.02421875 0.06805555555555555
0 0.321875 0.20833333333333334 0.09140625 0.22361111111111112
0 0.0671875 0.36666666666666664 0.134375 0.3875
0 0.453125 0.16666666666666666 0.07109375 0.18472222222222223
0 0.171875 0.26805555555555555 0.109375 0.2833333333333333
0 0.546875 0.1375 0.05 0.16527777777777777
0 0.61875 0.125 0.05390625 0.1388888888888889
0 0.66328125 0.10833333333333334 0.046875 0.12361111111111112
0 0.70390625 0.09722222222222222 0.0421875 0.1125
0 0.7609375 0.08472222222222223 0.0359375 0.10694444444444444
0 0.78515625 0.08055555555555556 0.0265625 0.09166666666666666