2 0.2359375 0.4527777777777778 0.084375 0.1736111111111111
2 0.3453125 0.3861111111111111 0.0453125 0.10555555555555556
2 0.38984375 0.35694444444444445 0.0328125 0.07777777777777778
2 0.40625 0.3472222222222222 0.01875 0.058333333333333334
2 0.44140625 0.32916666666666666 0.01953125 0.041666666666666664
2 0.4203125 0.3402777777777778 0.01953125 0.05138888888888889
2 0.428125 0.3333333333333333 0.02109375 0.04583333333333333
0 0.921875 0.39305555555555555 0.06171875 0.10833333333333334
0 0.8125 0.3597222222222222 0.03984375 0.0763888888888889
0 0.74453125 0.3472222222222222 0.0296875 0.06111111111111111
0 0.68984375 0.3347222222222222 0.02265625 0.04722222222222222
0 0.665625 0.33055555555555555 0.0171875 0.03888888888888889
0 0.64296875 0.3263888888888889 0.0140625 0.030555555555555555
0 0.6265625 0.31805555555555554 0.0109375 0.03333333333333333
0 0.61640625 0.3138888888888889 0.0140625 0.03888888888888889