1 0.1296875 0.2361111111111111 0.059375 0.16666666666666666
1 0.8328125 0.24722222222222223 0.06953125 0.17916666666666667
1 0.228125 0.19027777777777777 0.03984375 0.12083333333333333
1 0.721875 0.19305555555555556 0.0375 0.125
1 0.28359375 0.16805555555555557 0.02578125 0.09583333333333334
1 0.31015625 0.15694444444444444 0.0203125 0.08472222222222223
1 0.35859375 0.13194444444444445 0.01328125 0.058333333333333334
1 0.66796875 0.17222222222222222 0.02578125 0.09166666666666666
1 0.34296875 0.1388888888888889 0.015625 0.06527777777777778
1 0.63828125 0.15416666666666667 0.02265625 0.09444444444444444
1 0.61796875 0.14166666666666666 0.0125 0.06805555555555555