0 0.26328125 0.4888888888888889 0.08203125 0.19166666666666668
0 0.34375 0.4444444444444444 0.0609375 0.1527777777777778
0 0.2578125 0.3625 0.0296875 0.06388888888888888
0 0.19296875 0.3597222222222222 0.02578125 0.059722222222222225
0 0.3 0.36527777777777776 0.02578125 0.06527777777777778
0 0.32421875 0.37083333333333335 0.021875 0.06805555555555555
0 0.36171875 0.3763888888888889 0.0234375 0.08194444444444444
2 0.85078125 0.4263888888888889 0.04765625 0.14305555555555555
2 0.73828125 0.37916666666666665 0.03984375 0.09583333333333334
2 0.60234375 0.3486111111111111 0.02421875 0.0625
2 0.703125 0.36527777777777776 0.0265625 0.08194444444444444
2 0.7875 0.3958333333333333 0.0484375 0.11527777777777778
2 0.64921875 0.3541666666666667 0.0265625 0.06944444444444445
2 0.6828125 0.3597222222222222 0.0234375 0.07361111111111111
2 0.51640625 0.3416666666666667 0.0203125 0.05277777777777778
2 0.48203125 0.3388888888888889 0.0203125 0.05138888888888889
2 0.44296875 0.3388888888888889 0.01875 0.04861111111111111
2 0.55625 0.34444444444444444 0.02421875 0.05694444444444444