2 0.953125 0.44027777777777777 0.09296875 0.1625
2 0.77109375 0.38055555555555554 0.04921875 0.09861111111111111
2 0.7140625 0.3611111111111111 0.03125 0.07083333333333333
2 0.6171875 0.33194444444444443 0.01796875 0.04027777777777778
2 0.6421875 0.34305555555555556 0.01875 0.05416666666666667
2 0.67109375 0.3472222222222222 0.028125 0.058333333333333334
2 0.58984375 0.325 0.0140625 0.027777777777777776
2 0.60390625 0.32916666666666666 0.0125 0.029166666666666667
2 0.578125 0.32083333333333336 0.01171875 0.02638888888888889
0 0.19375 0.3958333333333333 0.05546875 0.10555555555555556
0 0.03515625 0.46111111111111114 0.0703125 0.16666666666666666
0 0.26953125 0.3680555555555556 0.0359375 0.0763888888888889
0 0.31953125 0.35138888888888886 0.028125 0.06111111111111111
0 0.35 0.3416666666666667 0.01796875 0.04861111111111111
0 0.37109375 0.33611111111111114 0.015625 0.03888888888888889
0 0.38828125 0.3333333333333333 0.01171875 0.027777777777777776