0 0.165625 0.24861111111111112 0.07109375 0.17777777777777778
2 0.859375 0.23055555555555557 0.06640625 0.1638888888888889
1 0.74140625 0.18333333333333332 0.03359375 0.1125
1 0.68203125 0.15694444444444444 0.0234375 0.0875
1 0.32890625 0.16111111111111112 0.02265625 0.09027777777777778
1 0.6625 0.1486111111111111 0.0203125 0.075
1 0.63515625 0.1375 0.01640625 0.06805555555555555
1 0.28359375 0.18611111111111112 0.0375 0.1125
1 0.3734375 0.14027777777777778 0.015625 0.06111111111111111
1 0.59765625 0.12083333333333333 0.01171875 0.04861111111111111
1 0.61171875 0.12916666666666668 0.0140625 0.05416666666666667
1 0.35390625 0.15138888888888888 0.01875 0.07083333333333333
1 0.3921875 0.13055555555555556 0.01328125 0.05138888888888889