2 0.63984375 0.3902777777777778 0.03984375 0.10694444444444444
2 0.69609375 0.4 0.046875 0.11805555555555555
2 0.7640625 0.425 0.05703125 0.14583333333333334
2 0.534375 0.37777777777777777 0.03515625 0.09166666666666666
2 0.815625 0.4513888888888889 0.07109375 0.17222222222222222
2 0.384375 0.3638888888888889 0.0296875 0.07222222222222222
2 0.20546875 0.34305555555555556 0.01796875 0.05138888888888889
2 0.2453125 0.3486111111111111 0.02109375 0.05694444444444444
2 0.30234375 0.3541666666666667 0.02421875 0.06527777777777778
2 0.16484375 0.3388888888888889 0.01796875 0.04722222222222222
2 0.1328125 0.33611111111111114 0.015625 0.043055555555555555