2 0.61484375 0.41388888888888886 0.03984375 0.12916666666666668
2 0.8453125 0.4875 0.06015625 0.2111111111111111
2 0.71484375 0.4388888888888889 0.06015625 0.15416666666666667
2 0.484375 0.39166666666666666 0.03828125 0.10277777777777777
2 0.4 0.3819444444444444 0.03046875 0.09027777777777778
2 0.146875 0.3638888888888889 0.03125 0.07083333333333333
2 0.35625 0.375 0.0328125 0.08472222222222223
2 0.55859375 0.4013888888888889 0.040625 0.1125
2 0.24921875 0.3680555555555556 0.03203125 0.075
2 0.29765625 0.37083333333333335 0.0328125 0.08055555555555556
2 0.20078125 0.36527777777777776 0.03125 0.07222222222222222