2 0.971875 0.44583333333333336 0.05625 0.16944444444444445
2 0.81015625 0.3875 0.0546875 0.10555555555555556
2 0.72890625 0.36527777777777776 0.03984375 0.07361111111111111
2 0.67109375 0.3486111111111111 0.0265625 0.05694444444444444
2 0.64921875 0.3402777777777778 0.0203125 0.04583333333333333
2 0.6265625 0.3347222222222222 0.01953125 0.043055555555555555
2 0.6109375 0.32916666666666666 0.0140625 0.03611111111111111
2 0.584375 0.32222222222222224 0.01484375 0.030555555555555555
2 0.5625 0.31527777777777777 0.0171875 0.027777777777777776
0 0.03515625 0.46805555555555556 0.0703125 0.1638888888888889
0 0.20859375 0.39861111111111114 0.05703125 0.10138888888888889
0 0.328125 0.35555555555555557 0.028125 0.06111111111111111
0 0.278125 0.37222222222222223 0.0421875 0.0763888888888889
0 0.3578125 0.34444444444444444 0.01953125 0.05
0 0.38125 0.3375 0.015625 0.044444444444444446
0 0.3953125 0.3333333333333333 0.01171875 0.03333333333333333
0 0.40859375 0.33055555555555555 0.0078125 0.03333333333333333
0 0.41953125 0.325 0.0078125 0.03333333333333333
0 0.42578125 0.3236111111111111 0.00546875 0.02638888888888889
0 0.4328125 0.32083333333333336 0.00546875 0.02638888888888889
0 0.440625 0.3194444444444444 0.00625 0.013888888888888888
0 0.446875 0.3194444444444444 0.00390625 0.018055555555555554