0 0.803125 0.4875 0.11796875 0.2222222222222222
0 0.6984375 0.3875 0.05703125 0.125
0 0.63359375 0.35694444444444445 0.04296875 0.09583333333333334
0 0.5953125 0.3333333333333333 0.0265625 0.06527777777777778
0 0.996875 0.2986111111111111 0.00625 0.019444444444444445
0 0.95546875 0.2986111111111111 0.009375 0.018055555555555554
2 0.0265625 0.3763888888888889 0.05234375 0.125
2 0.12578125 0.35 0.05078125 0.09722222222222222
2 0.19140625 0.33611111111111114 0.03828125 0.08055555555555556
2 0.24296875 0.325 0.03203125 0.06527777777777778
2 0.28203125 0.31805555555555554 0.02578125 0.05694444444444444
2 0.35546875 0.3 0.01640625 0.03611111111111111
2 0.3125 0.3111111111111111 0.0203125 0.043055555555555555
2 0.33671875 0.30416666666666664 0.01875 0.03888888888888889
2 0.4046875 0.2875 0.0140625 0.027777777777777776
2 0.37109375 0.3 0.01484375 0.025
2 0.38359375 0.2972222222222222 0.01328125 0.022222222222222223
2 0.38671875 0.29305555555555557 0.0171875 0.029166666666666667