2 0.865625 0.3277777777777778 0.0125 0.03333333333333333
2 0.8015625 0.325 0.01171875 0.030555555555555555
2 0.69609375 0.31805555555555554 0.0109375 0.02361111111111111
2 0.6390625 0.3138888888888889 0.009375 0.019444444444444445
2 0.7421875 0.31805555555555554 0.00859375 0.019444444444444445
0 0.6578125 0.42777777777777776 0.0734375 0.13194444444444445
0 0.89609375 0.4777777777777778 0.1078125 0.18333333333333332
0 0.5 0.39444444444444443 0.05 0.10138888888888889
0 0.403125 0.3736111111111111 0.03125 0.08333333333333333
0 0.340625 0.3611111111111111 0.025 0.07083333333333333
0 0.27578125 0.3486111111111111 0.0203125 0.059722222222222225
0 0.23359375 0.3402777777777778 0.01796875 0.04583333333333333
0 0.834375 0.33611111111111114 0.015625 0.034722222222222224
0 0.14140625 0.3138888888888889 0.01171875 0.043055555555555555
0 0.7390625 0.33194444444444443 0.0140625 0.029166666666666667
0 0.1640625 0.3236111111111111 0.01328125 0.0375
0 0.9578125 0.3416666666666667 0.01640625 0.04027777777777778
0 0.68359375 0.3277777777777778 0.0125 0.030555555555555555
0 0.63203125 0.325 0.0125 0.029166666666666667
0 0.125 0.32083333333333336 0.009375 0.04722222222222222
0 0.18203125 0.33055555555555555 0.0140625 0.0375
2 0.59375 0.31527777777777777 0.01640625 0.03333333333333333
0 0.57421875 0.3236111111111111 0.01484375 0.03194444444444444