2 0.94453125 0.4597222222222222 0.084375 0.16944444444444445
2 0.97265625 0.6180555555555556 0.0515625 0.14583333333333334
2 0.58671875 0.3402777777777778 0.01796875 0.04583333333333333
2 0.70703125 0.35 0.0265625 0.059722222222222225
2 0.82265625 0.3597222222222222 0.028125 0.07083333333333333
2 0.78359375 0.35555555555555557 0.03046875 0.06805555555555555
2 0.51796875 0.3347222222222222 0.01640625 0.041666666666666664
2 0.43515625 0.3277777777777778 0.01484375 0.034722222222222224
2 0.4703125 0.33055555555555555 0.0140625 0.0375
2 0.890625 0.4236111111111111 0.059375 0.13194444444444445
2 0.3375 0.3194444444444444 0.01171875 0.027777777777777776
2 0.39921875 0.3263888888888889 0.01328125 0.03333333333333333
2 0.84609375 0.3680555555555556 0.025 0.07916666666666666
2 0.875 0.4013888888888889 0.03515625 0.10972222222222222
2 0.36796875 0.32222222222222224 0.01015625 0.02638888888888889
2 0.85546875 0.38333333333333336 0.03671875 0.10277777777777777
0 0.12109375 0.45416666666666666 0.096875 0.15833333333333333
0 0.225 0.4263888888888889 0.07421875 0.13194444444444445
0 0.353125 0.39861111111111114 0.053125 0.10277777777777777
0 0.41640625 0.38055555555555554 0.034375 0.0875
0 0.31640625 0.35 0.01875 0.05694444444444444
0 0.278125 0.3416666666666667 0.01640625 0.04861111111111111
0 0.253125 0.3375 0.01484375 0.04027777777777778
0 0.39453125 0.36666666666666664 0.01953125 0.06805555555555555
0 0.23203125 0.3333333333333333 0.0140625 0.03611111111111111
0 0.3703125 0.3625 0.01875 0.0625