2 0.6328125 0.38333333333333336 0.04921875 0.09444444444444444
2 0.8359375 0.4041666666666667 0.0671875 0.12361111111111112
2 0.534375 0.3763888888888889 0.04609375 0.09027777777777778
2 0.20859375 0.3611111111111111 0.03828125 0.07083333333333333
2 0.4203125 0.37083333333333335 0.03984375 0.08194444444444444
2 0.71015625 0.39166666666666666 0.04609375 0.10555555555555556
2 0.3578125 0.36666666666666664 0.040625 0.07361111111111111
2 0.13984375 0.3597222222222222 0.0375 0.06805555555555555
2 0.27734375 0.3625 0.040625 0.07361111111111111
2 0.98125 0.4666666666666667 0.03515625 0.0763888888888889
2 0.06796875 0.3597222222222222 0.03828125 0.06805555555555555
2 0.01640625 0.35833333333333334 0.0328125 0.06666666666666667