2 0.1484375 0.46805555555555556 0.0484375 0.1875
2 0.28359375 0.3958333333333333 0.046875 0.11527777777777778
2 0.34765625 0.36944444444444446 0.03125 0.0875
2 0.39296875 0.35138888888888886 0.02265625 0.0625
2 0.4203125 0.3402777777777778 0.01875 0.05138888888888889
2 0.4453125 0.33194444444444443 0.01484375 0.03888888888888889
2 0.4546875 0.32916666666666666 0.01171875 0.03194444444444444
2 0.46484375 0.325 0.01171875 0.030555555555555555
2 0.13203125 0.4097222222222222 0.0140625 0.06805555555555555
0 0.8 0.41805555555555557 0.059375 0.13472222222222222
0 0.7328125 0.3819444444444444 0.03671875 0.11527777777777778
0 0.68515625 0.35555555555555557 0.028125 0.09305555555555556
0 0.6578125 0.3486111111111111 0.0203125 0.0875
0 0.640625 0.3402777777777778 0.01640625 0.07083333333333333