1 0.0203125 0.26666666666666666 0.040625 0.22361111111111112
1 0.18046875 0.175 0.05234375 0.14027777777777778
1 0.91328125 0.2569444444444444 0.090625 0.22361111111111112
1 0.73984375 0.15416666666666667 0.03984375 0.12361111111111112
1 0.790625 0.18472222222222223 0.0546875 0.15694444444444444
1 0.2390625 0.1486111111111111 0.04140625 0.11805555555555555
1 0.61640625 0.11527777777777778 0.02578125 0.07777777777777778
1 0.68828125 0.13194444444444445 0.02890625 0.0875
1 0.28125 0.12916666666666668 0.03203125 0.1
1 0.4203125 0.11527777777777778 0.025 0.07916666666666666
1 0.3703125 0.1125 0.0234375 0.08333333333333333
1 0.31796875 0.1125 0.025 0.08472222222222223
1 0.465625 0.11527777777777778 0.025 0.08472222222222223
1 0.56796875 0.11944444444444445 0.0234375 0.07222222222222222
1 0.515625 0.1125 0.0234375 0.08472222222222223
1 0.659375 0.11805555555555555 0.021875 0.07777777777777778