0 0.33125 0.5430555555555555 0.12109375 0.24861111111111112
0 0.44296875 0.4444444444444444 0.06484375 0.15
0 0.02421875 0.7805555555555556 0.0484375 0.275
0 0.49140625 0.4027777777777778 0.04296875 0.10833333333333334
0 0.5203125 0.38055555555555554 0.0328125 0.08611111111111111
0 0.1703125 0.3236111111111111 0.01328125 0.027777777777777776
0 0.12421875 0.3333333333333333 0.0125 0.019444444444444445
0 0.05703125 0.3375 0.015625 0.02361111111111111
0 0.21328125 0.3236111111111111 0.0125 0.016666666666666666
0 0.55703125 0.3486111111111111 0.01640625 0.05694444444444444
0 0.57578125 0.3375 0.01484375 0.04027777777777778
0 0.5453125 0.3611111111111111 0.02421875 0.06944444444444445
2 0.884375 0.3486111111111111 0.03046875 0.06111111111111111
2 0.01953125 0.32222222222222224 0.015625 0.03194444444444444
2 0.18671875 0.3125 0.0109375 0.020833333333333332
2 0.06796875 0.3194444444444444 0.0125 0.027777777777777776
2 0.159375 0.3111111111111111 0.0109375 0.019444444444444445
2 0.21328125 0.31805555555555554 0.0125 0.03194444444444444
2 0.11796875 0.3138888888888889 0.01015625 0.019444444444444445
2 0.96015625 0.35833333333333334 0.06640625 0.08888888888888889