2 0.24140625 0.4236111111111111 0.08125 0.15138888888888888
2 0.5734375 0.37083333333333335 0.05 0.09444444444444444
2 0.09140625 0.4583333333333333 0.1078125 0.19027777777777777
2 0.496875 0.37777777777777777 0.053125 0.10138888888888889
2 0.65 0.36527777777777776 0.0453125 0.0875
2 0.41484375 0.3902777777777778 0.0578125 0.11388888888888889
2 0.91171875 0.3541666666666667 0.04140625 0.07361111111111111
2 0.3453125 0.4027777777777778 0.06640625 0.12916666666666668
2 0.76796875 0.35833333333333334 0.04296875 0.08055555555555556
2 0.8140625 0.35694444444444445 0.04140625 0.0763888888888889
2 0.85703125 0.35555555555555557 0.0453125 0.07361111111111111
2 0.97109375 0.3541666666666667 0.0375 0.07222222222222222
2 0.715625 0.3625 0.04453125 0.08333333333333333
2 0.99765625 0.3541666666666667 0.0046875 0.06944444444444445