0 0.69921875 0.2111111111111111 0.0578125 0.16666666666666666
0 0.7703125 0.22916666666666666 0.065625 0.17916666666666667
0 0.60234375 0.19583333333333333 0.0328125 0.13333333333333333
0 0.84765625 0.2611111111111111 0.08515625 0.2013888888888889
0 0.5484375 0.18472222222222223 0.028125 0.12777777777777777
0 0.9265625 0.2916666666666667 0.09609375 0.23055555555555557
0 0.6453125 0.2013888888888889 0.04765625 0.14722222222222223
0 0.96953125 0.3375 0.0609375 0.27361111111111114
2 0.015625 0.325 0.03125 0.25833333333333336
2 0.0578125 0.24305555555555555 0.06171875 0.19305555555555556
2 0.009375 0.21666666666666667 0.01875 0.16666666666666666