0 0.1046875 0.2763888888888889 0.0796875 0.2013888888888889
0 0.21484375 0.21944444444444444 0.053125 0.14027777777777778
0 0.28984375 0.18333333333333332 0.03125 0.10555555555555556
0 0.33671875 0.1625 0.02109375 0.08194444444444444
0 0.365625 0.1486111111111111 0.01640625 0.06527777777777778
0 0.38671875 0.1375 0.01328125 0.058333333333333334
0 0.4109375 0.12222222222222222 0.0109375 0.043055555555555555
0 0.40078125 0.12916666666666668 0.01171875 0.05138888888888889
0 0.42265625 0.11944444444444445 0.00859375 0.0375
2 0.85625 0.23333333333333334 0.06484375 0.1638888888888889
2 0.959375 0.2847222222222222 0.07734375 0.22083333333333333
2 0.69453125 0.16527777777777777 0.028125 0.0875
2 0.74375 0.18611111111111112 0.03828125 0.11388888888888889
2 0.65703125 0.1486111111111111 0.01953125 0.07222222222222222
2 0.628125 0.13472222222222222 0.01640625 0.059722222222222225
2 0.6140625 0.12777777777777777 0.01328125 0.05416666666666667
2 0.6 0.12222222222222222 0.0125 0.04861111111111111
2 0.58828125 0.11805555555555555 0.01015625 0.04027777777777778
2 0.578125 0.11388888888888889 0.0109375 0.0375