0 0.24609375 0.4888888888888889 0.10859375 0.20694444444444443
0 0.33828125 0.4111111111111111 0.06171875 0.12916666666666668
0 0.3953125 0.36527777777777776 0.03515625 0.08472222222222223
0 0.421875 0.35 0.02265625 0.06388888888888888
2 0.85703125 0.3611111111111111 0.04609375 0.08472222222222223
2 0.98671875 0.4083333333333333 0.0265625 0.10833333333333334
2 0.69609375 0.325 0.01953125 0.04861111111111111
2 0.77890625 0.34444444444444444 0.0328125 0.06666666666666667
2 0.62265625 0.3055555555555556 0.01484375 0.03333333333333333
2 0.67109375 0.31527777777777777 0.015625 0.05138888888888889
2 0.653125 0.3138888888888889 0.0125 0.041666666666666664
2 0.73046875 0.3333333333333333 0.0234375 0.05694444444444444
2 0.6375 0.3125 0.01328125 0.034722222222222224