2 0.34609375 0.14027777777777778 0.05234375 0.14583333333333334
2 0.51484375 0.15694444444444444 0.06171875 0.1625
2 0.4453125 0.1486111111111111 0.059375 0.15416666666666667
2 0.828125 0.225 0.1 0.2375
2 0.6 0.1763888888888889 0.06953125 0.18194444444444444
2 0.16796875 0.13472222222222222 0.05859375 0.14027777777777778
2 0.25859375 0.13472222222222222 0.05625 0.14444444444444443
2 0.08671875 0.13194444444444445 0.05859375 0.13333333333333333
2 0.6953125 0.2 0.08515625 0.2111111111111111
2 0.96953125 0.2986111111111111 0.06015625 0.3125
2 0.0125 0.13472222222222222 0.025 0.125