0 0.67265625 0.25972222222222224 0.0765625 0.19444444444444445
0 0.8703125 0.37083333333333335 0.11953125 0.3055555555555556
0 0.5609375 0.22777777777777777 0.059375 0.1625
0 0.7921875 0.3055555555555556 0.090625 0.24027777777777778
0 0.478125 0.2111111111111111 0.05 0.13333333333333333
0 0.41328125 0.19444444444444445 0.04375 0.12222222222222222
0 0.37578125 0.18333333333333332 0.03046875 0.10833333333333334
0 0.3359375 0.175 0.034375 0.09444444444444444
0 0.284375 0.1597222222222222 0.0265625 0.09444444444444444
0 0.26015625 0.1597222222222222 0.02109375 0.075
2 0.02734375 0.3138888888888889 0.0546875 0.2777777777777778
2 0.0265625 0.12361111111111112 0.02578125 0.075
2 0.0046875 0.12777777777777777 0.009375 0.0763888888888889