1 0.8828125 0.24861111111111112 0.07109375 0.16805555555555557
1 0.18125 0.24027777777777778 0.05859375 0.16805555555555557
1 0.27421875 0.19583333333333333 0.03359375 0.12083333333333333
1 0.75390625 0.19583333333333333 0.03671875 0.11666666666666667
1 0.6921875 0.16666666666666666 0.02265625 0.09166666666666666
1 0.32578125 0.1736111111111111 0.02265625 0.08472222222222223
1 0.6640625 0.15555555555555556 0.01796875 0.0763888888888889
1 0.35625 0.15555555555555556 0.01796875 0.07083333333333333
1 0.4 0.13472222222222222 0.0109375 0.05138888888888889
1 0.3796875 0.14305555555555555 0.01484375 0.06111111111111111
1 0.6375 0.14166666666666666 0.0140625 0.06388888888888888
1 0.6203125 0.1361111111111111 0.01171875 0.05
1 0.60546875 0.13055555555555556 0.0140625 0.04583333333333333