0 0.02265625 0.2722222222222222 0.04453125 0.24027777777777778
0 0.1609375 0.18472222222222223 0.05390625 0.1527777777777778
0 0.23828125 0.14722222222222223 0.03515625 0.10833333333333334
0 0.28828125 0.11944444444444445 0.02421875 0.08055555555555556
0 0.321875 0.10694444444444444 0.01953125 0.06944444444444445
0 0.34296875 0.09861111111111111 0.0140625 0.059722222222222225
0 0.35859375 0.09027777777777778 0.0125 0.05416666666666667
0 0.36953125 0.08333333333333333 0.01328125 0.05
0 0.3828125 0.0763888888888889 0.01328125 0.044444444444444446
2 0.78828125 0.17777777777777778 0.0546875 0.1527777777777778
2 0.715625 0.14305555555555555 0.03984375 0.11666666666666667
2 0.6578125 0.11944444444444445 0.0265625 0.09305555555555556
2 0.61875 0.10277777777777777 0.02109375 0.075
2 0.6 0.09444444444444444 0.0171875 0.0625
2 0.584375 0.08888888888888889 0.01640625 0.058333333333333334
2 0.571875 0.08333333333333333 0.0140625 0.05
2 0.55859375 0.07777777777777778 0.01171875 0.044444444444444446
2 0.546875 0.0763888888888889 0.0125 0.041666666666666664
2 0.79296875 0.13055555555555556 0.0171875 0.05694444444444444