0 0.70859375 0.47638888888888886 0.115625 0.21666666666666667
0 0.60625 0.38472222222222224 0.05390625 0.12638888888888888
0 0.5515625 0.3625 0.034375 0.05555555555555555
0 0.95546875 0.29305555555555557 0.01796875 0.03194444444444444
0 0.515625 0.325 0.01796875 0.034722222222222224
0 0.53828125 0.3375 0.01875 0.0375
0 0.1296875 0.24166666666666667 0.021875 0.029166666666666667
2 0.17265625 0.31805555555555554 0.03046875 0.06944444444444445
2 0.23828125 0.30416666666666664 0.02109375 0.05277777777777778
2 0.26328125 0.2986111111111111 0.01796875 0.04722222222222222
2 0.28359375 0.2986111111111111 0.015625 0.04027777777777778
2 0.084375 0.3402777777777778 0.04453125 0.08611111111111111
2 0.98046875 0.2847222222222222 0.01640625 0.029166666666666667
2 0.29921875 0.28888888888888886 0.01640625 0.04722222222222222
2 0.21015625 0.30694444444444446 0.0265625 0.06388888888888888
2 0.31484375 0.2847222222222222 0.01484375 0.04027777777777778
2 0.32890625 0.28194444444444444 0.0140625 0.03888888888888889
2 0.34609375 0.2847222222222222 0.0140625 0.02638888888888889
2 0.0796875 0.31527777777777777 0.01796875 0.03888888888888889
2 0.36171875 0.275 0.01484375 0.029166666666666667