2 0.22109375 0.43194444444444446 0.0859375 0.19027777777777777
2 0.353125 0.33194444444444443 0.03359375 0.08472222222222223
2 0.32578125 0.3638888888888889 0.05078125 0.11944444444444445
2 0.3859375 0.3138888888888889 0.028125 0.06666666666666667
2 0.40234375 0.3 0.02421875 0.05555555555555555
2 0.42421875 0.2847222222222222 0.01484375 0.05
2 0.4140625 0.29305555555555557 0.01953125 0.04583333333333333
0 0.95078125 0.36944444444444446 0.071875 0.11944444444444445
0 0.82265625 0.3375 0.04609375 0.08611111111111111
0 0.73984375 0.31805555555555554 0.03203125 0.06666666666666667
0 0.69609375 0.3055555555555556 0.02109375 0.05138888888888889
0 0.66015625 0.2986111111111111 0.01875 0.044444444444444446
0 0.6140625 0.2875 0.01015625 0.0375
0 0.5859375 0.2791666666666667 0.009375 0.03194444444444444
0 0.628125 0.29305555555555557 0.0140625 0.03611111111111111
0 0.57578125 0.27361111111111114 0.0078125 0.03611111111111111
0 0.59765625 0.2833333333333333 0.0109375 0.03333333333333333