2 0.87578125 0.5180555555555556 0.1265625 0.2361111111111111
2 0.69765625 0.40694444444444444 0.05625 0.12083333333333333
2 0.65703125 0.375 0.0375 0.08611111111111111
2 0.60390625 0.34444444444444444 0.02109375 0.05416666666666667
2 0.62421875 0.35833333333333334 0.0296875 0.06666666666666667
2 0.58984375 0.3375 0.01640625 0.04027777777777778
2 0.5796875 0.33611111111111114 0.0140625 0.029166666666666667
0 0.14453125 0.38055555555555554 0.05 0.0875
0 0.2359375 0.3597222222222222 0.03203125 0.06805555555555555
0 0.28984375 0.3458333333333333 0.021875 0.05416666666666667
0 0.32734375 0.3388888888888889 0.0171875 0.043055555555555555
0 0.35625 0.3333333333333333 0.01484375 0.0375
0 0.37265625 0.33055555555555555 0.0140625 0.03194444444444444
0 0.38984375 0.325 0.009375 0.03194444444444444
0 0.40703125 0.32083333333333336 0.01015625 0.029166666666666667