2 0.78828125 0.38472222222222224 0.06875 0.13472222222222222
2 0.66640625 0.3472222222222222 0.0453125 0.09444444444444444
2 0.60234375 0.32916666666666666 0.034375 0.07777777777777778
2 0.553125 0.31666666666666665 0.02890625 0.06111111111111111
2 0.48984375 0.3013888888888889 0.01953125 0.04027777777777778
2 0.5203125 0.30833333333333335 0.02421875 0.05
2 0.47734375 0.3 0.01484375 0.03194444444444444
2 0.46328125 0.29583333333333334 0.01640625 0.03194444444444444
0 0.134375 0.3472222222222222 0.03984375 0.08194444444444444
0 0.18203125 0.3263888888888889 0.03046875 0.06527777777777778
0 0.20859375 0.31666666666666665 0.02109375 0.05416666666666667
0 0.0796875 0.36944444444444446 0.0578125 0.10833333333333334
0 0.24375 0.3055555555555556 0.01484375 0.041666666666666664
0 0.2296875 0.30972222222222223 0.01640625 0.044444444444444446
0 0.303125 0.28194444444444444 0.0171875 0.022222222222222223
0 0.25703125 0.2986111111111111 0.0109375 0.03333333333333333
0 0.284375 0.2875 0.01484375 0.029166666666666667