2 0.2609375 0.4375 0.07421875 0.18333333333333332
2 0.546875 0.36944444444444446 0.040625 0.10694444444444444
2 0.471875 0.38333333333333336 0.04609375 0.11944444444444445
2 0.41015625 0.39861111111111114 0.04765625 0.1388888888888889
2 0.89921875 0.34305555555555556 0.03359375 0.0763888888888889
2 0.65390625 0.3527777777777778 0.03671875 0.08888888888888889
2 0.7890625 0.34444444444444444 0.03359375 0.08055555555555556
2 0.74375 0.34444444444444444 0.03359375 0.08194444444444444
2 0.603125 0.3597222222222222 0.0375 0.09861111111111111
2 0.7078125 0.3486111111111111 0.03359375 0.08333333333333333
2 0.83203125 0.34444444444444444 0.03671875 0.0763888888888889