2 0.9 0.4236111111111111 0.07109375 0.1388888888888889
2 0.46484375 0.34444444444444444 0.0265625 0.05277777777777778
2 0.70234375 0.3597222222222222 0.03515625 0.07222222222222222
2 0.840625 0.4 0.05 0.1125
2 0.38046875 0.3388888888888889 0.02109375 0.04861111111111111
2 0.60703125 0.3541666666666667 0.0328125 0.06527777777777778
2 0.78671875 0.375 0.03515625 0.0875
2 0.95859375 0.4583333333333333 0.08046875 0.17083333333333334
2 0.81015625 0.38333333333333336 0.03828125 0.09583333333333334
2 0.74765625 0.3638888888888889 0.03984375 0.0763888888888889
0 0.28984375 0.40694444444444444 0.053125 0.11527777777777778
0 0.21015625 0.4527777777777778 0.08515625 0.12916666666666668
0 0.0359375 0.5222222222222223 0.071875 0.20972222222222223