2 0.58984375 0.4027777777777778 0.04609375 0.11944444444444445
2 0.828125 0.4736111111111111 0.08359375 0.19583333333333333
2 0.48203125 0.38472222222222224 0.03828125 0.09861111111111111
2 0.66796875 0.41805555555555557 0.05859375 0.1375
2 0.759375 0.44305555555555554 0.06796875 0.16666666666666666
2 0.5328125 0.39305555555555555 0.04140625 0.10972222222222222
2 0.315625 0.3638888888888889 0.03125 0.07916666666666666
2 0.440625 0.37777777777777777 0.03515625 0.09166666666666666
2 0.1765625 0.3625 0.03046875 0.07777777777777778
2 0.25390625 0.3638888888888889 0.02890625 0.0763888888888889
2 0.3546875 0.3680555555555556 0.0328125 0.08194444444444444
2 0.39375 0.37222222222222223 0.0328125 0.0875