0 0.93203125 0.29583333333333334 0.09453125 0.22083333333333333
0 0.77421875 0.2152777777777778 0.04765625 0.14305555555555555
0 0.69765625 0.17916666666666667 0.03046875 0.10416666666666667
0 0.65078125 0.15833333333333333 0.02109375 0.07361111111111111
0 0.625 0.14583333333333334 0.0171875 0.06527777777777778
0 0.6 0.13472222222222222 0.0140625 0.05277777777777778
0 0.590625 0.12777777777777777 0.01328125 0.04722222222222222
0 0.56640625 0.11527777777777778 0.00859375 0.0375
0 0.57890625 0.12083333333333333 0.01171875 0.043055555555555555
2 0.1953125 0.20833333333333334 0.05078125 0.1388888888888889
2 0.0296875 0.2916666666666667 0.0578125 0.21944444444444444
2 0.27421875 0.1763888888888889 0.03359375 0.09722222222222222
2 0.36640625 0.13194444444444445 0.01640625 0.05694444444444444
2 0.3421875 0.14305555555555555 0.0203125 0.06666666666666667
2 0.31171875 0.15416666666666667 0.02734375 0.08333333333333333
2 0.38984375 0.12222222222222222 0.01484375 0.05
2 0.40859375 0.1111111111111111 0.01015625 0.04027777777777778