2 0.8703125 0.46805555555555556 0.121875 0.22916666666666666
2 0.69375 0.35694444444444445 0.05078125 0.10972222222222222
2 0.75703125 0.3972222222222222 0.06875 0.15138888888888888
2 0.61875 0.3055555555555556 0.02265625 0.05555555555555555
2 0.65390625 0.33611111111111114 0.03671875 0.08888888888888889
2 0.63515625 0.32083333333333336 0.0234375 0.05555555555555555
2 0.60546875 0.2986111111111111 0.01953125 0.043055555555555555
2 0.59453125 0.2916666666666667 0.01484375 0.044444444444444446
0 0.1921875 0.3416666666666667 0.05 0.09027777777777778
0 0.090625 0.3680555555555556 0.06640625 0.11666666666666667
0 0.3234375 0.30416666666666664 0.02265625 0.06111111111111111
0 0.27734375 0.31805555555555554 0.0296875 0.06666666666666667
0 0.38046875 0.28888888888888886 0.01015625 0.04027777777777778
0 0.3703125 0.2916666666666667 0.0140625 0.04722222222222222
0 0.39609375 0.2861111111111111 0.0140625 0.03333333333333333
0 0.3515625 0.29583333333333334 0.01796875 0.05555555555555555