0 0.08671875 0.30972222222222223 0.08984375 0.21944444444444444
0 0.2140625 0.24166666666666667 0.0515625 0.14722222222222223
0 0.3046875 0.19444444444444445 0.03046875 0.10277777777777777
0 0.36328125 0.1638888888888889 0.01640625 0.0625
0 0.38828125 0.1486111111111111 0.01328125 0.05416666666666667
0 0.3359375 0.175 0.02265625 0.08472222222222223
0 0.41015625 0.1375 0.01015625 0.04027777777777778
0 0.40234375 0.14166666666666666 0.01015625 0.043055555555555555
2 0.81875 0.22777777777777777 0.053125 0.14305555555555555
2 0.7234375 0.19027777777777777 0.03359375 0.10416666666666667
2 0.65703125 0.1625 0.021875 0.07361111111111111
2 0.63359375 0.15138888888888888 0.01796875 0.06111111111111111
2 0.609375 0.1388888888888889 0.0140625 0.05277777777777778
2 0.59453125 0.1361111111111111 0.01328125 0.044444444444444446
2 0.58515625 0.13472222222222222 0.01171875 0.034722222222222224