2 0.8125 0.1763888888888889 0.0484375 0.11805555555555555
2 0.746875 0.16805555555555557 0.0421875 0.10833333333333334
2 0.86328125 0.1875 0.05546875 0.12916666666666668
2 0.5625 0.15138888888888888 0.03203125 0.0875
2 0.37578125 0.14305555555555555 0.02890625 0.0763888888888889
2 0.63671875 0.15555555555555556 0.034375 0.09305555555555556
2 0.70234375 0.1625 0.0375 0.10138888888888889
2 0.43203125 0.14583333333333334 0.03046875 0.07777777777777778
2 0.96484375 0.2263888888888889 0.0625 0.16944444444444445
2 0.91796875 0.20416666666666666 0.06015625 0.14583333333333334
2 0.49296875 0.1486111111111111 0.03125 0.08333333333333333
0 0.15234375 0.3597222222222222 0.12421875 0.28888888888888886
0 0.23046875 0.3013888888888889 0.09296875 0.22916666666666666
0 0.30390625 0.2625 0.05625 0.2013888888888889
0 0.325 0.23472222222222222 0.053125 0.16944444444444445