1 0.04609375 0.3541666666666667 0.0921875 0.25833333333333336
1 0.21484375 0.2611111111111111 0.0625 0.1638888888888889
1 0.86640625 0.24861111111111112 0.05703125 0.15694444444444444
1 0.7703125 0.2125 0.0375 0.10694444444444444
1 0.30234375 0.2111111111111111 0.03203125 0.11666666666666667
1 0.34765625 0.19166666666666668 0.02734375 0.09166666666666666
1 0.6546875 0.1625 0.0140625 0.05694444444444444
1 0.55234375 0.1486111111111111 0.009375 0.034722222222222224
1 0.465625 0.1486111111111111 0.01171875 0.034722222222222224
2 0.71484375 0.1875 0.0203125 0.08611111111111111
1 0.6390625 0.15833333333333333 0.01328125 0.04861111111111111
1 0.49609375 0.14444444444444443 0.01328125 0.04583333333333333
1 0.6109375 0.14583333333333334 0.0109375 0.03888888888888889
1 0.68828125 0.175 0.02109375 0.0763888888888889
1 0.4390625 0.14305555555555555 0.01015625 0.041666666666666664
1 0.52421875 0.14027777777777778 0.01171875 0.05138888888888889
1 0.625 0.1527777777777778 0.0125 0.04583333333333333
1 0.37109375 0.175 0.01796875 0.07222222222222222
1 0.58046875 0.14305555555555555 0.01328125 0.05