0 0.56875 0.04027777777777778 0.04453125 0.0763888888888889
0 0.27734375 0.008333333333333333 0.0234375 0.016666666666666666
2 0.6375 0.20833333333333334 0.05078125 0.13472222222222222
2 0.71171875 0.22777777777777777 0.059375 0.15694444444444444
2 0.7828125 0.24583333333333332 0.07265625 0.17777777777777778
2 0.45625 0.18472222222222223 0.03828125 0.10694444444444444
2 0.8984375 0.2777777777777778 0.08671875 0.2125
2 0.5671875 0.2 0.04609375 0.125
2 0.4078125 0.18055555555555555 0.03984375 0.10694444444444444
2 0.3390625 0.17777777777777778 0.03828125 0.10138888888888889
2 0.51015625 0.19166666666666668 0.04296875 0.11666666666666667