0 0.03984375 0.23333333333333334 0.0796875 0.2513888888888889
0 0.20078125 0.14305555555555555 0.053125 0.1597222222222222
0 0.2859375 0.10277777777777777 0.03359375 0.11527777777777778
0 0.33515625 0.07777777777777778 0.025 0.08888888888888889
0 0.36640625 0.06111111111111111 0.01875 0.07361111111111111
0 0.38828125 0.04722222222222222 0.01640625 0.06111111111111111
0 0.40703125 0.041666666666666664 0.0140625 0.05277777777777778
0 0.43125 0.030555555555555555 0.01171875 0.043055555555555555
0 0.41953125 0.034722222222222224 0.01171875 0.04861111111111111
2 0.89609375 0.15833333333333333 0.07109375 0.1763888888888889
2 0.7828125 0.10555555555555556 0.04453125 0.12777777777777777
2 0.71015625 0.07222222222222222 0.028125 0.09305555555555556
2 0.6546875 0.04861111111111111 0.01875 0.06666666666666667
2 0.6828125 0.059722222222222225 0.02109375 0.07916666666666666
2 0.63359375 0.04027777777777778 0.0140625 0.05694444444444444
2 0.62109375 0.03333333333333333 0.0140625 0.05138888888888889
2 0.61171875 0.030555555555555555 0.01171875 0.044444444444444446
2 0.603125 0.027777777777777776 0.01015625 0.041666666666666664