1 0.95625 0.2861111111111111 0.08046875 0.18333333333333332
1 0.1984375 0.275 0.06796875 0.18333333333333332
1 0.79296875 0.2125 0.04375 0.12083333333333333
1 0.2796875 0.22361111111111112 0.04296875 0.12638888888888888
1 0.31328125 0.2013888888888889 0.03046875 0.09722222222222222
1 0.740625 0.19444444444444445 0.03125 0.09861111111111111
1 0.3515625 0.17916666666666667 0.021875 0.07777777777777778
1 0.7015625 0.17916666666666667 0.025 0.08472222222222223
1 0.57890625 0.16666666666666666 0.01953125 0.06805555555555555
1 0.4953125 0.16527777777777777 0.01953125 0.07083333333333333
1 0.62265625 0.1638888888888889 0.01796875 0.06944444444444445
1 0.5375 0.16666666666666666 0.01953125 0.06944444444444445
1 0.45078125 0.16805555555555557 0.02109375 0.06805555555555555
1 0.37265625 0.16805555555555557 0.01640625 0.06527777777777778
1 0.6671875 0.16527777777777777 0.0171875 0.07083333333333333
1 0.41015625 0.16805555555555557 0.0171875 0.06527777777777778