0 0.27109375 0.5430555555555555 0.115625 0.24305555555555555
0 0.3640625 0.44583333333333336 0.065625 0.1486111111111111
0 0.40703125 0.4083333333333333 0.0484375 0.1111111111111111
0 0.44140625 0.37777777777777777 0.03203125 0.08194444444444444
0 0.45703125 0.3611111111111111 0.02109375 0.06805555555555555
0 0.1203125 0.3111111111111111 0.01328125 0.05
0 0.078125 0.33055555555555555 0.01328125 0.019444444444444445
0 0.02265625 0.3277777777777778 0.0125 0.04027777777777778
0 0.478125 0.34444444444444444 0.01640625 0.05138888888888889
2 0.81171875 0.3611111111111111 0.034375 0.06805555555555555
2 0.9078125 0.37916666666666665 0.0484375 0.09305555555555556
2 0.75 0.3458333333333333 0.02578125 0.05138888888888889
2 0.70703125 0.33611111111111114 0.01875 0.043055555555555555
2 0.08671875 0.31666666666666665 0.01015625 0.022222222222222223
2 0.053125 0.3194444444444444 0.0125 0.02361111111111111
2 0.68125 0.33055555555555555 0.0171875 0.03888888888888889
2 0.653125 0.3277777777777778 0.0125 0.025
2 0.66953125 0.33194444444444443 0.01328125 0.02638888888888889