2 0.17109375 0.5555555555555556 0.15078125 0.29305555555555557
2 0.31875 0.49166666666666664 0.109375 0.21805555555555556
2 0.396875 0.4527777777777778 0.0875 0.1763888888888889
2 0.45625 0.42916666666666664 0.07265625 0.1527777777777778
2 0.6171875 0.3902777777777778 0.05625 0.1125
2 0.84140625 0.3597222222222222 0.04609375 0.08194444444444444
2 0.50546875 0.41388888888888886 0.06328125 0.1361111111111111
2 0.94296875 0.35694444444444445 0.0453125 0.0763888888888889
2 0.65625 0.38333333333333336 0.046875 0.10555555555555556
2 0.6921875 0.375 0.0453125 0.1
2 0.77421875 0.3638888888888889 0.05234375 0.08472222222222223
2 0.55859375 0.4 0.05703125 0.12361111111111112
2 0.90390625 0.35833333333333334 0.0453125 0.07777777777777778
2 0.72109375 0.36944444444444446 0.03828125 0.09027777777777778
2 0.99140625 0.375 0.0171875 0.03333333333333333