0 0.94453125 0.30416666666666664 0.10234375 0.23472222222222222
2 0.0390625 0.27361111111111114 0.07734375 0.21388888888888888
1 0.209375 0.2013888888888889 0.04296875 0.13472222222222222
1 0.69609375 0.17222222222222222 0.02421875 0.09583333333333334
1 0.2921875 0.16666666666666666 0.0234375 0.1
1 0.315625 0.15833333333333333 0.021875 0.08472222222222223
1 0.66328125 0.15694444444444444 0.0203125 0.08333333333333333
1 0.7578125 0.20555555555555555 0.04296875 0.13194444444444445
1 0.63984375 0.14305555555555555 0.01796875 0.07083333333333333
1 0.6171875 0.13194444444444445 0.01484375 0.058333333333333334
1 0.35078125 0.14166666666666666 0.01796875 0.07361111111111111
1 0.37734375 0.13194444444444445 0.01484375 0.059722222222222225
2 0.028125 0.2625 0.04140625 0.18472222222222223