2 0.1125 0.5138888888888888 0.128125 0.24027777777777778
2 0.29296875 0.4013888888888889 0.05703125 0.12222222222222222
2 0.334375 0.3680555555555556 0.03828125 0.0875
2 0.3875 0.3375 0.02109375 0.05416666666666667
2 0.36796875 0.35138888888888886 0.03046875 0.06805555555555555
2 0.40234375 0.32916666666666666 0.0171875 0.041666666666666664
2 0.4125 0.32916666666666666 0.0140625 0.030555555555555555
0 0.8546875 0.3736111111111111 0.05078125 0.08888888888888889
0 0.76171875 0.3527777777777778 0.0328125 0.06805555555555555
0 0.70703125 0.3388888888888889 0.021875 0.05555555555555555
0 0.66875 0.33194444444444443 0.01796875 0.044444444444444446
0 0.63984375 0.3263888888888889 0.01484375 0.0375
0 0.62265625 0.3236111111111111 0.0140625 0.03194444444444444
0 0.60546875 0.31666666666666665 0.009375 0.03333333333333333
0 0.5875 0.3125 0.0109375 0.029166666666666667