2 0.48515625 0.26805555555555555 0.07265625 0.18888888888888888
2 0.21640625 0.3111111111111111 0.1015625 0.24027777777777778
2 0.36875 0.28194444444444444 0.0765625 0.20694444444444443
2 0.68125 0.25 0.06640625 0.15555555555555556
2 0.59375 0.2569444444444444 0.06875 0.1763888888888889
2 0.08671875 0.34305555555555556 0.11796875 0.2763888888888889
2 0.925 0.21805555555555556 0.053125 0.14166666666666666
2 0.98515625 0.19583333333333333 0.0296875 0.12222222222222222
2 0.7671875 0.24583333333333332 0.05234375 0.13472222222222222
2 0.85078125 0.2263888888888889 0.05546875 0.14444444444444443
2 0.9609375 0.20833333333333334 0.03671875 0.12638888888888888