0 0.18671875 0.2222222222222222 0.05 0.1486111111111111
0 0.0453125 0.3 0.08984375 0.22777777777777777
0 0.27109375 0.18194444444444444 0.03671875 0.1111111111111111
0 0.33359375 0.15416666666666667 0.0234375 0.0763888888888889
0 0.36484375 0.1388888888888889 0.015625 0.06388888888888888
0 0.38046875 0.13055555555555556 0.01328125 0.05555555555555555
2 0.94765625 0.2833333333333333 0.08515625 0.21805555555555556
2 0.74609375 0.19027777777777777 0.04375 0.12222222222222222
2 0.69140625 0.16111111111111112 0.03046875 0.09583333333333334
2 0.646875 0.1375 0.0203125 0.07361111111111111
2 0.62265625 0.13055555555555556 0.01640625 0.058333333333333334
2 0.60859375 0.12361111111111112 0.01484375 0.05416666666666667