0 0.1109375 0.2625 0.08203125 0.18472222222222223
0 0.234375 0.20833333333333334 0.04765625 0.13055555555555556
0 0.29921875 0.17777777777777778 0.03046875 0.09583333333333334
0 0.33984375 0.15833333333333333 0.02265625 0.0763888888888889
0 0.36328125 0.14722222222222223 0.01640625 0.06527777777777778
0 0.3859375 0.1361111111111111 0.0140625 0.05555555555555555
0 0.39765625 0.13055555555555556 0.0125 0.04722222222222222
0 0.41171875 0.13055555555555556 0.01015625 0.03194444444444444
2 0.93671875 0.2777777777777778 0.08515625 0.20694444444444443
2 0.7609375 0.19722222222222222 0.0453125 0.125
2 0.703125 0.16944444444444445 0.0296875 0.09722222222222222
2 0.6671875 0.15416666666666667 0.02578125 0.08055555555555556
2 0.63984375 0.14166666666666666 0.02109375 0.06805555555555555
2 0.603125 0.12916666666666668 0.01328125 0.05
2 0.6171875 0.13472222222222222 0.01640625 0.05416666666666667
2 0.59453125 0.125 0.01328125 0.04583333333333333
2 0.58515625 0.12083333333333333 0.0109375 0.043055555555555555
2 0.9453125 0.2125 0.02578125 0.0763888888888889