1 0.12421875 0.2263888888888889 0.0609375 0.1625
1 0.7859375 0.22361111111111112 0.0546875 0.1625
1 0.96953125 0.3388888888888889 0.0609375 0.2777777777777778
1 0.21640625 0.18611111111111112 0.04296875 0.11944444444444445
1 0.703125 0.18888888888888888 0.040625 0.11944444444444445
1 0.659375 0.16527777777777777 0.0296875 0.09722222222222222
1 0.25703125 0.16944444444444445 0.03203125 0.09861111111111111
1 0.3046875 0.14583333333333334 0.01875 0.07916666666666666
1 0.55859375 0.12361111111111112 0.0125 0.05
1 0.32578125 0.1375 0.01640625 0.06944444444444445
1 0.4921875 0.12222222222222222 0.0125 0.05138888888888889
1 0.59921875 0.12777777777777777 0.0125 0.05694444444444444
1 0.45859375 0.11944444444444445 0.0125 0.05416666666666667
1 0.428125 0.12222222222222222 0.0125 0.05138888888888889
1 0.3953125 0.12083333333333333 0.01328125 0.05277777777777778
1 0.52578125 0.12222222222222222 0.0125 0.05138888888888889
1 0.34375 0.12916666666666668 0.01484375 0.06111111111111111
1 0.36015625 0.12083333333333333 0.01328125 0.05416666666666667
1 0.63046875 0.15 0.01796875 0.0763888888888889