0 0.85234375 0.1625 0.06953125 0.19583333333333333
0 0.72890625 0.10277777777777777 0.04375 0.12916666666666668
0 0.67734375 0.07916666666666666 0.03046875 0.10138888888888889
0 0.63125 0.058333333333333334 0.02109375 0.08194444444444444
0 0.57578125 0.027777777777777776 0.01328125 0.04861111111111111
0 0.60859375 0.041666666666666664 0.015625 0.06527777777777778
0 0.590625 0.03333333333333333 0.0140625 0.05694444444444444
0 0.73125 0.06111111111111111 0.01640625 0.04583333333333333
2 0.07578125 0.1486111111111111 0.07109375 0.18333333333333332
2 0.2 0.09722222222222222 0.04296875 0.125
2 0.24921875 0.07777777777777778 0.034375 0.10138888888888889
2 0.31015625 0.05 0.021875 0.07361111111111111
2 0.28515625 0.059722222222222225 0.025 0.08888888888888889
2 0.33125 0.04027777777777778 0.01875 0.06111111111111111
2 0.346875 0.03194444444444444 0.01640625 0.059722222222222225
2 0.35859375 0.02638888888888889 0.01484375 0.05277777777777778