0 0.81953125 0.5236111111111111 0.125 0.23472222222222222
0 0.65546875 0.42777777777777776 0.06796875 0.14305555555555555
0 0.58359375 0.375 0.03515625 0.08888888888888889
0 0.559375 0.35833333333333334 0.02578125 0.07083333333333333
0 0.540625 0.34305555555555556 0.01875 0.05694444444444444
0 0.52578125 0.3388888888888889 0.0171875 0.03888888888888889
2 0.03203125 0.3861111111111111 0.059375 0.11388888888888889
2 0.1265625 0.3638888888888889 0.0453125 0.09166666666666666
2 0.1875 0.35138888888888886 0.034375 0.07361111111111111
2 0.271875 0.3347222222222222 0.02109375 0.041666666666666664
2 0.296875 0.3263888888888889 0.01796875 0.041666666666666664
2 0.2375 0.3402777777777778 0.0265625 0.05277777777777778
2 0.315625 0.32222222222222224 0.015625 0.034722222222222224
2 0.3640625 0.3125 0.01328125 0.02638888888888889
2 0.3328125 0.32222222222222224 0.01484375 0.02638888888888889