0 0.04453125 0.3402777777777778 0.08828125 0.24722222222222223
0 0.221875 0.2375 0.04765625 0.14305555555555555
0 0.2796875 0.20555555555555555 0.04296875 0.1125
0 0.32265625 0.18194444444444444 0.02890625 0.08888888888888889
0 0.353125 0.16805555555555557 0.0203125 0.06805555555555555
0 0.37421875 0.15833333333333333 0.015625 0.05555555555555555
0 0.4 0.14166666666666666 0.01171875 0.04722222222222222
2 0.834375 0.2388888888888889 0.05703125 0.1527777777777778
2 0.696875 0.18194444444444444 0.03046875 0.09583333333333334
2 0.6609375 0.16944444444444445 0.02421875 0.0763888888888889
2 0.7671875 0.21388888888888888 0.046875 0.125
2 0.63125 0.15833333333333333 0.01953125 0.0625
2 0.59375 0.14027777777777778 0.0140625 0.05
2 0.58046875 0.1361111111111111 0.0125 0.04583333333333333
2 0.6046875 0.1486111111111111 0.01484375 0.05
2 0.56875 0.1361111111111111 0.01171875 0.03611111111111111