2 0.96875 0.3888888888888889 0.0625 0.18333333333333332
2 0.83515625 0.34305555555555556 0.06953125 0.13333333333333333
2 0.7359375 0.30277777777777776 0.04296875 0.09166666666666666
2 0.68125 0.2861111111111111 0.03203125 0.07222222222222222
2 0.64609375 0.275 0.02578125 0.059722222222222225
2 0.61875 0.2638888888888889 0.0203125 0.058333333333333334
2 0.60234375 0.26666666666666666 0.0125 0.03333333333333333
2 0.99296875 0.32916666666666666 0.0140625 0.06388888888888888
2 0.840625 0.3013888888888889 0.01953125 0.05
0 0.03125 0.42083333333333334 0.0625 0.19722222222222222
0 0.1578125 0.3541666666666667 0.06796875 0.13194444444444445
0 0.25703125 0.3111111111111111 0.03828125 0.09166666666666666