0 0.10859375 0.5472222222222223 0.1625 0.2986111111111111
0 0.06875 0.35694444444444445 0.0515625 0.11388888888888889
0 0.00859375 0.3472222222222222 0.0171875 0.10555555555555556
0 0.18515625 0.4513888888888889 0.09375 0.20555555555555555
0 0.121875 0.36666666666666664 0.0375 0.12361111111111112
0 0.1484375 0.38472222222222224 0.0375 0.14166666666666666
0 0.1765625 0.3611111111111111 0.0265625 0.06805555555555555
2 0.88984375 0.3527777777777778 0.06875 0.11944444444444445
2 0.778125 0.3375 0.05859375 0.10416666666666667
2 0.4828125 0.3138888888888889 0.0375 0.0763888888888889
2 0.675 0.3263888888888889 0.0484375 0.08888888888888889
2 0.58828125 0.32083333333333336 0.04296875 0.08194444444444444
2 0.38125 0.30972222222222223 0.0375 0.07083333333333333
2 0.3046875 0.30694444444444446 0.03203125 0.06805555555555555
2 0.23203125 0.30694444444444446 0.03359375 0.06527777777777778
2 0.04453125 0.3055555555555556 0.03125 0.06388888888888888
2 0.16796875 0.30277777777777776 0.02109375 0.06111111111111111
2 0.10703125 0.30416666666666664 0.02109375 0.0625