0 0.78359375 0.4722222222222222 0.115625 0.2222222222222222
0 0.684375 0.3888888888888889 0.065625 0.1375
0 0.62421875 0.3416666666666667 0.03828125 0.09166666666666666
0 0.5953125 0.325 0.02421875 0.06944444444444445
2 0.1296875 0.33611111111111114 0.0484375 0.09166666666666666
2 0.21328125 0.3194444444444444 0.034375 0.07222222222222222
2 0.26484375 0.3111111111111111 0.02578125 0.05
2 0.30234375 0.2986111111111111 0.021875 0.05138888888888889
2 0.38125 0.2777777777777778 0.01484375 0.03611111111111111
2 0.3484375 0.2861111111111111 0.01328125 0.043055555555555555
2 0.32890625 0.2875 0.01640625 0.05416666666666667
2 0.365625 0.2833333333333333 0.01328125 0.0375