2 0.6546875 0.3472222222222222 0.02890625 0.059722222222222225
2 0.98203125 0.5138888888888888 0.034375 0.07083333333333333
2 0.7421875 0.3527777777777778 0.03125 0.06527777777777778
2 0.85234375 0.3861111111111111 0.04296875 0.10972222222222222
2 0.884375 0.4013888888888889 0.046875 0.11527777777777778
2 0.78203125 0.35555555555555557 0.034375 0.06944444444444445
2 0.52421875 0.3388888888888889 0.0234375 0.04861111111111111
2 0.81328125 0.3638888888888889 0.03046875 0.07916666666666666
2 0.8921875 0.3638888888888889 0.01953125 0.04027777777777778
2 0.83203125 0.37222222222222223 0.03203125 0.08472222222222223
2 0.92265625 0.425 0.071875 0.1375
0 0.10546875 0.4875 0.1140625 0.19444444444444445
0 0.209375 0.4486111111111111 0.08671875 0.15555555555555556
0 0.3828125 0.3875 0.0421875 0.09583333333333334
0 0.33203125 0.41944444444444445 0.0625 0.09722222222222222