2 0.85234375 0.44722222222222224 0.09453125 0.16944444444444445
2 0.63203125 0.39861111111111114 0.0609375 0.11527777777777778
2 0.72578125 0.41944444444444445 0.07265625 0.1375
2 0.30078125 0.3680555555555556 0.0453125 0.07777777777777778
2 0.2296875 0.3638888888888889 0.0390625 0.07361111111111111
2 0.08515625 0.3597222222222222 0.03671875 0.06944444444444445
2 0.1515625 0.3625 0.040625 0.06805555555555555
2 0.38046875 0.37222222222222223 0.04765625 0.08194444444444444
2 0.49453125 0.38055555555555554 0.05 0.09444444444444444
2 0.546875 0.3875 0.05234375 0.10138888888888889
2 0.434375 0.3763888888888889 0.0453125 0.0875