0 0.7828125 0.18333333333333332 0.0515625 0.13194444444444445
0 0.8375 0.19722222222222222 0.04765625 0.1361111111111111
0 0.96796875 0.25972222222222224 0.0640625 0.18888888888888888
0 0.9359375 0.23472222222222222 0.05625 0.16666666666666666
0 0.8875 0.21666666666666667 0.05859375 0.15138888888888888
2 0.0125 0.32083333333333336 0.02421875 0.2875
2 0.1296875 0.2847222222222222 0.08203125 0.20416666666666666
2 0.2328125 0.25 0.05703125 0.18611111111111112
2 0.27265625 0.2152777777777778 0.04140625 0.16666666666666666
2 0.3046875 0.19027777777777777 0.03828125 0.15555555555555556
2 0.275 0.17083333333333334 0.01875 0.075