0 0.11953125 0.5444444444444444 0.15078125 0.2708333333333333
0 0.2953125 0.4083333333333333 0.065625 0.13333333333333333
0 0.353125 0.3638888888888889 0.04296875 0.09166666666666666
0 0.38671875 0.3402777777777778 0.02890625 0.07222222222222222
0 0.4046875 0.3263888888888889 0.0171875 0.058333333333333334
2 0.8875 0.3527777777777778 0.0453125 0.09166666666666666
2 0.79609375 0.3347222222222222 0.03671875 0.07361111111111111
2 0.73359375 0.32222222222222224 0.0296875 0.059722222222222225
2 0.66171875 0.30972222222222223 0.0171875 0.043055555555555555
2 0.64140625 0.30416666666666664 0.015625 0.03888888888888889
2 0.6890625 0.3138888888888889 0.01953125 0.04861111111111111
2 0.625 0.3013888888888889 0.0125 0.03194444444444444
2 0.61328125 0.3 0.0125 0.03194444444444444