2 0.97265625 0.40555555555555556 0.0546875 0.16944444444444445
2 0.8265625 0.3486111111111111 0.05546875 0.10972222222222222
2 0.746875 0.32222222222222224 0.03828125 0.07777777777777778
2 0.70859375 0.3111111111111111 0.03046875 0.06527777777777778
2 0.678125 0.3013888888888889 0.025 0.05277777777777778
2 0.6546875 0.29444444444444445 0.0203125 0.04583333333333333
2 0.6359375 0.2916666666666667 0.01875 0.03333333333333333
2 0.590625 0.275 0.0140625 0.03611111111111111
2 0.5390625 0.2722222222222222 0.01328125 0.030555555555555555
2 0.55546875 0.27361111111111114 0.01328125 0.03194444444444444
2 0.62421875 0.2847222222222222 0.0140625 0.03333333333333333
2 0.525 0.2708333333333333 0.01171875 0.030555555555555555
2 0.56796875 0.275 0.0125 0.030555555555555555
2 0.61171875 0.28055555555555556 0.01328125 0.034722222222222224
0 0.046875 0.41944444444444445 0.09375 0.16666666666666666
0 0.27578125 0.33055555555555555 0.03984375 0.08333333333333333
0 0.18984375 0.3625 0.0578125 0.1125
0 0.325 0.31527777777777777 0.02890625 0.06527777777777778
0 0.37109375 0.30833333333333335 0.0171875 0.034722222222222224
0 0.41015625 0.2833333333333333 0.01640625 0.030555555555555555
0 0.353125 0.3138888888888889 0.01796875 0.03888888888888889
0 0.3890625 0.2972222222222222 0.0140625 0.03333333333333333
0 0.3265625 0.3263888888888889 0.021875 0.04027777777777778