2 0.73515625 0.5333333333333333 0.1296875 0.2513888888888889
2 0.59140625 0.4777777777777778 0.09765625 0.19305555555555556
2 0.93046875 0.6569444444444444 0.13828125 0.3611111111111111
2 0.22734375 0.3875 0.04921875 0.09583333333333334
2 0.27421875 0.39305555555555555 0.05078125 0.10277777777777777
2 0.48671875 0.44166666666666665 0.078125 0.15416666666666667
2 0.1734375 0.38055555555555554 0.0484375 0.09305555555555556
2 0.409375 0.425 0.06796875 0.13194444444444445
2 0.06640625 0.37083333333333335 0.03828125 0.07916666666666666
2 0.13671875 0.37777777777777777 0.0421875 0.08888888888888889
2 0.3140625 0.4013888888888889 0.053125 0.1111111111111111
2 0.3578125 0.4097222222222222 0.059375 0.12083333333333333
2 0.01640625 0.36944444444444446 0.03203125 0.0763888888888889
2 0.0984375 0.375 0.0453125 0.08333333333333333