0 0.2875 0.4527777777777778 0.0765625 0.1597222222222222
0 0.0765625 0.7125 0.15234375 0.4097222222222222
0 0.37578125 0.4013888888888889 0.046875 0.10833333333333334
0 0.41953125 0.36666666666666664 0.02890625 0.075
0 0.465625 0.33194444444444443 0.025 0.044444444444444446
2 0.96015625 0.3902777777777778 0.0625 0.1125
2 0.8671875 0.37083333333333335 0.04453125 0.09027777777777778
2 0.7984375 0.35555555555555557 0.03671875 0.075
2 0.7515625 0.3486111111111111 0.02890625 0.06388888888888888
2 0.71171875 0.3402777777777778 0.021875 0.04722222222222222
2 0.6625 0.3277777777777778 0.0140625 0.03888888888888889
2 0.6828125 0.3375 0.01796875 0.034722222222222224
2 0.64453125 0.3236111111111111 0.0140625 0.034722222222222224
2 0.6046875 0.31527777777777777 0.01328125 0.027777777777777776
2 0.6296875 0.32222222222222224 0.01328125 0.03194444444444444
2 0.62109375 0.32083333333333336 0.01171875 0.029166666666666667