0 0.0875 0.6305555555555555 0.17265625 0.3402777777777778
0 0.29609375 0.4486111111111111 0.07890625 0.15694444444444444
0 0.37890625 0.3875 0.04375 0.1
0 0.41953125 0.36666666666666664 0.03046875 0.07083333333333333
2 0.8640625 0.3597222222222222 0.040625 0.07916666666666666
2 0.9546875 0.37916666666666665 0.0578125 0.09861111111111111
2 0.79765625 0.3458333333333333 0.03046875 0.06527777777777778
2 0.55703125 0.3111111111111111 0.0125 0.029166666666666667
2 0.753125 0.3375 0.0265625 0.05416666666666667
2 0.67578125 0.32083333333333336 0.01640625 0.0375
2 0.575 0.3138888888888889 0.01171875 0.030555555555555555
2 0.621875 0.31666666666666665 0.0140625 0.03194444444444444
2 0.65 0.31805555555555554 0.01796875 0.034722222222222224
2 0.590625 0.3138888888888889 0.0140625 0.03194444444444444
2 0.60703125 0.31527777777777777 0.0140625 0.03194444444444444
2 0.71796875 0.33055555555555555 0.0203125 0.04583333333333333