0 0.765625 0.5527777777777778 0.1640625 0.30694444444444446
0 0.64140625 0.48055555555555557 0.11796875 0.23055555555555557
0 0.5546875 0.425 0.08203125 0.1763888888888889
0 0.4625 0.3888888888888889 0.06484375 0.14166666666666666
0 0.396875 0.3597222222222222 0.05625 0.11527777777777778
0 0.36171875 0.3458333333333333 0.04140625 0.10138888888888889
0 0.31171875 0.33055555555555555 0.04375 0.08611111111111111
0 0.4453125 0.2972222222222222 0.01640625 0.04583333333333333
0 0.33984375 0.3125 0.02109375 0.05138888888888889
0 0.28671875 0.31805555555555554 0.0265625 0.07361111111111111
0 0.3734375 0.30277777777777776 0.01875 0.05694444444444444
2 0.20390625 0.2861111111111111 0.01796875 0.04722222222222222
2 0.0609375 0.29444444444444445 0.0234375 0.05694444444444444
2 0.42734375 0.27361111111111114 0.01328125 0.03194444444444444
2 0.384375 0.2763888888888889 0.0125 0.034722222222222224
2 0.4625 0.27361111111111114 0.01171875 0.030555555555555555
2 0.28359375 0.28194444444444444 0.0125 0.041666666666666664
2 0.34296875 0.2777777777777778 0.0125 0.034722222222222224