0 0.2296875 0.25277777777777777 0.05703125 0.15694444444444444
0 0.29921875 0.2111111111111111 0.03671875 0.11527777777777778
0 0.34609375 0.18472222222222223 0.02890625 0.09305555555555556
0 0.38671875 0.16527777777777777 0.01953125 0.06666666666666667
0 0.4078125 0.15416666666666667 0.01328125 0.05416666666666667
0 0.42890625 0.14583333333333334 0.01171875 0.04027777777777778
0 0.41953125 0.14722222222222223 0.01328125 0.05138888888888889
2 0.87578125 0.25 0.06015625 0.15694444444444444
2 0.7375 0.19305555555555556 0.03515625 0.1
2 0.6953125 0.17083333333333334 0.025 0.07916666666666666
2 0.6578125 0.15555555555555556 0.01796875 0.059722222222222225
2 0.6359375 0.1486111111111111 0.01640625 0.04861111111111111
2 0.62421875 0.1486111111111111 0.01328125 0.0375