2 0.86875 0.5 0.109375 0.24166666666666667
2 0.7140625 0.4041666666666667 0.0671875 0.14166666666666666
2 0.65 0.3597222222222222 0.0421875 0.09305555555555556
2 0.615625 0.3402777777777778 0.028125 0.06388888888888888
2 0.58125 0.31666666666666665 0.0171875 0.05
2 0.59453125 0.3277777777777778 0.021875 0.05416666666666667
0 0.10078125 0.36666666666666664 0.05234375 0.09444444444444444
0 0.19921875 0.34305555555555556 0.034375 0.07361111111111111
0 0.26328125 0.33194444444444443 0.02734375 0.05694444444444444
0 0.2984375 0.3236111111111111 0.01796875 0.04722222222222222
0 0.33125 0.3138888888888889 0.01640625 0.043055555555555555
0 0.35546875 0.3111111111111111 0.01328125 0.034722222222222224
0 0.37109375 0.30694444444444446 0.01484375 0.03333333333333333