0 0.26328125 0.5611111111111111 0.11953125 0.2513888888888889
0 0.359375 0.46111111111111114 0.06796875 0.1527777777777778
0 0.403125 0.4222222222222222 0.05 0.11527777777777778
0 0.4390625 0.3902777777777778 0.0328125 0.08472222222222223
0 0.4546875 0.37222222222222223 0.021875 0.06944444444444445
0 0.1078125 0.32083333333333336 0.01328125 0.05138888888888889
0 0.0640625 0.3416666666666667 0.01328125 0.019444444444444445
0 0.00703125 0.3375 0.01328125 0.041666666666666664
0 0.47734375 0.35555555555555557 0.0171875 0.05277777777777778
2 0.82109375 0.37222222222222223 0.0359375 0.06944444444444445
2 0.91953125 0.39166666666666666 0.05 0.09583333333333334
2 0.7578125 0.35694444444444445 0.0265625 0.05416666666666667
2 0.71328125 0.3472222222222222 0.01953125 0.044444444444444446
2 0.07265625 0.3263888888888889 0.0109375 0.02361111111111111
2 0.0390625 0.32916666666666666 0.01328125 0.025
2 0.68671875 0.3416666666666667 0.01796875 0.04027777777777778
2 0.6578125 0.3375 0.01328125 0.02638888888888889
2 0.67421875 0.3416666666666667 0.01328125 0.02638888888888889