2 0.1734375 0.3277777777777778 0.0234375 0.05416666666666667
2 0.1 0.3347222222222222 0.03359375 0.0625
2 0.29140625 0.32083333333333336 0.01875 0.044444444444444446
2 0.35703125 0.31527777777777777 0.015625 0.04027777777777778
2 0.01953125 0.6 0.0390625 0.15555555555555556
2 0.06328125 0.3375 0.02734375 0.06527777777777778
2 0.4046875 0.3125 0.0140625 0.03611111111111111
2 0.43828125 0.3111111111111111 0.0140625 0.03333333333333333
2 0.03125 0.4986111111111111 0.06171875 0.12361111111111112
2 0.0359375 0.3333333333333333 0.02421875 0.05138888888888889
2 0.02421875 0.4263888888888889 0.0484375 0.10972222222222222
2 0.503125 0.30416666666666664 0.01171875 0.029166666666666667
2 0.53203125 0.30277777777777776 0.0109375 0.02638888888888889
2 0.47421875 0.30416666666666664 0.01015625 0.02638888888888889
2 0.02421875 0.4527777777777778 0.0484375 0.05555555555555555
0 0.8 0.4263888888888889 0.08203125 0.14583333333333334
0 0.66484375 0.3972222222222222 0.0625 0.11944444444444445
0 0.96796875 0.46805555555555556 0.06328125 0.18611111111111112
0 0.5984375 0.38472222222222224 0.05390625 0.10138888888888889
0 0.453125 0.3527777777777778 0.02734375 0.07361111111111111
0 0.503125 0.3680555555555556 0.0453125 0.08611111111111111
0 0.54453125 0.32916666666666666 0.0171875 0.04722222222222222
0 0.58046875 0.31805555555555554 0.01484375 0.05138888888888889
0 0.47265625 0.3416666666666667 0.01796875 0.05694444444444444
0 0.625 0.31666666666666665 0.01171875 0.029166666666666667
0 0.6046875 0.3194444444444444 0.0140625 0.034722222222222224
0 0.4953125 0.33611111111111114 0.0203125 0.058333333333333334