0 0.19140625 0.41805555555555557 0.13984375 0.34444444444444444
0 0.36953125 0.3125 0.0875 0.23472222222222222
0 0.47265625 0.25 0.06015625 0.16944444444444445
0 0.5328125 0.2152777777777778 0.0421875 0.1388888888888889
0 0.56953125 0.19166666666666668 0.03125 0.12083333333333333
0 0.61015625 0.17222222222222222 0.0296875 0.1
2 0.9640625 0.2263888888888889 0.0578125 0.16111111111111112
2 0.93046875 0.1986111111111111 0.04453125 0.13333333333333333
2 0.90390625 0.1763888888888889 0.03515625 0.10694444444444444
1 0.884375 0.1625 0.02578125 0.07916666666666666
1 0.6359375 0.15416666666666667 0.01953125 0.08055555555555556
1 0.65546875 0.14583333333333334 0.01484375 0.06111111111111111