2 0.303125 0.5430555555555555 0.12421875 0.2361111111111111
2 0.45 0.4847222222222222 0.0828125 0.1736111111111111
2 0.659375 0.4222222222222222 0.05625 0.10833333333333334
2 0.7921875 0.4083333333333333 0.04921875 0.09305555555555556
2 0.73125 0.41388888888888886 0.04375 0.10138888888888889
2 0.87265625 0.4013888888888889 0.0421875 0.08888888888888889
2 0.5484375 0.4527777777777778 0.06015625 0.1388888888888889
2 0.9171875 0.4 0.04765625 0.08472222222222223
2 0.97890625 0.39861111111111114 0.0421875 0.0763888888888889
2 0.60390625 0.43333333333333335 0.059375 0.11805555555555555
2 0.0234375 0.7777777777777778 0.046875 0.22916666666666666