0 0.25390625 0.4708333333333333 0.1125 0.21805555555555556
0 0.35078125 0.3888888888888889 0.0640625 0.13472222222222222
0 0.409375 0.3416666666666667 0.03671875 0.08888888888888889
0 0.4375 0.325 0.0234375 0.06805555555555555
2 0.89296875 0.33611111111111114 0.04765625 0.09027777777777778
2 0.8109375 0.3194444444444444 0.03359375 0.07083333333333333
2 0.72421875 0.3 0.02109375 0.05
2 0.646875 0.2791666666666667 0.0140625 0.034722222222222224
2 0.67890625 0.2875 0.01328125 0.044444444444444446
2 0.69765625 0.28888888888888886 0.01640625 0.05416666666666667
2 0.7609375 0.30972222222222223 0.025 0.05694444444444444
2 0.6625 0.2861111111111111 0.01328125 0.0375