2 0.94140625 0.41388888888888886 0.08515625 0.15
2 0.74140625 0.3486111111111111 0.03828125 0.07916666666666666
2 0.69765625 0.33611111111111114 0.0296875 0.06388888888888888
2 0.5109375 0.3125 0.01640625 0.043055555555555555
2 0.4828125 0.30972222222222223 0.01640625 0.03888888888888889
2 0.43828125 0.3055555555555556 0.015625 0.0375
2 0.80234375 0.3680555555555556 0.05078125 0.10277777777777777
2 0.58203125 0.3194444444444444 0.01875 0.05
2 0.53671875 0.3138888888888889 0.0171875 0.044444444444444446
2 0.6046875 0.3236111111111111 0.02109375 0.04861111111111111
2 0.5578125 0.31527777777777777 0.01875 0.04722222222222222
2 0.38671875 0.30277777777777776 0.01328125 0.034722222222222224
2 0.6515625 0.325 0.02578125 0.0625
2 0.4125 0.30416666666666664 0.01171875 0.034722222222222224
0 0.05546875 0.44027777777777777 0.09453125 0.1625
0 0.21875 0.38055555555555554 0.05546875 0.10416666666666667
0 0.290625 0.3625 0.03515625 0.05694444444444444
0 0.3390625 0.33194444444444443 0.02265625 0.0625
0 0.32265625 0.35 0.02421875 0.04583333333333333