2 0.8234375 0.38333333333333336 0.05625 0.10555555555555556
2 0.75546875 0.3625 0.0375 0.07916666666666666
2 0.98203125 0.49444444444444446 0.0359375 0.07777777777777778
2 0.70703125 0.3486111111111111 0.03046875 0.06111111111111111
2 0.67265625 0.3388888888888889 0.02421875 0.05
2 0.64765625 0.3333333333333333 0.01875 0.0375
2 0.59453125 0.31527777777777777 0.01328125 0.034722222222222224
2 0.55625 0.3125 0.0140625 0.03194444444444444
2 0.6328125 0.3277777777777778 0.01640625 0.030555555555555555
2 0.56953125 0.3138888888888889 0.01328125 0.029166666666666667
2 0.6171875 0.31805555555555554 0.015625 0.0375
0 0.2015625 0.3958333333333333 0.05625 0.10833333333333334
0 0.2875 0.3680555555555556 0.04140625 0.08194444444444444
0 0.0265625 0.49722222222222223 0.053125 0.13333333333333333
0 0.3296875 0.35555555555555557 0.03125 0.06388888888888888
0 0.35625 0.3458333333333333 0.0234375 0.05
0 0.38046875 0.3416666666666667 0.01640625 0.029166666666666667