0 0.20703125 0.5083333333333333 0.11171875 0.21666666666666667
0 0.303125 0.42777777777777776 0.0640625 0.13472222222222222
0 0.36171875 0.38055555555555554 0.03671875 0.08888888888888889
0 0.38984375 0.36527777777777776 0.0234375 0.06805555555555555
2 0.98046875 0.4222222222222222 0.03828125 0.11666666666666667
2 0.84140625 0.3763888888888889 0.046875 0.08888888888888889
2 0.76015625 0.35833333333333334 0.0328125 0.07083333333333333
2 0.67421875 0.3388888888888889 0.0203125 0.05
2 0.59765625 0.3194444444444444 0.0140625 0.034722222222222224
2 0.6296875 0.3263888888888889 0.01328125 0.044444444444444446
2 0.64765625 0.32916666666666666 0.01640625 0.05416666666666667
2 0.7109375 0.3486111111111111 0.025 0.05694444444444444
2 0.6125 0.325 0.01328125 0.0375