1 0.871875 0.24861111111111112 0.0640625 0.16527777777777777
1 0.1703125 0.25 0.0640625 0.175
1 0.26796875 0.1986111111111111 0.03515625 0.125
1 0.75703125 0.19305555555555556 0.03828125 0.12083333333333333
1 0.31953125 0.17222222222222222 0.02421875 0.09166666666666666
1 0.359375 0.15694444444444444 0.01953125 0.07222222222222222
1 0.70703125 0.1736111111111111 0.02578125 0.09305555555555556
1 0.64375 0.14583333333333334 0.01484375 0.06111111111111111
1 0.66640625 0.15555555555555556 0.01953125 0.0763888888888889
1 0.38671875 0.14305555555555555 0.01484375 0.059722222222222225
1 0.40390625 0.13472222222222222 0.01328125 0.05138888888888889
1 0.6234375 0.1375 0.01640625 0.05416666666666667