1 0.93515625 0.20416666666666666 0.0703125 0.18055555555555555
1 0.16953125 0.20555555555555555 0.0703125 0.19166666666666668
1 0.27578125 0.15 0.0390625 0.1361111111111111
1 0.81015625 0.14444444444444443 0.0421875 0.13194444444444445
1 0.33203125 0.12222222222222222 0.02578125 0.1
1 0.375 0.10555555555555556 0.02109375 0.07916666666666666
1 0.75546875 0.12361111111111112 0.028125 0.10138888888888889
1 0.6859375 0.09166666666666666 0.01640625 0.06666666666666667
1 0.7109375 0.10277777777777777 0.021875 0.08333333333333333
1 0.4046875 0.08888888888888889 0.015625 0.06527777777777778
1 0.42421875 0.08055555555555556 0.0140625 0.05694444444444444
1 0.66328125 0.08333333333333333 0.01796875 0.058333333333333334