1 0.98671875 0.2 0.0265625 0.21666666666666667
1 0.14140625 0.20555555555555555 0.08359375 0.2152777777777778
1 0.84375 0.12777777777777777 0.04609375 0.1388888888888889
1 0.32421875 0.10694444444444444 0.034375 0.11388888888888889
1 0.26640625 0.13472222222222222 0.0453125 0.14583333333333334
1 0.8015625 0.10833333333333334 0.0390625 0.11666666666666667
1 0.74453125 0.08333333333333333 0.02734375 0.09305555555555556
1 0.68046875 0.059722222222222225 0.01484375 0.075
1 0.703125 0.06666666666666667 0.0203125 0.0763888888888889
1 0.3640625 0.09027777777777778 0.0265625 0.09027777777777778
1 0.3984375 0.06805555555555555 0.01796875 0.0763888888888889
1 0.42109375 0.06111111111111111 0.015625 0.059722222222222225