0 0.92890625 0.28194444444444444 0.071875 0.2125
0 0.78046875 0.20694444444444443 0.0453125 0.14027777777777778
0 0.7203125 0.17916666666666667 0.02890625 0.10694444444444444
0 0.671875 0.15694444444444444 0.02109375 0.08611111111111111
0 0.63046875 0.13194444444444445 0.01328125 0.058333333333333334
0 0.6484375 0.14027777777777778 0.015625 0.06805555555555555
0 0.60078125 0.11944444444444445 0.01015625 0.04722222222222222
0 0.61484375 0.12638888888888888 0.0109375 0.04583333333333333
2 0.08046875 0.2638888888888889 0.08203125 0.20277777777777778
2 0.2296875 0.2 0.04453125 0.13333333333333333
2 0.28359375 0.17777777777777778 0.0359375 0.10833333333333334
2 0.32265625 0.15833333333333333 0.0265625 0.09444444444444444
2 0.35 0.14722222222222223 0.02109375 0.0763888888888889
2 0.38828125 0.13055555555555556 0.01640625 0.059722222222222225
2 0.40078125 0.12361111111111112 0.0140625 0.05277777777777778
2 0.371875 0.1375 0.0171875 0.06388888888888888
2 0.41328125 0.11666666666666667 0.0140625 0.04861111111111111