1 0.15234375 0.23055555555555557 0.0578125 0.17222222222222222
1 0.8421875 0.22361111111111112 0.06015625 0.1625
1 0.23203125 0.19027777777777777 0.0421875 0.13333333333333333
1 0.71015625 0.1638888888888889 0.03046875 0.10416666666666667
1 0.78359375 0.19583333333333333 0.05 0.13333333333333333
1 0.659375 0.14305555555555555 0.02109375 0.08472222222222223
1 0.325 0.14583333333333334 0.0234375 0.08888888888888889
1 0.61640625 0.12083333333333333 0.0140625 0.058333333333333334
1 0.63359375 0.13194444444444445 0.01640625 0.06944444444444445
1 0.35234375 0.1361111111111111 0.01796875 0.08055555555555556
1 0.37109375 0.125 0.01484375 0.05694444444444444
1 0.28359375 0.16944444444444445 0.0296875 0.1