0 0.16171875 0.4236111111111111 0.071875 0.12916666666666668
0 0.0515625 0.4888888888888889 0.0828125 0.19444444444444445
0 0.44921875 0.37222222222222223 0.0421875 0.07916666666666666
0 0.553125 0.3625 0.034375 0.07083333333333333
0 0.034375 0.6486111111111111 0.06875 0.2375
0 0.7125 0.3416666666666667 0.02578125 0.06805555555555555
0 0.634375 0.3458333333333333 0.03203125 0.08055555555555556
0 0.82109375 0.3333333333333333 0.01953125 0.05138888888888889
0 0.87734375 0.33194444444444443 0.0203125 0.03888888888888889
0 0.771875 0.3333333333333333 0.021875 0.06527777777777778
0 0.23671875 0.4013888888888889 0.059375 0.10694444444444444
0 0.91875 0.3263888888888889 0.0203125 0.03888888888888889
0 0.29921875 0.32916666666666666 0.0140625 0.03194444444444444
0 0.34375 0.3263888888888889 0.01328125 0.029166666666666667
0 0.0578125 0.3458333333333333 0.02109375 0.043055555555555555
0 0.09140625 0.3416666666666667 0.0203125 0.041666666666666664
0 0.13828125 0.3375 0.01796875 0.041666666666666664
0 0.175 0.3333333333333333 0.01796875 0.043055555555555555
0 0.26328125 0.32916666666666666 0.015625 0.0375
0 0.01171875 0.3486111111111111 0.02109375 0.043055555555555555
0 0.21953125 0.33055555555555555 0.01640625 0.04027777777777778
2 0.8734375 0.41388888888888886 0.0859375 0.13472222222222222
2 0.97109375 0.37916666666666665 0.0546875 0.14027777777777778