2 0.97265625 0.5027777777777778 0.0546875 0.2611111111111111
2 0.9046875 0.2875 0.015625 0.043055555555555555
2 0.86796875 0.2875 0.0171875 0.041666666666666664
2 0.60625 0.2847222222222222 0.0125 0.030555555555555555
2 0.671875 0.2847222222222222 0.01328125 0.03333333333333333
2 0.78671875 0.2847222222222222 0.0125 0.03611111111111111
2 0.63671875 0.2833333333333333 0.01171875 0.03611111111111111
2 0.94453125 0.2902777777777778 0.0203125 0.04722222222222222
2 0.8296875 0.2861111111111111 0.0140625 0.04027777777777778
2 0.7375 0.2875 0.0125 0.029166666666666667
2 0.9921875 0.2902777777777778 0.015625 0.09722222222222222
0 0.3890625 0.3763888888888889 0.05703125 0.12222222222222222
0 0.178125 0.39861111111111114 0.07421875 0.14305555555555555
0 0.646875 0.3472222222222222 0.05 0.09305555555555556
0 0.01640625 0.42083333333333334 0.03203125 0.16666666666666666
0 0.52421875 0.35555555555555557 0.0578125 0.11944444444444445
0 0.74609375 0.33055555555555555 0.0453125 0.09027777777777778
0 0.76875 0.3 0.01875 0.05416666666666667
0 0.7046875 0.2972222222222222 0.01953125 0.04722222222222222
0 0.79921875 0.32222222222222224 0.0296875 0.08333333333333333
0 0.81953125 0.31527777777777777 0.02734375 0.075