0 0.9390625 0.2708333333333333 0.08046875 0.20694444444444443
0 0.80390625 0.20277777777777778 0.04375 0.14444444444444443
0 0.73671875 0.17222222222222222 0.0265625 0.10833333333333334
0 0.6890625 0.15 0.01953125 0.08194444444444444
0 0.66484375 0.1361111111111111 0.0171875 0.07083333333333333
0 0.6390625 0.12638888888888888 0.01484375 0.06111111111111111
2 0.09609375 0.25555555555555554 0.07734375 0.20277777777777778
2 0.21953125 0.2013888888888889 0.05078125 0.14305555555555555
2 0.29375 0.16805555555555557 0.03203125 0.10833333333333334
2 0.36875 0.1388888888888889 0.01875 0.07083333333333333
2 0.3453125 0.14722222222222223 0.02265625 0.08194444444444444
2 0.4 0.12361111111111112 0.01484375 0.05555555555555555
2 0.3859375 0.12916666666666668 0.01640625 0.0625