2 0.1328125 0.3388888888888889 0.0125 0.03194444444444444
2 0.1953125 0.33611111111111114 0.0109375 0.030555555555555555
2 0.2984375 0.3277777777777778 0.01015625 0.02361111111111111
2 0.35390625 0.3236111111111111 0.009375 0.018055555555555554
2 0.253125 0.3277777777777778 0.00859375 0.018055555555555554
0 0.33515625 0.4361111111111111 0.071875 0.12916666666666668
0 0.10234375 0.4847222222222222 0.10546875 0.17916666666666667
0 0.490625 0.4027777777777778 0.0484375 0.09861111111111111
0 0.58515625 0.38333333333333336 0.03046875 0.08194444444444444
0 0.64609375 0.37083333333333335 0.02421875 0.06944444444444445
0 0.71015625 0.35833333333333334 0.0203125 0.058333333333333334
0 0.75078125 0.35 0.0171875 0.04583333333333333
0 0.16328125 0.3458333333333333 0.015625 0.034722222222222224
0 0.84140625 0.3236111111111111 0.0109375 0.041666666666666664
0 0.25625 0.34305555555555556 0.01328125 0.027777777777777776
0 0.81875 0.3333333333333333 0.01328125 0.03611111111111111
0 0.0421875 0.35138888888888886 0.015625 0.03888888888888889
0 0.31015625 0.3375 0.0125 0.029166666666666667
0 0.3609375 0.3347222222222222 0.01171875 0.029166666666666667
0 0.85703125 0.33055555555555555 0.009375 0.04583333333333333
0 0.8015625 0.3402777777777778 0.0140625 0.0375
2 0.3984375 0.325 0.015625 0.03194444444444444
0 0.4171875 0.3333333333333333 0.0140625 0.030555555555555555