0 0.084375 0.2833333333333333 0.09296875 0.20972222222222223
0 0.2296875 0.22083333333333333 0.04921875 0.14027777777777778
0 0.30625 0.18472222222222223 0.0328125 0.10277777777777777
0 0.35078125 0.1625 0.01953125 0.08194444444444444
0 0.37578125 0.15138888888888888 0.01640625 0.06666666666666667
0 0.3984375 0.14027777777777778 0.0140625 0.05555555555555555
2 0.8015625 0.20972222222222223 0.05078125 0.13472222222222222
2 0.69296875 0.16111111111111112 0.028125 0.0875
2 0.6625 0.14722222222222223 0.0203125 0.07083333333333333
2 0.6375 0.1388888888888889 0.01640625 0.05694444444444444
2 0.7328125 0.17916666666666667 0.0296875 0.10416666666666667
2 0.98671875 0.40555555555555556 0.025 0.03611111111111111