0 0.12109375 0.2638888888888889 0.0703125 0.1763888888888889
0 0.28984375 0.17777777777777778 0.02578125 0.09444444444444444
0 0.2375 0.2013888888888889 0.0421875 0.10972222222222222
0 0.32421875 0.16666666666666666 0.01953125 0.07083333333333333
0 0.346875 0.15694444444444444 0.01484375 0.05694444444444444
0 0.3625 0.15 0.01328125 0.05138888888888889
0 0.384375 0.1388888888888889 0.0109375 0.0375
0 0.3765625 0.14166666666666666 0.01171875 0.04583333333333333
2 0.84140625 0.25972222222222224 0.06640625 0.17083333333333334
2 0.7203125 0.20833333333333334 0.03984375 0.11805555555555555
2 0.65234375 0.1763888888888889 0.02734375 0.0875
2 0.621875 0.1625 0.01953125 0.07222222222222222
2 0.6015625 0.15416666666666667 0.01796875 0.0625
2 0.58359375 0.1486111111111111 0.015625 0.04861111111111111
2 0.56875 0.1388888888888889 0.01171875 0.04861111111111111