2 0.028125 0.275 0.05546875 0.2375
2 0.06640625 0.2388888888888889 0.06796875 0.20416666666666666
0 0.80078125 0.22361111111111112 0.075 0.18194444444444444
0 0.91953125 0.2861111111111111 0.096875 0.24166666666666667
0 0.975 0.33194444444444443 0.04921875 0.28888888888888886
0 0.8640625 0.24861111111111112 0.07578125 0.20555555555555555
0 0.6703125 0.18333333333333332 0.05703125 0.15138888888888888
0 0.203125 0.13333333333333333 0.0359375 0.09444444444444444
0 0.7359375 0.2 0.06328125 0.15833333333333333
0 0.5859375 0.16666666666666666 0.04140625 0.125
0 0.38359375 0.14166666666666666 0.0375 0.10138888888888889
0 0.53203125 0.1597222222222222 0.034375 0.11805555555555555
0 0.31953125 0.1388888888888889 0.0390625 0.09861111111111111
0 0.15078125 0.1361111111111111 0.0296875 0.09305555555555556
0 0.440625 0.14722222222222223 0.0390625 0.10416666666666667
0 0.6234375 0.1736111111111111 0.05078125 0.13194444444444445
0 0.26171875 0.1361111111111111 0.03359375 0.09722222222222222
0 0.48671875 0.1527777777777778 0.034375 0.10972222222222222
2 0.07109375 0.2111111111111111 0.06484375 0.175
2 0.0234375 0.19305555555555556 0.046875 0.1625