0 0.1453125 0.23194444444444445 0.07421875 0.1875
0 0.24296875 0.18194444444444444 0.0484375 0.14027777777777778
0 0.31328125 0.15 0.0328125 0.10277777777777777
0 0.35390625 0.12916666666666668 0.02265625 0.08333333333333333
0 0.3796875 0.11805555555555555 0.01875 0.06666666666666667
0 0.40234375 0.10555555555555556 0.01484375 0.058333333333333334
0 0.41953125 0.1 0.0125 0.044444444444444446
2 0.94140625 0.23194444444444445 0.08125 0.2
2 0.81953125 0.17777777777777778 0.05078125 0.14166666666666666
2 0.74765625 0.14444444444444443 0.03515625 0.10416666666666667
2 0.70625 0.12777777777777777 0.02734375 0.08611111111111111
2 0.63515625 0.09583333333333334 0.01328125 0.05416666666666667
2 0.65390625 0.10416666666666667 0.0171875 0.0625
2 0.67421875 0.11388888888888889 0.0203125 0.07222222222222222
2 0.61484375 0.0875 0.01328125 0.043055555555555555