2 0.8234375 0.49722222222222223 0.115625 0.2152777777777778
2 0.709375 0.4361111111111111 0.078125 0.15555555555555556
2 0.6390625 0.40555555555555556 0.06328125 0.12361111111111112
2 0.52109375 0.3680555555555556 0.0421875 0.08333333333333333
2 0.9390625 0.5819444444444445 0.121875 0.30277777777777776
2 0.56484375 0.3736111111111111 0.0328125 0.09166666666666666
2 0.1609375 0.34444444444444444 0.03359375 0.058333333333333334
2 0.390625 0.3527777777777778 0.0390625 0.06805555555555555
2 0.2796875 0.3458333333333333 0.03515625 0.06111111111111111
2 0.3296875 0.3486111111111111 0.0359375 0.06111111111111111
2 0.45546875 0.35833333333333334 0.0375 0.07361111111111111
2 0.0234375 0.34444444444444444 0.0328125 0.058333333333333334
2 0.2171875 0.3458333333333333 0.03359375 0.058333333333333334
2 0.09140625 0.34444444444444444 0.03125 0.058333333333333334
2 0.59296875 0.38472222222222224 0.04296875 0.10277777777777777
2 0.9625 0.48333333333333334 0.04609375 0.10555555555555556
0 0.4390625 0.9305555555555556 0.03828125 0.05555555555555555