0 0.88828125 0.20555555555555555 0.0765625 0.19166666666666668
0 0.7578125 0.1375 0.040625 0.12638888888888888
0 0.7171875 0.1125 0.03125 0.10138888888888889
0 0.6828125 0.09583333333333334 0.02421875 0.07916666666666666
0 0.65078125 0.08055555555555556 0.01640625 0.059722222222222225
0 0.63359375 0.07222222222222222 0.0140625 0.05
0 0.615625 0.06111111111111111 0.01171875 0.041666666666666664
0 0.62421875 0.06666666666666667 0.01328125 0.04861111111111111
2 0.11484375 0.19027777777777777 0.071875 0.17916666666666667
2 0.3359375 0.09861111111111111 0.028125 0.0875
2 0.24921875 0.13472222222222222 0.04296875 0.12222222222222222
2 0.365625 0.08333333333333333 0.021875 0.07361111111111111
2 0.39453125 0.07083333333333333 0.015625 0.058333333333333334
2 0.41328125 0.06944444444444445 0.015625 0.041666666666666664
2 0.42421875 0.06388888888888888 0.01171875 0.041666666666666664