0 0.225 0.5 0.11640625 0.225
0 0.325 0.4152777777777778 0.0671875 0.1388888888888889
0 0.38671875 0.36666666666666664 0.03828125 0.09166666666666666
0 0.415625 0.35 0.02421875 0.06944444444444445
2 0.80234375 0.34444444444444444 0.034375 0.07361111111111111
2 0.75078125 0.33611111111111114 0.025 0.05277777777777778
2 0.7125 0.3236111111111111 0.02265625 0.05277777777777778
2 0.88671875 0.3611111111111111 0.04921875 0.09305555555555556
2 0.6328125 0.30277777777777776 0.015625 0.0375
2 0.665625 0.3111111111111111 0.0140625 0.043055555555555555
2 0.68515625 0.3125 0.0171875 0.05416666666666667
2 0.6484375 0.30833333333333335 0.0140625 0.0375