0 0.053125 0.45416666666666666 0.10546875 0.35833333333333334
0 0.23125 0.29444444444444445 0.0796875 0.2111111111111111
0 0.303125 0.24027777777777778 0.05703125 0.1597222222222222
0 0.3453125 0.20416666666666666 0.03671875 0.125
0 0.4390625 0.1638888888888889 0.0234375 0.09027777777777778
0 0.48515625 0.1597222222222222 0.02578125 0.075
0 0.56484375 0.14722222222222223 0.01640625 0.06666666666666667
0 0.3859375 0.19583333333333333 0.02421875 0.08333333333333333
0 0.528125 0.1527777777777778 0.02109375 0.07083333333333333
0 0.3921875 0.18333333333333332 0.0375 0.1111111111111111
2 0.83671875 0.275 0.0828125 0.21805555555555556
2 0.740625 0.1638888888888889 0.0359375 0.09444444444444444
2 0.85859375 0.13333333333333333 0.021875 0.08472222222222223
2 0.8375 0.13472222222222222 0.02109375 0.09027777777777778
2 0.7796875 0.14027777777777778 0.021875 0.10138888888888889
2 0.71171875 0.16805555555555557 0.02421875 0.09027777777777778