2 0.209375 0.14305555555555555 0.0375 0.09722222222222222
2 0.3015625 0.13472222222222222 0.03359375 0.08472222222222223
2 0.26171875 0.1388888888888889 0.0359375 0.09166666666666666
2 0.47421875 0.12638888888888888 0.02421875 0.07222222222222222
2 0.37734375 0.12916666666666668 0.02890625 0.07777777777777778
2 0.42890625 0.12638888888888888 0.0265625 0.075
2 0.06484375 0.1736111111111111 0.04765625 0.13055555555555556
2 0.121875 0.16111111111111112 0.046875 0.11666666666666667
2 0.51953125 0.12638888888888888 0.0265625 0.07083333333333333
2 0.3421875 0.13055555555555556 0.02734375 0.07916666666666666
2 0.16328125 0.1527777777777778 0.0421875 0.10833333333333334
2 0.5609375 0.125 0.02421875 0.07222222222222222
2 0.02734375 0.19027777777777777 0.0546875 0.15
0 0.91953125 0.44027777777777777 0.159375 0.3763888888888889
0 0.78828125 0.3236111111111111 0.1078125 0.25833333333333336
0 0.70390625 0.2708333333333333 0.07734375 0.2013888888888889
0 0.6125 0.23055555555555557 0.065625 0.16111111111111112
0 0.57578125 0.20416666666666666 0.040625 0.14305555555555555