1 0.06015625 0.3416666666666667 0.11171875 0.24861111111111112
1 0.23359375 0.25277777777777777 0.06015625 0.15833333333333333
1 0.86171875 0.24027777777777778 0.0546875 0.15138888888888888
1 0.76875 0.20555555555555555 0.0359375 0.10277777777777777
1 0.31796875 0.20416666666666666 0.03046875 0.1125
1 0.36171875 0.18611111111111112 0.02578125 0.08888888888888889
1 0.65703125 0.15694444444444444 0.01328125 0.05416666666666667
1 0.55859375 0.14305555555555555 0.009375 0.03333333333333333
1 0.475 0.14305555555555555 0.0109375 0.03333333333333333
2 0.71484375 0.18055555555555555 0.01953125 0.08194444444444444
1 0.6421875 0.15416666666666667 0.01328125 0.04583333333333333
1 0.5046875 0.14027777777777778 0.01328125 0.044444444444444446
1 0.61484375 0.14166666666666666 0.01015625 0.0375
1 0.68984375 0.16944444444444445 0.0203125 0.07361111111111111
1 0.45 0.1388888888888889 0.01015625 0.04027777777777778
1 0.53203125 0.1361111111111111 0.01171875 0.04861111111111111
1 0.62890625 0.14722222222222223 0.01171875 0.043055555555555555
1 0.384375 0.16944444444444445 0.0171875 0.06944444444444445
1 0.5859375 0.1388888888888889 0.0125 0.04861111111111111