0 0.8515625 0.24166666666666667 0.0703125 0.17916666666666667
0 0.73671875 0.18333333333333332 0.0390625 0.12083333333333333
0 0.690625 0.16111111111111112 0.028125 0.09861111111111111
0 0.65546875 0.14722222222222223 0.0203125 0.07777777777777778
0 0.6265625 0.13333333333333333 0.015625 0.0625
0 0.6125 0.12638888888888888 0.0140625 0.05416666666666667
0 0.59765625 0.11944444444444445 0.0109375 0.04722222222222222
0 0.58671875 0.11388888888888889 0.01015625 0.043055555555555555
2 0.209375 0.19166666666666668 0.0453125 0.1361111111111111
2 0.28515625 0.16111111111111112 0.03046875 0.1
2 0.321875 0.14444444444444443 0.02421875 0.08611111111111111
2 0.36328125 0.12638888888888888 0.0140625 0.06527777777777778
2 0.35078125 0.13194444444444445 0.01796875 0.07222222222222222
2 0.3828125 0.11805555555555555 0.0140625 0.05694444444444444
2 0.3953125 0.11527777777777778 0.0140625 0.05
2 0.40625 0.10972222222222222 0.0109375 0.044444444444444446
2 0.20546875 0.15694444444444444 0.0171875 0.06388888888888888