0 0.25625 0.5833333333333334 0.15546875 0.2916666666666667
0 0.37421875 0.5138888888888888 0.11171875 0.21944444444444444
0 0.45625 0.46111111111111114 0.078125 0.16805555555555557
0 0.54375 0.42777777777777776 0.06171875 0.13333333333333333
0 0.60546875 0.4 0.053125 0.10972222222222222
0 0.6390625 0.3875 0.0390625 0.09583333333333334
0 0.68671875 0.37222222222222223 0.04140625 0.08194444444444444
0 0.559375 0.3402777777777778 0.015625 0.043055555555555555
0 0.659375 0.35555555555555557 0.01953125 0.04861111111111111
0 0.71015625 0.3611111111111111 0.025 0.07083333333333333
0 0.62734375 0.3458333333333333 0.0171875 0.05416666666666667
2 0.78828125 0.33055555555555555 0.0171875 0.044444444444444446
2 0.92421875 0.3375 0.02265625 0.05277777777777778
2 0.5765625 0.3194444444444444 0.0125 0.030555555555555555
2 0.61796875 0.32083333333333336 0.01171875 0.03333333333333333
2 0.54375 0.31805555555555554 0.0109375 0.029166666666666667
2 0.71328125 0.3263888888888889 0.01171875 0.03888888888888889
2 0.65703125 0.32222222222222224 0.01171875 0.03333333333333333