0 0.83125 0.5694444444444444 0.1578125 0.29583333333333334
0 0.67109375 0.45694444444444443 0.09453125 0.18194444444444444
0 0.98046875 0.7527777777777778 0.0390625 0.30277777777777776
0 0.871875 0.35555555555555557 0.03984375 0.07777777777777778
0 0.7625 0.37083333333333335 0.05390625 0.09305555555555556
0 0.71015625 0.38055555555555554 0.04375 0.09861111111111111
0 0.625 0.4097222222222222 0.06015625 0.13333333333333333
0 0.94609375 0.3458333333333333 0.02890625 0.059722222222222225
0 0.99140625 0.33611111111111114 0.0171875 0.05555555555555555
2 0.02109375 0.39305555555555555 0.04140625 0.12361111111111112
2 0.35078125 0.3416666666666667 0.0359375 0.06944444444444445
2 0.2390625 0.3472222222222222 0.03984375 0.07777777777777778
2 0.52265625 0.33194444444444443 0.02734375 0.05694444444444444
2 0.621875 0.3263888888888889 0.01875 0.05
2 0.178125 0.35138888888888886 0.04609375 0.08472222222222223
2 0.115625 0.3625 0.04921875 0.09444444444444444
2 0.74921875 0.31805555555555554 0.01640625 0.043055555555555555
2 0.8046875 0.3138888888888889 0.01875 0.04027777777777778
2 0.06640625 0.3736111111111111 0.0625 0.10833333333333334
2 0.6953125 0.32083333333333336 0.01875 0.044444444444444446
2 0.896875 0.30972222222222223 0.015625 0.03194444444444444
2 0.85078125 0.3125 0.01484375 0.03611111111111111
2 0.9234375 0.30833333333333335 0.01484375 0.03194444444444444
2 0.97734375 0.30416666666666664 0.01328125 0.027777777777777776
2 0.95234375 0.3055555555555556 0.01171875 0.027777777777777776