2 0.78359375 0.5625 0.15078125 0.2791666666666667
2 0.4140625 0.4263888888888889 0.0671875 0.13194444444444445
2 0.30703125 0.3888888888888889 0.04375 0.09583333333333334
2 0.2578125 0.36944444444444446 0.03828125 0.07777777777777778
2 0.1953125 0.35138888888888886 0.02578125 0.04861111111111111
2 0.2234375 0.35833333333333334 0.02890625 0.06388888888888888
2 0.1734375 0.3416666666666667 0.021875 0.04583333333333333
2 0.1515625 0.3375 0.021875 0.04027777777777778
2 0.134375 0.3333333333333333 0.0171875 0.03194444444444444
2 0.10234375 0.3236111111111111 0.02265625 0.02638888888888889
2 0.12578125 0.32916666666666666 0.01484375 0.027777777777777776