2 0.20390625 0.35138888888888886 0.02578125 0.05
2 0.253125 0.3486111111111111 0.02421875 0.04722222222222222
2 0.3390625 0.34444444444444444 0.01953125 0.043055555555555555
2 0.30078125 0.3472222222222222 0.0234375 0.044444444444444446
2 0.1546875 0.35555555555555557 0.02734375 0.05694444444444444
2 0.12265625 0.35833333333333334 0.02109375 0.058333333333333334
2 0.0515625 0.37916666666666665 0.0359375 0.08055555555555556
2 0.0828125 0.37083333333333335 0.0296875 0.07222222222222222
2 0.1078125 0.3638888888888889 0.02734375 0.06388888888888888
2 0.0234375 0.39305555555555555 0.03359375 0.09166666666666666
2 0.015625 0.4486111111111111 0.03125 0.15416666666666667
0 0.73984375 0.4361111111111111 0.06796875 0.12777777777777777
0 0.60390625 0.4166666666666667 0.0578125 0.1111111111111111
0 0.896875 0.4666666666666667 0.09453125 0.1597222222222222
0 0.98671875 0.5125 0.0265625 0.19305555555555556
0 0.5109375 0.4125 0.0515625 0.07777777777777778
0 0.4640625 0.40555555555555556 0.04296875 0.05694444444444444
0 0.44375 0.37777777777777777 0.02421875 0.07361111111111111