2 0.09765625 0.3236111111111111 0.11015625 0.26805555555555555
2 0.20234375 0.2611111111111111 0.07265625 0.175
0 0.8609375 0.34305555555555556 0.11015625 0.26944444444444443
0 0.7515625 0.2569444444444444 0.06875 0.19305555555555556
0 0.590625 0.16111111111111112 0.03515625 0.09444444444444444
0 0.53828125 0.15555555555555556 0.03125 0.07916666666666666
0 0.69453125 0.20694444444444443 0.0421875 0.14166666666666666
0 0.49375 0.14722222222222223 0.028125 0.0763888888888889
0 0.646875 0.18333333333333332 0.03515625 0.12083333333333333
0 0.63125 0.17083333333333334 0.02734375 0.10555555555555556
0 0.36796875 0.125 0.01640625 0.058333333333333334
0 0.4546875 0.14027777777777778 0.021875 0.07222222222222222
0 0.428125 0.1375 0.01875 0.0625
0 0.4015625 0.13333333333333333 0.015625 0.058333333333333334
2 0.29296875 0.19583333333333333 0.04609375 0.14166666666666666
2 0.2953125 0.16944444444444445 0.04453125 0.12222222222222222
2 0.2640625 0.15 0.04375 0.11805555555555555