2 0.7234375 0.5263888888888889 0.1171875 0.24027777777777778
2 0.45546875 0.4152777777777778 0.0625 0.125
2 0.31796875 0.39444444444444443 0.05234375 0.10138888888888889
2 0.51875 0.43333333333333335 0.07109375 0.14027777777777778
2 0.58671875 0.4666666666666667 0.07421875 0.1763888888888889
2 0.19765625 0.38055555555555554 0.04453125 0.0875
2 0.37890625 0.4041666666666667 0.04921875 0.1111111111111111
2 0.13828125 0.3763888888888889 0.04609375 0.08194444444444444
2 0.03671875 0.37222222222222223 0.0421875 0.07361111111111111
2 0.2390625 0.38472222222222224 0.04375 0.09166666666666666
2 0.0828125 0.3736111111111111 0.04375 0.07916666666666666
2 0.9421875 0.6666666666666666 0.115625 0.37916666666666665