2 0.86796875 0.4722222222222222 0.12265625 0.22777777777777777
2 0.74765625 0.40694444444444444 0.0828125 0.16527777777777777
2 0.67265625 0.375 0.0671875 0.13194444444444445
2 0.54765625 0.3347222222222222 0.04453125 0.08888888888888889
2 0.96328125 0.5611111111111111 0.0734375 0.32083333333333336
2 0.59375 0.3416666666666667 0.03515625 0.09722222222222222
2 0.16484375 0.3111111111111111 0.0359375 0.0625
2 0.40859375 0.31805555555555554 0.04140625 0.07222222222222222
2 0.2921875 0.3125 0.03671875 0.06527777777777778
2 0.34453125 0.31527777777777777 0.0375 0.06527777777777778
2 0.478125 0.325 0.03984375 0.07777777777777778
2 0.01953125 0.30972222222222223 0.03515625 0.0625
2 0.225 0.3111111111111111 0.0359375 0.0625
2 0.09140625 0.30972222222222223 0.03359375 0.06111111111111111
2 0.62421875 0.3527777777777778 0.0453125 0.10833333333333334
0 0.46015625 0.9319444444444445 0.040625 0.058333333333333334