1 0.1234375 0.30277777777777776 0.08515625 0.2125
1 0.8359375 0.23472222222222222 0.05390625 0.1388888888888889
1 0.2421875 0.2375 0.05390625 0.14444444444444443
1 0.7359375 0.19444444444444445 0.03203125 0.09861111111111111
1 0.31953125 0.2013888888888889 0.034375 0.09861111111111111
1 0.359375 0.17777777777777778 0.02109375 0.08194444444444444
1 0.69140625 0.1763888888888889 0.02109375 0.07916666666666666
1 0.3859375 0.1638888888888889 0.0171875 0.0625
1 0.66015625 0.1638888888888889 0.015625 0.0625
1 0.6421875 0.15694444444444444 0.01484375 0.05277777777777778
1 0.40390625 0.15416666666666667 0.01328125 0.05138888888888889
1 0.62109375 0.15 0.01171875 0.04583333333333333