2 0.74375 0.5263888888888889 0.121875 0.24305555555555555
2 0.61953125 0.46805555555555556 0.0921875 0.18194444444444444
2 0.8765625 0.6097222222222223 0.15078125 0.3402777777777778
2 0.4828125 0.4166666666666667 0.059375 0.12777777777777777
2 0.35234375 0.3902777777777778 0.05390625 0.09861111111111111
2 0.5375 0.43472222222222223 0.071875 0.1486111111111111
2 0.2859375 0.3819444444444444 0.0484375 0.09027777777777778
2 0.228125 0.37777777777777777 0.04609375 0.08611111111111111
2 0.1078125 0.36666666666666664 0.04140625 0.0763888888888889
2 0.0140625 0.36527777777777776 0.028125 0.07083333333333333
2 0.14453125 0.36944444444444446 0.040625 0.07916666666666666
2 0.41953125 0.39861111111111114 0.05703125 0.1111111111111111
2 0.184375 0.37222222222222223 0.0421875 0.08055555555555556
2 0.06015625 0.36666666666666664 0.04296875 0.07222222222222222