0 0.4640625 0.5263888888888889 0.1125 0.22916666666666666
0 0.11171875 0.6875 0.12109375 0.34305555555555556
0 0.58984375 0.4527777777777778 0.0703125 0.15416666666666667
0 0.6609375 0.4083333333333333 0.0484375 0.1125
0 0.7015625 0.38333333333333336 0.03203125 0.08888888888888889
0 0.7265625 0.36944444444444446 0.02890625 0.07361111111111111
0 0.0890625 0.34444444444444444 0.015625 0.04027777777777778
0 0.75234375 0.3541666666666667 0.02265625 0.06111111111111111
0 0.18671875 0.3388888888888889 0.015625 0.034722222222222224
0 0.765625 0.3458333333333333 0.01640625 0.05138888888888889
0 0.2953125 0.33194444444444443 0.0125 0.030555555555555555
2 0.0296875 0.3375 0.015625 0.0375
2 0.1625 0.32916666666666666 0.01328125 0.030555555555555555
2 0.2109375 0.3263888888888889 0.0125 0.029166666666666667
2 0.09921875 0.33194444444444443 0.01484375 0.034722222222222224
2 0.26875 0.3236111111111111 0.01171875 0.02638888888888889
2 0.24453125 0.33611111111111114 0.01328125 0.03194444444444444