0 0.8703125 0.5694444444444444 0.16875 0.30694444444444446
0 0.675 0.49166666666666664 0.11953125 0.23194444444444445
0 0.4921875 0.4513888888888889 0.09609375 0.18888888888888888
0 0.29609375 0.41388888888888886 0.08046875 0.15416666666666667
0 0.1765625 0.3902777777777778 0.071875 0.13472222222222222
0 0.0796875 0.36944444444444446 0.05546875 0.1125
0 0.01484375 0.3638888888888889 0.0296875 0.06666666666666667
0 0.82578125 0.32083333333333336 0.01953125 0.041666666666666664
0 0.4015625 0.30833333333333335 0.0140625 0.03194444444444444
0 0.234375 0.30694444444444446 0.01796875 0.04583333333333333
0 0.5375 0.3125 0.0140625 0.029166666666666667
0 0.734375 0.3194444444444444 0.01640625 0.030555555555555555
0 0.58203125 0.3055555555555556 0.01484375 0.044444444444444446
0 0.90078125 0.3236111111111111 0.01953125 0.05555555555555555
0 0.68828125 0.3111111111111111 0.01640625 0.041666666666666664
0 0.95 0.325 0.02109375 0.07083333333333333
0 0.7875 0.3236111111111111 0.0171875 0.030555555555555555
0 0.978125 0.33194444444444443 0.0265625 0.06944444444444445
0 0.1265625 0.3055555555555556 0.01953125 0.0625
0 0.03984375 0.31527777777777777 0.021875 0.0625
0 0.49453125 0.30416666666666664 0.01484375 0.043055555555555555
0 0.3609375 0.30694444444444446 0.01640625 0.0375
0 0.18203125 0.30277777777777776 0.02109375 0.05694444444444444
0 0.8734375 0.3194444444444444 0.02109375 0.058333333333333334
0 0.09296875 0.30972222222222223 0.0203125 0.058333333333333334
0 0.321875 0.30694444444444446 0.01484375 0.0375
0 0.275 0.30833333333333335 0.01640625 0.03888888888888889
0 0.43984375 0.30694444444444446 0.015625 0.034722222222222224