0 0.22578125 0.5166666666666667 0.12578125 0.24305555555555555
0 0.38671875 0.39444444444444443 0.0484375 0.11944444444444445
0 0.409375 0.3638888888888889 0.02890625 0.09027777777777778
0 0.01015625 0.3111111111111111 0.01328125 0.029166666666666667
0 0.43359375 0.34305555555555556 0.02265625 0.06388888888888888
0 0.49140625 0.30833333333333335 0.02109375 0.03333333333333333
0 0.44765625 0.32916666666666666 0.015625 0.05138888888888889
0 0.12890625 0.30416666666666664 0.01015625 0.020833333333333332
0 0.09921875 0.30833333333333335 0.0109375 0.018055555555555554
0 0.05703125 0.3125 0.0125 0.019444444444444445
0 0.4640625 0.32083333333333336 0.0140625 0.04722222222222222
2 0.87109375 0.3541666666666667 0.040625 0.0875
2 0.79140625 0.3375 0.03203125 0.07083333333333333
2 0.7140625 0.31666666666666665 0.01796875 0.05
2 0.02578125 0.3013888888888889 0.01328125 0.027777777777777776
2 0.753125 0.3263888888888889 0.02421875 0.05555555555555555
2 0.6859375 0.31805555555555554 0.01640625 0.03194444444444444
2 0.11015625 0.29583333333333334 0.01015625 0.022222222222222223
2 0.08359375 0.29583333333333334 0.009375 0.020833333333333332
2 0.66015625 0.3055555555555556 0.015625 0.043055555555555555
2 0.053125 0.29583333333333334 0.01171875 0.016666666666666666