0 0.8578125 0.4583333333333333 0.04296875 0.15416666666666667
0 0.8265625 0.4125 0.0328125 0.09305555555555556
0 0.8078125 0.36527777777777776 0.025 0.08611111111111111
0 0.84375 0.4236111111111111 0.03984375 0.11805555555555555
2 0.15234375 0.49166666666666664 0.0640625 0.2152777777777778
2 0.328125 0.41805555555555557 0.05390625 0.13333333333333333
2 0.2484375 0.44722222222222224 0.06875 0.16527777777777777
2 0.43359375 0.38333333333333336 0.0359375 0.09305555555555556
2 0.5078125 0.3638888888888889 0.0234375 0.06805555555555555
2 0.4796875 0.37222222222222223 0.0328125 0.07916666666666666
2 0.38203125 0.4 0.04296875 0.11388888888888889
2 0.59609375 0.3486111111111111 0.01953125 0.05416666666666667
2 0.63828125 0.3458333333333333 0.015625 0.05
2 0.53828125 0.35694444444444445 0.021875 0.059722222222222225
2 0.78203125 0.3263888888888889 0.01015625 0.02638888888888889
2 0.69140625 0.3277777777777778 0.0109375 0.029166666666666667
2 0.67734375 0.34444444444444444 0.01640625 0.03611111111111111
2 0.721875 0.3277777777777778 0.009375 0.027777777777777776
2 0.703125 0.3277777777777778 0.009375 0.029166666666666667
2 0.74140625 0.3277777777777778 0.01015625 0.027777777777777776
2 0.66328125 0.34444444444444444 0.01640625 0.041666666666666664
2 0.76328125 0.3277777777777778 0.009375 0.025
2 0.56875 0.3527777777777778 0.01875 0.05555555555555555