2 0.78046875 0.1361111111111111 0.028125 0.07222222222222222
2 0.6890625 0.13055555555555556 0.02265625 0.06805555555555555
2 0.8515625 0.14166666666666666 0.03046875 0.07777777777777778
2 0.89296875 0.14583333333333334 0.03203125 0.08611111111111111
2 0.81328125 0.1375 0.028125 0.075
2 0.73046875 0.13194444444444445 0.02421875 0.06805555555555555
2 0.646875 0.13194444444444445 0.02265625 0.06666666666666667
2 0.98046875 0.16111111111111112 0.0390625 0.09861111111111111
2 0.93984375 0.15138888888888888 0.0359375 0.08888888888888889
2 0.609375 0.12916666666666668 0.0203125 0.06388888888888888
0 0.0703125 0.46944444444444444 0.140625 0.39861111111111114
0 0.39609375 0.2902777777777778 0.08515625 0.21805555555555556
0 0.27578125 0.34444444444444444 0.1109375 0.2763888888888889
0 0.45546875 0.24861111111111112 0.06328125 0.16944444444444445
0 0.571875 0.2 0.04375 0.13333333333333333
0 0.50625 0.22361111111111112 0.05234375 0.14722222222222223
0 0.59609375 0.1875 0.03203125 0.11388888888888889