1 0.053125 0.2708333333333333 0.08125 0.19722222222222222
1 0.8078125 0.23472222222222222 0.05859375 0.1597222222222222
1 0.1609375 0.225 0.05703125 0.1486111111111111
1 0.91328125 0.29583333333333334 0.090625 0.2263888888888889
1 0.228125 0.19166666666666668 0.0421875 0.12083333333333333
1 0.28046875 0.16805555555555557 0.03125 0.09861111111111111
1 0.4 0.17083333333333334 0.03125 0.09444444444444444
1 0.7203125 0.19027777777777777 0.03671875 0.11944444444444445
1 0.5109375 0.16944444444444445 0.02890625 0.1
1 0.628125 0.1736111111111111 0.03125 0.09305555555555556
1 0.45234375 0.17083333333333334 0.03359375 0.1
1 0.6796875 0.17222222222222222 0.025 0.09583333333333334
1 0.57265625 0.175 0.03046875 0.08888888888888889
1 0.34296875 0.16944444444444445 0.03125 0.09722222222222222