2 0.78125 0.4236111111111111 0.07578125 0.14305555555555555
2 0.44765625 0.3819444444444444 0.0453125 0.09305555555555556
2 0.5625 0.3902777777777778 0.05078125 0.10138888888888889
2 0.94140625 0.46111111111111114 0.103125 0.18055555555555555
2 0.184375 0.3680555555555556 0.0390625 0.07361111111111111
2 0.6625 0.4027777777777778 0.059375 0.11388888888888889
2 0.3421875 0.3736111111111111 0.04375 0.08194444444444444
2 0.1203125 0.3638888888888889 0.03984375 0.07083333333333333
2 0.26171875 0.36944444444444446 0.040625 0.07916666666666666
2 0.06171875 0.3638888888888889 0.0390625 0.06944444444444445
2 0.0046875 0.37083333333333335 0.009375 0.05694444444444444