2 0.778125 0.4486111111111111 0.06484375 0.16805555555555557
2 0.63671875 0.42083333333333334 0.05078125 0.13472222222222222
2 0.5484375 0.4013888888888889 0.04296875 0.11388888888888889
2 0.49921875 0.39444444444444443 0.03671875 0.10416666666666667
2 0.453125 0.3875 0.03046875 0.08194444444444444
2 0.421875 0.3861111111111111 0.02578125 0.059722222222222225
2 0.4390625 0.3458333333333333 0.01640625 0.05416666666666667
2 0.4078125 0.36944444444444446 0.01796875 0.06527777777777778
0 0.16484375 0.36527777777777776 0.03125 0.0875
0 0.20234375 0.35138888888888886 0.0265625 0.08611111111111111
0 0.234375 0.3527777777777778 0.02421875 0.058333333333333334