0 0.15703125 0.5611111111111111 0.16640625 0.3055555555555556
0 0.33359375 0.39861111111111114 0.06875 0.14166666666666666
0 0.41484375 0.35833333333333334 0.0484375 0.10277777777777777
0 0.459375 0.32916666666666666 0.03046875 0.07222222222222222
0 0.05546875 0.29444444444444445 0.01171875 0.020833333333333332
0 0.10234375 0.2902777777777778 0.0109375 0.019444444444444445
2 0.97265625 0.35138888888888886 0.0546875 0.10416666666666667
2 0.834375 0.32083333333333336 0.034375 0.07083333333333333
2 0.79140625 0.31527777777777777 0.0296875 0.05694444444444444
2 0.7296875 0.30277777777777776 0.01953125 0.034722222222222224
2 0.89609375 0.3333333333333333 0.04296875 0.08611111111111111
2 0.75703125 0.3055555555555556 0.02265625 0.04583333333333333
2 0.709375 0.29444444444444445 0.015625 0.034722222222222224
2 0.65625 0.28194444444444444 0.01484375 0.027777777777777776
2 0.0296875 0.2833333333333333 0.01015625 0.020833333333333332
2 0.69453125 0.29444444444444445 0.0140625 0.02361111111111111
2 0.6796875 0.2902777777777778 0.01328125 0.02361111111111111