0 0.76484375 0.5152777777777777 0.1109375 0.2125
0 0.6703125 0.43472222222222223 0.06328125 0.13333333333333333
0 0.6125 0.3888888888888889 0.03671875 0.0875
0 0.584375 0.37222222222222223 0.0234375 0.06666666666666667
2 0.1375 0.38333333333333336 0.04765625 0.0875
2 0.30234375 0.3472222222222222 0.0203125 0.05
2 0.21796875 0.36666666666666664 0.03359375 0.06944444444444445
2 0.009375 0.43194444444444446 0.01796875 0.1111111111111111
2 0.37890625 0.3277777777777778 0.015625 0.034722222222222224
2 0.32890625 0.33611111111111114 0.01640625 0.05277777777777778
2 0.346875 0.33611111111111114 0.01328125 0.041666666666666664
2 0.2671875 0.35555555555555557 0.02421875 0.058333333333333334
2 0.3640625 0.3333333333333333 0.01328125 0.034722222222222224