2 0.96875 0.44722222222222224 0.059375 0.16527777777777777
2 0.80703125 0.3888888888888889 0.053125 0.10277777777777777
2 0.728125 0.3680555555555556 0.0390625 0.07222222222222222
2 0.67109375 0.35138888888888886 0.0265625 0.05555555555555555
2 0.65 0.34305555555555556 0.0203125 0.044444444444444446
2 0.62734375 0.3375 0.01875 0.041666666666666664
2 0.61171875 0.33194444444444443 0.0140625 0.034722222222222224
2 0.58671875 0.3263888888888889 0.01484375 0.030555555555555555
2 0.56484375 0.3194444444444444 0.01640625 0.02638888888888889
0 0.04140625 0.46805555555555556 0.0828125 0.15833333333333333
0 0.21796875 0.4 0.05546875 0.09861111111111111
0 0.33515625 0.35833333333333334 0.028125 0.059722222222222225
0 0.28671875 0.375 0.040625 0.075
0 0.3640625 0.3472222222222222 0.01953125 0.04861111111111111
0 0.3875 0.3402777777777778 0.015625 0.043055555555555555
0 0.40078125 0.33611111111111114 0.01171875 0.03194444444444444
0 0.4140625 0.3333333333333333 0.0078125 0.03333333333333333
0 0.42421875 0.3277777777777778 0.0078125 0.03194444444444444
0 0.43125 0.3277777777777778 0.00546875 0.02638888888888889
0 0.4375 0.325 0.00546875 0.02638888888888889
0 0.4453125 0.3236111111111111 0.00625 0.013888888888888888
0 0.4515625 0.3236111111111111 0.00390625 0.016666666666666666