2 0.97578125 0.30277777777777776 0.0484375 0.21944444444444444
2 0.753125 0.20277777777777778 0.05 0.12777777777777777
2 0.9359375 0.2638888888888889 0.078125 0.18888888888888888
2 0.809375 0.2152777777777778 0.059375 0.14166666666666666
2 0.87265625 0.23333333333333334 0.06328125 0.16111111111111112
2 0.6359375 0.18472222222222223 0.0421875 0.10972222222222222
2 0.48203125 0.17222222222222222 0.03515625 0.09583333333333334
2 0.56328125 0.17777777777777778 0.03671875 0.10138888888888889
2 0.27421875 0.1625 0.0359375 0.08333333333333333
2 0.68203125 0.19305555555555556 0.04453125 0.11805555555555555
2 0.40625 0.16805555555555557 0.0359375 0.09166666666666666
2 0.3375 0.16805555555555557 0.03515625 0.08472222222222223
0 0.053125 0.39166666666666666 0.10625 0.30833333333333335
0 0.16640625 0.33611111111111114 0.0953125 0.225
0 0.10859375 0.20972222222222223 0.053125 0.13055555555555556
0 0.0453125 0.20416666666666666 0.046875 0.125
0 0.1546875 0.20555555555555555 0.03515625 0.11527777777777778
0 0.203125 0.2972222222222222 0.0671875 0.175