0 0.0765625 0.3055555555555556 0.090625 0.22361111111111112
0 0.20546875 0.2361111111111111 0.05234375 0.15
0 0.29765625 0.1875 0.03046875 0.10416666666666667
0 0.35703125 0.15694444444444444 0.0171875 0.0625
0 0.3828125 0.14166666666666666 0.0140625 0.05555555555555555
0 0.3296875 0.16944444444444445 0.0234375 0.08611111111111111
0 0.4046875 0.13055555555555556 0.0109375 0.041666666666666664
0 0.396875 0.13472222222222222 0.0109375 0.044444444444444446
2 0.8203125 0.2222222222222222 0.05390625 0.14444444444444443
2 0.7234375 0.18333333333333332 0.034375 0.10555555555555556
2 0.65625 0.15694444444444444 0.021875 0.075
2 0.63203125 0.14444444444444443 0.01875 0.0625
2 0.6078125 0.13194444444444445 0.0140625 0.05416666666666667
2 0.5921875 0.12916666666666668 0.01328125 0.04583333333333333
2 0.5828125 0.12777777777777777 0.01171875 0.03611111111111111