0 0.915625 0.3277777777777778 0.125 0.2875
0 0.78046875 0.2833333333333333 0.10078125 0.25555555555555554
0 0.621875 0.23472222222222222 0.07578125 0.19027777777777777
0 0.53984375 0.21666666666666667 0.0625 0.1736111111111111
0 0.68671875 0.2513888888888889 0.084375 0.20833333333333334
0 0.46875 0.20277777777777778 0.06015625 0.1597222222222222
0 0.3296875 0.18055555555555555 0.0515625 0.1388888888888889
0 0.24375 0.175 0.05390625 0.13472222222222222
0 0.4078125 0.18888888888888888 0.05625 0.14583333333333334
0 0.09140625 0.16666666666666666 0.05078125 0.11666666666666667
0 0.16875 0.16944444444444445 0.05078125 0.13055555555555556
0 0.02421875 0.16111111111111112 0.0421875 0.1125