1 0.10234375 0.2875 0.084375 0.20694444444444443
1 0.809375 0.21805555555555556 0.05078125 0.1375
1 0.225 0.22361111111111112 0.05234375 0.14444444444444443
1 0.9703125 0.30972222222222223 0.05703125 0.1986111111111111
1 0.7171875 0.17916666666666667 0.0296875 0.09861111111111111
1 0.3046875 0.18333333333333332 0.0328125 0.10416666666666667
1 0.34609375 0.1625 0.02109375 0.08194444444444444
1 0.678125 0.1597222222222222 0.02421875 0.08194444444444444
1 0.37421875 0.1486111111111111 0.01640625 0.06388888888888888
1 0.64765625 0.14722222222222223 0.015625 0.06527777777777778
1 0.63125 0.14027777777777778 0.01484375 0.05694444444444444
1 0.39296875 0.1388888888888889 0.01328125 0.05277777777777778
1 0.6109375 0.13333333333333333 0.01171875 0.04861111111111111
1 0.40625 0.13194444444444445 0.01171875 0.04861111111111111