2 0.90546875 0.525 0.13671875 0.25555555555555554
2 0.71328125 0.40555555555555556 0.0609375 0.13055555555555556
2 0.66953125 0.37083333333333335 0.040625 0.09305555555555556
2 0.6125 0.3375 0.02265625 0.058333333333333334
2 0.63359375 0.3527777777777778 0.03203125 0.07222222222222222
2 0.596875 0.33055555555555555 0.01796875 0.044444444444444446
2 0.5859375 0.32916666666666666 0.01484375 0.03194444444444444
0 0.11640625 0.37777777777777777 0.05390625 0.09444444444444444
0 0.21484375 0.3541666666666667 0.034375 0.07361111111111111
0 0.2734375 0.3388888888888889 0.0234375 0.058333333333333334
0 0.3140625 0.33194444444444443 0.01875 0.04722222222222222
0 0.34453125 0.3263888888888889 0.015625 0.04027777777777778
0 0.3625 0.3236111111111111 0.01484375 0.03333333333333333
0 0.38125 0.31666666666666665 0.01015625 0.034722222222222224
0 0.4 0.3125 0.0109375 0.030555555555555555