2 0.971875 0.32222222222222224 0.05625 0.2722222222222222
2 0.8796875 0.2611111111111111 0.05 0.21944444444444444
2 0.81953125 0.22777777777777777 0.05390625 0.17916666666666667
2 0.77421875 0.19583333333333333 0.05390625 0.16527777777777777
2 0.85234375 0.1527777777777778 0.03359375 0.11805555555555555
2 0.80390625 0.17777777777777778 0.02265625 0.1375
2 0.82890625 0.16666666666666666 0.03125 0.13055555555555556
0 0.11328125 0.23472222222222222 0.08125 0.19027777777777777
0 0.24296875 0.2013888888888889 0.0625 0.15694444444444444
0 0.0140625 0.31666666666666665 0.028125 0.1763888888888889
0 0.49140625 0.1527777777777778 0.040625 0.10833333333333334
0 0.3796875 0.1736111111111111 0.05 0.12916666666666668
0 0.55703125 0.14027777777777778 0.0359375 0.09861111111111111
0 0.61640625 0.12916666666666668 0.021875 0.08611111111111111