0 0.74921875 0.49444444444444446 0.10703125 0.20555555555555555
0 0.65859375 0.4166666666666667 0.0609375 0.12777777777777777
0 0.60234375 0.37222222222222223 0.03515625 0.08472222222222223
0 0.57578125 0.35694444444444445 0.02265625 0.06388888888888888
2 0.1453125 0.36666666666666664 0.0453125 0.08472222222222223
2 0.30390625 0.33194444444444443 0.01953125 0.04722222222222222
2 0.22265625 0.35 0.03203125 0.06666666666666667
2 0.015625 0.4125 0.03125 0.10833333333333334
2 0.37734375 0.3125 0.01484375 0.03333333333333333
2 0.3296875 0.32222222222222224 0.015625 0.05138888888888889
2 0.346875 0.32083333333333336 0.0125 0.04027777777777778
2 0.2703125 0.3402777777777778 0.0234375 0.05555555555555555
2 0.36328125 0.3194444444444444 0.0125 0.03333333333333333