0 0.82421875 0.19722222222222222 0.06328125 0.175
0 0.725 0.14722222222222223 0.0375 0.12361111111111112
0 0.66796875 0.11944444444444445 0.028125 0.09444444444444444
0 0.61171875 0.08472222222222223 0.01484375 0.059722222222222225
0 0.5921875 0.07916666666666666 0.01328125 0.05277777777777778
0 0.634375 0.10138888888888889 0.01875 0.0763888888888889
0 0.57890625 0.075 0.0125 0.04861111111111111
2 0.04453125 0.21388888888888888 0.0796875 0.2
2 0.1890625 0.15138888888888888 0.04765625 0.13472222222222222
2 0.27578125 0.1125 0.02890625 0.09861111111111111
2 0.30703125 0.1 0.02421875 0.08194444444444444
2 0.3609375 0.07916666666666666 0.015625 0.05555555555555555
2 0.33828125 0.08611111111111111 0.02109375 0.06944444444444445
2 0.375 0.07083333333333333 0.01328125 0.04861111111111111
2 0.3859375 0.06805555555555555 0.01328125 0.04861111111111111
2 0.39296875 0.06527777777777778 0.0109375 0.043055555555555555