0 0.80390625 0.3125 0.09609375 0.2388888888888889
0 0.7109375 0.24305555555555555 0.0609375 0.1736111111111111
0 0.66328125 0.2013888888888889 0.0390625 0.13472222222222222
0 0.56484375 0.1597222222222222 0.03203125 0.09305555555555556
0 0.61953125 0.18055555555555555 0.025 0.1125
0 0.515625 0.15555555555555556 0.028125 0.08055555555555556
0 0.60546875 0.16944444444444445 0.02421875 0.10277777777777777
0 0.41015625 0.1375 0.015625 0.0625
0 0.33046875 0.12638888888888888 0.01484375 0.05
2 0.21015625 0.2513888888888889 0.06796875 0.1638888888888889
2 0.1265625 0.3013888888888889 0.09765625 0.24305555555555555
2 0.22109375 0.1527777777777778 0.0265625 0.08333333333333333
2 0.18359375 0.14722222222222223 0.02265625 0.07361111111111111
2 0.11796875 0.24166666666666667 0.0328125 0.12222222222222222