2 0.1890625 0.11944444444444445 0.0203125 0.058333333333333334
2 0.06484375 0.125 0.02734375 0.06666666666666667
2 0.15 0.11944444444444445 0.02265625 0.06111111111111111
2 0.225 0.11666666666666667 0.01953125 0.059722222222222225
2 0.03359375 0.12638888888888888 0.02734375 0.06805555555555555
2 0.1109375 0.12083333333333333 0.02265625 0.06388888888888888
2 0.0078125 0.13194444444444445 0.01484375 0.07083333333333333
0 0.70078125 0.2763888888888889 0.0859375 0.20972222222222223
0 0.93828125 0.4263888888888889 0.1234375 0.3638888888888889
0 0.57734375 0.2388888888888889 0.0671875 0.1736111111111111
0 0.84140625 0.3333333333333333 0.10234375 0.2652777777777778
0 0.4890625 0.2111111111111111 0.046875 0.15416666666666667
0 0.421875 0.1986111111111111 0.05078125 0.13055555555555556
0 0.38046875 0.18333333333333332 0.04375 0.11527777777777778
0 0.34140625 0.1736111111111111 0.03984375 0.10555555555555556
0 0.28828125 0.16111111111111112 0.03359375 0.1
0 0.265625 0.15694444444444444 0.025 0.08611111111111111