0 0.93046875 0.25277777777777777 0.08125 0.20277777777777778
0 0.8140625 0.19583333333333333 0.0484375 0.14305555555555555
0 0.7234375 0.15555555555555556 0.03125 0.1
0 0.66328125 0.125 0.01796875 0.06666666666666667
0 0.63671875 0.1111111111111111 0.0140625 0.05555555555555555
0 0.621875 0.10138888888888889 0.0109375 0.04861111111111111
0 0.69140625 0.1388888888888889 0.02109375 0.07916666666666666
0 0.6140625 0.1 0.01171875 0.04583333333333333
2 0.078125 0.2513888888888889 0.08515625 0.20833333333333334
2 0.228125 0.18611111111111112 0.05 0.14027777777777778
2 0.30859375 0.15138888888888888 0.03125 0.10138888888888889
2 0.365625 0.125 0.021875 0.07777777777777778
2 0.3875 0.1125 0.01875 0.06666666666666667
2 0.409375 0.10277777777777777 0.01484375 0.05555555555555555
2 0.42265625 0.09722222222222222 0.01328125 0.05
2 0.440625 0.09027777777777778 0.0125 0.041666666666666664