0 0.284375 0.4527777777777778 0.07421875 0.15416666666666667
0 0.0765625 0.7055555555555556 0.153125 0.3972222222222222
0 0.36953125 0.4027777777777778 0.0453125 0.10416666666666667
0 0.4125 0.36944444444444446 0.028125 0.07361111111111111
0 0.45703125 0.33611111111111114 0.02421875 0.043055555555555555
2 0.93671875 0.39305555555555555 0.06015625 0.10972222222222222
2 0.846875 0.375 0.04296875 0.0875
2 0.7796875 0.3597222222222222 0.03515625 0.07361111111111111
2 0.734375 0.3527777777777778 0.028125 0.0625
2 0.6953125 0.34444444444444444 0.021875 0.04583333333333333
2 0.64765625 0.33194444444444443 0.0140625 0.0375
2 0.66796875 0.3416666666666667 0.0171875 0.03333333333333333
2 0.63046875 0.32916666666666666 0.0140625 0.03333333333333333
2 0.5921875 0.3194444444444444 0.01328125 0.02638888888888889
2 0.615625 0.3263888888888889 0.0125 0.030555555555555555
2 0.6078125 0.3263888888888889 0.0109375 0.027777777777777776