2 0.55234375 0.43194444444444446 0.071875 0.14166666666666666
2 0.71953125 0.5138888888888888 0.1 0.2263888888888889
2 0.62734375 0.45694444444444443 0.084375 0.16944444444444445
2 0.925 0.6361111111111111 0.146875 0.3597222222222222
2 0.4671875 0.4152777777777778 0.05234375 0.125
2 0.22734375 0.37777777777777777 0.046875 0.08333333333333333
2 0.284375 0.38333333333333336 0.046875 0.09166666666666666
2 0.403125 0.4013888888888889 0.05625 0.10972222222222222
2 0.325 0.3888888888888889 0.046875 0.09583333333333334
2 0.13203125 0.36944444444444446 0.040625 0.0763888888888889
2 0.075 0.36527777777777776 0.0421875 0.07222222222222222
2 0.175 0.37222222222222223 0.0421875 0.07916666666666666
2 0.0171875 0.36527777777777776 0.034375 0.07083333333333333