0 0.85859375 0.3013888888888889 0.08828125 0.2152777777777778
0 0.696875 0.225 0.04765625 0.1375
0 0.6421875 0.2 0.034375 0.1125
0 0.59375 0.18055555555555555 0.0234375 0.08472222222222223
0 0.565625 0.16805555555555557 0.0171875 0.06527777777777778
0 0.52734375 0.15138888888888888 0.01484375 0.05
0 0.546875 0.15833333333333333 0.01796875 0.058333333333333334
0 0.50390625 0.14166666666666666 0.01171875 0.0375
0 0.49140625 0.13472222222222222 0.01328125 0.03611111111111111
0 0.5140625 0.14444444444444443 0.01171875 0.043055555555555555
2 0.10625 0.22777777777777777 0.05234375 0.15
2 0.17421875 0.19722222222222222 0.03671875 0.11666666666666667
2 0.22109375 0.1763888888888889 0.02578125 0.08888888888888889
2 0.2515625 0.16527777777777777 0.0234375 0.06944444444444445
2 0.309375 0.14027777777777778 0.0140625 0.05
2 0.2765625 0.15416666666666667 0.01796875 0.06527777777777778
2 0.2921875 0.14444444444444443 0.01640625 0.05694444444444444
2 0.32109375 0.13472222222222222 0.01328125 0.041666666666666664