2 0.815625 0.4361111111111111 0.08203125 0.1486111111111111
2 0.74921875 0.4166666666666667 0.06953125 0.13055555555555556
2 0.65234375 0.4027777777777778 0.06328125 0.11388888888888889
2 0.91484375 0.46111111111111114 0.1125 0.17916666666666667
2 0.49453125 0.3861111111111111 0.04765625 0.09166666666666666
2 0.43203125 0.37916666666666665 0.04609375 0.08472222222222223
2 0.378125 0.375 0.04296875 0.08194444444444444
2 0.31875 0.37222222222222223 0.040625 0.0763888888888889
2 0.13125 0.36527777777777776 0.03515625 0.06805555555555555
2 0.2671875 0.3680555555555556 0.03984375 0.07361111111111111
2 0.21328125 0.36527777777777776 0.03984375 0.06944444444444445
2 0.56171875 0.3902777777777778 0.053125 0.10416666666666667
2 0.028125 0.36666666666666664 0.040625 0.06944444444444445
2 0.98359375 0.5666666666666667 0.03046875 0.03194444444444444