1 0.803125 0.24305555555555555 0.0578125 0.17222222222222222
1 0.96953125 0.35138888888888886 0.0609375 0.28055555555555556
1 0.1171875 0.2361111111111111 0.06015625 0.1625
1 0.7234375 0.20277777777777778 0.0421875 0.13194444444444445
1 0.2484375 0.1763888888888889 0.0296875 0.10416666666666667
1 0.17578125 0.20833333333333334 0.05 0.13194444444444445
1 0.2984375 0.15555555555555556 0.02109375 0.08472222222222223
1 0.63203125 0.15833333333333333 0.02265625 0.08888888888888889
1 0.34140625 0.13472222222222222 0.0140625 0.05694444444444444
1 0.32421875 0.14444444444444443 0.01640625 0.06944444444444445
1 0.6046875 0.1486111111111111 0.01796875 0.08055555555555556
1 0.58515625 0.1375 0.0140625 0.05694444444444444
1 0.67265625 0.18194444444444444 0.0296875 0.1