2 0.26015625 0.35555555555555557 0.07109375 0.14027777777777778
2 0.38671875 0.31666666666666665 0.04765625 0.09861111111111111
2 0.45390625 0.2986111111111111 0.0359375 0.08055555555555556
2 0.5046875 0.2847222222222222 0.0296875 0.06388888888888888
2 0.57109375 0.26944444444444443 0.0203125 0.041666666666666664
2 0.53984375 0.2777777777777778 0.025 0.05277777777777778
2 0.584375 0.26805555555555555 0.015625 0.03333333333333333
2 0.59921875 0.2625 0.0171875 0.03333333333333333
0 0.94140625 0.31666666666666665 0.04140625 0.08611111111111111
0 0.8921875 0.29583333333333334 0.03125 0.06805555555555555
0 0.8640625 0.2847222222222222 0.02265625 0.05694444444444444
0 0.984375 0.3402777777777778 0.03046875 0.1125
0 0.828125 0.27361111111111114 0.015625 0.044444444444444446
0 0.8421875 0.2777777777777778 0.0171875 0.04583333333333333
0 0.76640625 0.24861111111111112 0.01796875 0.02361111111111111
0 0.8140625 0.26666666666666666 0.01171875 0.034722222222222224
0 0.7859375 0.25416666666666665 0.015625 0.029166666666666667