0 0.90390625 0.26805555555555555 0.08125 0.20416666666666666
0 0.79296875 0.20972222222222223 0.05390625 0.14305555555555555
0 0.71640625 0.1736111111111111 0.03203125 0.10694444444444444
0 0.66796875 0.15138888888888888 0.02109375 0.08333333333333333
0 0.6390625 0.1375 0.0171875 0.06666666666666667
0 0.61796875 0.12638888888888888 0.0140625 0.059722222222222225
0 0.59296875 0.1111111111111111 0.0109375 0.044444444444444446
0 0.603125 0.11805555555555555 0.0125 0.05138888888888889
0 0.58125 0.10833333333333334 0.00859375 0.03888888888888889
2 0.140625 0.22361111111111112 0.065625 0.16666666666666666
2 0.0375 0.2763888888888889 0.075 0.22361111111111112
2 0.30546875 0.15555555555555556 0.02890625 0.08888888888888889
2 0.2546875 0.1763888888888889 0.03828125 0.11527777777777778
2 0.34296875 0.1375 0.0203125 0.07361111111111111
2 0.37265625 0.12361111111111112 0.0171875 0.059722222222222225
2 0.38671875 0.11666666666666667 0.0140625 0.05555555555555555
2 0.40078125 0.1111111111111111 0.0125 0.04861111111111111
2 0.4125 0.10694444444444444 0.0109375 0.041666666666666664
2 0.42265625 0.10277777777777777 0.0109375 0.0375