2 0.20234375 0.4375 0.0765625 0.15138888888888888
2 0.3140625 0.3638888888888889 0.034375 0.07777777777777778
2 0.27890625 0.39166666666666666 0.0515625 0.10833333333333334
2 0.02578125 0.6402777777777777 0.0515625 0.13333333333333333
0 0.90703125 0.4097222222222222 0.06875 0.11805555555555555
0 0.796875 0.3819444444444444 0.046875 0.08333333333333333
0 0.66171875 0.3486111111111111 0.034375 0.07777777777777778
0 0.71484375 0.3625 0.03828125 0.06666666666666667
0 0.76015625 0.37222222222222223 0.0359375 0.06527777777777778
0 0.6015625 0.34444444444444444 0.0265625 0.075
2 0.17890625 0.35694444444444445 0.03671875 0.09027777777777778
2 0.0828125 0.35138888888888886 0.03515625 0.075