1 0.09765625 0.25416666666666665 0.078125 0.18888888888888888
1 0.81953125 0.21944444444444444 0.05625 0.1527777777777778
1 0.2 0.20972222222222223 0.0546875 0.14166666666666666
1 0.92109375 0.2777777777777778 0.08671875 0.21666666666666667
1 0.265625 0.17777777777777778 0.040625 0.11527777777777778
1 0.31484375 0.15555555555555556 0.0296875 0.09444444444444444
1 0.4296875 0.15833333333333333 0.0296875 0.09027777777777778
1 0.7359375 0.1763888888888889 0.03515625 0.11388888888888889
1 0.5359375 0.15694444444444444 0.028125 0.09583333333333334
1 0.6484375 0.1597222222222222 0.0296875 0.08888888888888889
1 0.4796875 0.15833333333333333 0.03203125 0.09444444444444444
1 0.696875 0.1597222222222222 0.02421875 0.09166666666666666
1 0.59453125 0.16111111111111112 0.0296875 0.08611111111111111
1 0.375 0.15694444444444444 0.0296875 0.09305555555555556