2 0.740625 0.36666666666666664 0.046875 0.09583333333333334
2 0.8953125 0.41944444444444445 0.08515625 0.1527777777777778
2 0.6703125 0.3472222222222222 0.03203125 0.075
2 0.64296875 0.33611111111111114 0.02421875 0.05555555555555555
2 0.6125 0.3277777777777778 0.0203125 0.044444444444444446
2 0.590625 0.31805555555555554 0.01796875 0.044444444444444446
2 0.5671875 0.3125 0.01484375 0.034722222222222224
0 0.1515625 0.42083333333333334 0.06640625 0.1388888888888889
0 0.225 0.37916666666666665 0.0515625 0.1
0 0.28984375 0.3527777777777778 0.034375 0.07361111111111111
0 0.32421875 0.3375 0.021875 0.06111111111111111
0 0.353125 0.33055555555555555 0.01796875 0.04861111111111111
0 0.36640625 0.325 0.0140625 0.03611111111111111
0 0.384375 0.32083333333333336 0.01328125 0.030555555555555555
0 0.42890625 0.3055555555555556 0.02265625 0.02638888888888889