1 0.92890625 0.275 0.08046875 0.1875
1 0.16171875 0.2791666666666667 0.078125 0.19027777777777777
1 0.78671875 0.21388888888888888 0.0453125 0.12083333333333333
1 0.32890625 0.1875 0.03046875 0.09444444444444444
1 0.27421875 0.21944444444444444 0.04296875 0.11944444444444445
1 0.72890625 0.19027777777777777 0.03515625 0.09305555555555556
1 0.3609375 0.1736111111111111 0.021875 0.0763888888888889
1 0.3828125 0.16111111111111112 0.01484375 0.0625
1 0.67578125 0.17222222222222222 0.02265625 0.07222222222222222
1 0.41171875 0.14305555555555555 0.0109375 0.04583333333333333
1 0.64609375 0.15833333333333333 0.01484375 0.058333333333333334
1 0.3984375 0.1527777777777778 0.01328125 0.05138888888888889
1 0.628125 0.1527777777777778 0.01484375 0.05416666666666667