2 0.834375 0.2 0.065625 0.16944444444444445
2 0.76640625 0.18333333333333332 0.059375 0.1527777777777778
2 0.9203125 0.225 0.07890625 0.2
2 0.97890625 0.2652777777777778 0.0421875 0.24166666666666667
2 0.18203125 0.14305555555555555 0.04375 0.09305555555555556
2 0.43828125 0.1486111111111111 0.0453125 0.11527777777777778
2 0.6796875 0.17222222222222222 0.05390625 0.14027777777777778
2 0.26171875 0.14166666666666666 0.04375 0.10694444444444444
2 0.53828125 0.15416666666666667 0.04609375 0.12083333333333333
2 0.62265625 0.1625 0.05 0.12916666666666668
2 0.3453125 0.14583333333333334 0.04453125 0.10972222222222222
2 0.0984375 0.13472222222222222 0.04375 0.1
2 0.028125 0.12638888888888888 0.02421875 0.08055555555555556
0 0.03828125 0.34305555555555556 0.07578125 0.2611111111111111
0 0.05078125 0.2791666666666667 0.08984375 0.24166666666666667
0 0.0578125 0.25833333333333336 0.07890625 0.2013888888888889
0 0.06015625 0.2361111111111111 0.08046875 0.17916666666666667