1 0.87734375 0.21805555555555556 0.0625 0.16666666666666666
1 0.1828125 0.21805555555555556 0.06015625 0.16944444444444445
1 0.7703125 0.16805555555555557 0.03984375 0.11944444444444445
1 0.721875 0.14722222222222223 0.028125 0.09444444444444444
1 0.3296875 0.15 0.02421875 0.08888888888888889
1 0.275 0.17222222222222222 0.03828125 0.12222222222222222
1 0.65859375 0.11944444444444445 0.01640625 0.0625
1 0.3921875 0.11805555555555555 0.015625 0.06388888888888888
1 0.36484375 0.13194444444444445 0.01953125 0.075
1 0.68203125 0.12916666666666668 0.01875 0.0763888888888889
1 0.63984375 0.1125 0.0140625 0.05416666666666667