0 0.2109375 0.27361111111111114 0.0625 0.17083333333333334
0 0.05078125 0.36666666666666664 0.10078125 0.2638888888888889
0 0.30703125 0.2222222222222222 0.040625 0.12361111111111112
0 0.35703125 0.19722222222222222 0.02578125 0.09305555555555556
0 0.38671875 0.18194444444444444 0.01953125 0.075
0 0.4125 0.16805555555555557 0.01484375 0.06111111111111111
0 0.43046875 0.1597222222222222 0.0125 0.05138888888888889
2 0.9375 0.2763888888888889 0.07265625 0.17777777777777778
2 0.81328125 0.21944444444444444 0.04375 0.12638888888888888
2 0.75 0.19583333333333333 0.03359375 0.09861111111111111
2 0.67890625 0.16666666666666666 0.01875 0.07083333333333333
2 0.70625 0.17777777777777778 0.02421875 0.08055555555555556
2 0.65625 0.15694444444444444 0.01484375 0.05694444444444444
2 0.63828125 0.1527777777777778 0.01484375 0.04722222222222222
2 0.6203125 0.14305555555555555 0.01171875 0.04027777777777778