0 0.0375 0.5569444444444445 0.07421875 0.35555555555555557
0 0.0328125 0.5277777777777778 0.065625 0.18055555555555555
0 0.028125 0.4625 0.05625 0.16944444444444445
2 0.91015625 0.4111111111111111 0.08046875 0.1388888888888889
2 0.64765625 0.38055555555555554 0.05234375 0.1
2 0.2328125 0.35833333333333334 0.0375 0.07361111111111111
2 0.16171875 0.35555555555555557 0.0390625 0.06944444444444445
2 0.403125 0.36527777777777776 0.04375 0.08194444444444444
2 0.76171875 0.3902777777777778 0.0609375 0.1111111111111111
2 0.3140625 0.3611111111111111 0.03671875 0.07777777777777778
2 0.0234375 0.35555555555555557 0.03984375 0.07222222222222222
2 0.1 0.35555555555555557 0.0390625 0.06944444444444445
2 0.51875 0.37222222222222223 0.0453125 0.09027777777777778