2 0.73359375 0.44722222222222224 0.06875 0.16805555555555557
2 0.46953125 0.38472222222222224 0.0375 0.09861111111111111
2 0.5390625 0.3972222222222222 0.0421875 0.10972222222222222
2 0.59609375 0.4111111111111111 0.04453125 0.12777777777777777
2 0.1453125 0.3597222222222222 0.03125 0.07083333333333333
2 0.37109375 0.36944444444444446 0.03359375 0.08194444444444444
2 0.246875 0.3611111111111111 0.03046875 0.07361111111111111
2 0.28828125 0.3625 0.03125 0.0763888888888889
2 0.41796875 0.3763888888888889 0.03515625 0.09027777777777778
2 0.321875 0.36527777777777776 0.03046875 0.0763888888888889
2 0.20703125 0.3611111111111111 0.03359375 0.07083333333333333