2 0.4921875 0.42083333333333334 0.03984375 0.11666666666666667
2 0.41953125 0.42916666666666664 0.0484375 0.12638888888888888
2 0.35234375 0.4444444444444444 0.05546875 0.14166666666666666
2 0.10703125 0.5194444444444445 0.096875 0.23055555555555557
2 0.63203125 0.4041666666666667 0.03203125 0.09722222222222222
2 0.83125 0.39166666666666666 0.03515625 0.08333333333333333
2 0.2625 0.4722222222222222 0.06484375 0.1736111111111111
2 0.73203125 0.3972222222222222 0.03828125 0.08888888888888889
2 0.55625 0.4125 0.03984375 0.10555555555555556
2 0.6734375 0.4 0.0390625 0.09305555555555556
2 0.7859375 0.39305555555555555 0.03671875 0.08472222222222223