2 0.1109375 0.41805555555555557 0.0765625 0.15138888888888888
2 0.2171875 0.3861111111111111 0.05859375 0.11805555555555555
2 0.2875 0.36527777777777776 0.0453125 0.09444444444444444
2 0.33984375 0.3541666666666667 0.04296875 0.08333333333333333
2 0.52578125 0.3375 0.03046875 0.06111111111111111
2 0.396875 0.3458333333333333 0.034375 0.07361111111111111
2 0.6515625 0.33055555555555555 0.02578125 0.05555555555555555
2 0.02109375 0.5375 0.0421875 0.09722222222222222
2 0.59609375 0.3333333333333333 0.0296875 0.05555555555555555
2 0.9953125 0.32916666666666666 0.009375 0.04722222222222222
2 0.45234375 0.3416666666666667 0.03359375 0.06666666666666667
2 0.7921875 0.3263888888888889 0.02421875 0.05
2 0.70546875 0.32916666666666666 0.02578125 0.05277777777777778
2 0.75 0.3277777777777778 0.02421875 0.05
2 0.89609375 0.3277777777777778 0.01953125 0.04722222222222222
0 0.84296875 0.39166666666666666 0.06953125 0.125
2 0.840625 0.3263888888888889 0.01875 0.04722222222222222
0 0.96015625 0.4444444444444444 0.0796875 0.16111111111111112
0 0.921875 0.35555555555555557 0.034375 0.07916666666666666
0 0.878125 0.41805555555555557 0.06796875 0.12361111111111112
0 0.959375 0.3486111111111111 0.03359375 0.08333333333333333
0 0.87421875 0.3625 0.03046875 0.08611111111111111
0 0.83828125 0.375 0.04375 0.09861111111111111