0 0.9203125 0.6930555555555555 0.159375 0.425
0 0.72421875 0.5138888888888888 0.1234375 0.2388888888888889
0 0.65234375 0.46805555555555556 0.09140625 0.16666666666666666
0 0.56328125 0.40694444444444444 0.06796875 0.13472222222222222
0 0.74921875 0.34305555555555556 0.0234375 0.06388888888888888
0 0.53046875 0.37916666666666665 0.03984375 0.10694444444444444
0 0.90390625 0.32222222222222224 0.0171875 0.043055555555555555
0 0.60859375 0.3611111111111111 0.0359375 0.08055555555555556
0 0.81796875 0.3333333333333333 0.0203125 0.05555555555555555
0 0.8671875 0.3263888888888889 0.01875 0.04583333333333333
0 0.65390625 0.3527777777777778 0.03203125 0.07777777777777778
0 0.96875 0.31527777777777777 0.01484375 0.034722222222222224
0 0.94296875 0.31805555555555554 0.01484375 0.03611111111111111
0 0.99296875 0.3138888888888889 0.0125 0.025
2 0.13359375 0.3402777777777778 0.03671875 0.0763888888888889
2 0.2921875 0.33194444444444443 0.03359375 0.06388888888888888
2 0.18984375 0.3375 0.0359375 0.07361111111111111
2 0.45234375 0.3236111111111111 0.02265625 0.05277777777777778
2 0.0453125 0.3597222222222222 0.0453125 0.09583333333333334
2 0.5453125 0.31805555555555554 0.015625 0.04583333333333333
2 0.01640625 0.3736111111111111 0.0328125 0.10833333333333334
2 0.7125 0.30833333333333335 0.01484375 0.03888888888888889
2 0.66171875 0.3111111111111111 0.01328125 0.03888888888888889
2 0.0828125 0.35 0.0390625 0.0875
2 0.7984375 0.30416666666666664 0.0140625 0.03194444444444444
2 0.6125 0.3138888888888889 0.01328125 0.041666666666666664
2 0.75546875 0.30694444444444446 0.01171875 0.03333333333333333
2 0.84921875 0.3013888888888889 0.0125 0.030555555555555555
2 0.8765625 0.2986111111111111 0.009375 0.027777777777777776
2 0.825 0.30277777777777776 0.01015625 0.03194444444444444