1 0.08515625 0.29444444444444445 0.09140625 0.22361111111111112
1 0.95546875 0.2777777777777778 0.08515625 0.20277777777777778
1 0.83046875 0.22083333333333333 0.053125 0.1486111111111111
1 0.2859375 0.18611111111111112 0.03203125 0.11805555555555555
1 0.6109375 0.18888888888888888 0.03359375 0.10833333333333334
1 0.225 0.21666666666666667 0.0453125 0.14444444444444443
1 0.54921875 0.1875 0.0375 0.11527777777777778
1 0.6765625 0.18472222222222223 0.03359375 0.10972222222222222
1 0.48046875 0.1875 0.03359375 0.11527777777777778
1 0.74765625 0.18472222222222223 0.03671875 0.1125
1 0.4109375 0.19027777777777777 0.03359375 0.10972222222222222
1 0.34609375 0.18888888888888888 0.034375 0.1125