2 0.81796875 0.44166666666666665 0.0890625 0.17083333333333334
2 0.8875 0.4875 0.1015625 0.2222222222222222
2 0.7390625 0.4013888888888889 0.0671875 0.13194444444444445
2 0.9546875 0.6305555555555555 0.08984375 0.3402777777777778
2 0.6828125 0.38055555555555554 0.0578125 0.10833333333333334
2 0.58203125 0.3486111111111111 0.03828125 0.075
2 0.61953125 0.35555555555555557 0.03203125 0.07916666666666666
2 0.64453125 0.3638888888888889 0.040625 0.09027777777777778
0 0.07578125 0.4166666666666667 0.07421875 0.14027777777777778
0 0.0375 0.3597222222222222 0.03515625 0.07916666666666666
0 0.0078125 0.5305555555555556 0.01484375 0.07083333333333333
0 0.11484375 0.39861111111111114 0.0625 0.11388888888888889
0 0.11640625 0.375 0.04140625 0.09166666666666666
0 0.07578125 0.3597222222222222 0.0359375 0.08888888888888889