0 0.27109375 0.5041666666666667 0.11484375 0.2152777777777778
0 0.37265625 0.4125 0.053125 0.125
0 0.42734375 0.3902777777777778 0.034375 0.05555555555555555
0 0.02578125 0.32222222222222224 0.01796875 0.03194444444444444
0 0.46328125 0.3527777777777778 0.01796875 0.034722222222222224
0 0.440625 0.36527777777777776 0.01875 0.0375
0 0.84609375 0.2708333333333333 0.02109375 0.029166666666666667
2 0.80390625 0.3472222222222222 0.03046875 0.06944444444444445
2 0.73828125 0.3333333333333333 0.02109375 0.05277777777777778
2 0.7140625 0.3277777777777778 0.01796875 0.04722222222222222
2 0.69375 0.3263888888888889 0.015625 0.03888888888888889
2 0.8921875 0.36944444444444446 0.04453125 0.08472222222222223
2 0.0046875 0.3138888888888889 0.00859375 0.029166666666666667
2 0.678125 0.31666666666666665 0.01640625 0.04722222222222222
2 0.76640625 0.33611111111111114 0.0265625 0.06388888888888888
2 0.6625 0.3138888888888889 0.01484375 0.04027777777777778
2 0.6484375 0.3111111111111111 0.0140625 0.03888888888888889
2 0.63125 0.3138888888888889 0.0140625 0.025
2 0.89609375 0.34305555555555556 0.01796875 0.03888888888888889
2 0.61640625 0.30277777777777776 0.01484375 0.029166666666666667