0 0.0953125 0.4305555555555556 0.15390625 0.3680555555555556
0 0.2828125 0.29305555555555557 0.0875 0.22777777777777777
0 0.36953125 0.23194444444444445 0.0578125 0.16944444444444445
0 0.46015625 0.16944444444444445 0.03984375 0.11388888888888889
0 0.4125 0.1986111111111111 0.04453125 0.1375
1 0.4890625 0.14583333333333334 0.02421875 0.08611111111111111
1 0.71796875 0.13472222222222222 0.02265625 0.075
1 0.509375 0.13333333333333333 0.01875 0.06944444444444445
1 0.52578125 0.12222222222222222 0.0140625 0.06388888888888888
1 0.7015625 0.12361111111111112 0.015625 0.06527777777777778
2 0.9515625 0.30416666666666664 0.096875 0.24722222222222223
2 0.771875 0.16944444444444445 0.0390625 0.11388888888888889
2 0.8578125 0.23194444444444445 0.0640625 0.17916666666666667
2 0.80859375 0.19722222222222222 0.04921875 0.14027777777777778
1 0.74296875 0.14722222222222223 0.028125 0.09444444444444444
1 0.465625 0.16111111111111112 0.0328125 0.09444444444444444