0 0.078125 0.2763888888888889 0.08671875 0.2111111111111111
0 0.20390625 0.2152777777777778 0.053125 0.15138888888888888
0 0.28671875 0.1763888888888889 0.03515625 0.1111111111111111
0 0.334375 0.15416666666666667 0.021875 0.0875
0 0.3890625 0.12916666666666668 0.01484375 0.058333333333333334
0 0.36328125 0.14305555555555555 0.01953125 0.06805555555555555
0 0.40703125 0.12222222222222222 0.0125 0.05
0 0.41953125 0.11666666666666667 0.0109375 0.041666666666666664
2 0.96953125 0.2875 0.0609375 0.23194444444444445
2 0.8328125 0.21388888888888888 0.0578125 0.15555555555555556
2 0.75 0.1736111111111111 0.0390625 0.1125
2 0.70234375 0.15416666666666667 0.02890625 0.09027777777777778
2 0.64765625 0.12777777777777777 0.01796875 0.06388888888888888
2 0.66953125 0.1388888888888889 0.021875 0.07361111111111111
2 0.61328125 0.11388888888888889 0.0140625 0.04722222222222222
2 0.628125 0.11944444444444445 0.015625 0.05694444444444444