2 0.4015625 0.43472222222222223 0.06328125 0.125
2 0.4984375 0.42777777777777776 0.0515625 0.11527777777777778
2 0.3125 0.45 0.07265625 0.14027777777777778
2 0.58359375 0.41944444444444445 0.053125 0.10416666666666667
2 0.73828125 0.4083333333333333 0.053125 0.09305555555555556
2 0.19296875 0.4777777777777778 0.08671875 0.16944444444444445
2 0.0265625 0.5194444444444445 0.053125 0.2222222222222222
2 0.8171875 0.40555555555555556 0.05078125 0.0875
2 0.94921875 0.4027777777777778 0.04765625 0.08055555555555556
2 0.68359375 0.4125 0.0421875 0.09722222222222222
2 0.88828125 0.4027777777777778 0.04921875 0.08472222222222223