2 0.81875 0.4777777777777778 0.08515625 0.19583333333333333
2 0.70234375 0.44027777777777777 0.06328125 0.15416666666666667
2 0.5125 0.3888888888888889 0.03828125 0.10416666666666667
2 0.45703125 0.3819444444444444 0.03671875 0.09583333333333334
2 0.62421875 0.4166666666666667 0.05 0.13194444444444445
2 0.4015625 0.375 0.0328125 0.08888888888888889
2 0.284375 0.36527777777777776 0.0296875 0.07777777777777778
2 0.253125 0.36527777777777776 0.03125 0.0763888888888889
2 0.21484375 0.3638888888888889 0.03125 0.07361111111111111
2 0.3171875 0.3680555555555556 0.03203125 0.08055555555555556
2 0.57265625 0.4027777777777778 0.04296875 0.11805555555555555
2 0.35390625 0.37222222222222223 0.03203125 0.08472222222222223
2 0.13984375 0.3611111111111111 0.02890625 0.07222222222222222
2 0.17109375 0.3638888888888889 0.0328125 0.07083333333333333