2 0.7765625 0.15833333333333333 0.0484375 0.12222222222222222
2 0.5640625 0.17083333333333334 0.0515625 0.13194444444444445
2 0.23046875 0.22777777777777777 0.0765625 0.19305555555555556
2 0.8703125 0.15694444444444444 0.04765625 0.11666666666666667
2 0.4703125 0.18055555555555555 0.05390625 0.14166666666666666
2 0.31015625 0.20555555555555555 0.06640625 0.16944444444444445
2 0.0359375 0.31805555555555554 0.07109375 0.2847222222222222
2 0.12734375 0.2611111111111111 0.09296875 0.22777777777777777
2 0.40703125 0.19305555555555556 0.05859375 0.15416666666666667
2 0.675 0.1638888888888889 0.04921875 0.12638888888888888
2 0.9578125 0.15416666666666667 0.046875 0.1111111111111111