0 0.1 0.35694444444444445 0.02578125 0.059722222222222225
0 0.01171875 0.3819444444444444 0.0234375 0.0625
0 0.13359375 0.35138888888888886 0.02421875 0.05138888888888889
0 0.0609375 0.3625 0.02734375 0.0625
0 0.034375 0.3736111111111111 0.02890625 0.06111111111111111
0 0.1546875 0.3458333333333333 0.01953125 0.04861111111111111
0 0.190625 0.3416666666666667 0.01953125 0.044444444444444446
0 0.2109375 0.34305555555555556 0.015625 0.029166666666666667
0 0.07421875 0.3277777777777778 0.01484375 0.0375
0 0.165625 0.3375 0.0140625 0.03194444444444444
0 0.115625 0.33194444444444443 0.0140625 0.03194444444444444
2 0.728125 0.39861111111111114 0.0546875 0.1125
2 0.9 0.41388888888888886 0.065625 0.13194444444444445
2 0.540625 0.3819444444444444 0.046875 0.09305555555555556
2 0.421875 0.375 0.03125 0.058333333333333334
2 0.24296875 0.3236111111111111 0.0140625 0.029166666666666667
2 0.29296875 0.325 0.01484375 0.029166666666666667
2 0.609375 0.3861111111111111 0.05 0.1
2 0.3625 0.3263888888888889 0.01328125 0.03194444444444444
2 0.471875 0.3736111111111111 0.03828125 0.08194444444444444
2 0.17265625 0.32083333333333336 0.0125 0.02638888888888889
2 0.39296875 0.3597222222222222 0.028125 0.06666666666666667
2 0.20390625 0.32222222222222224 0.0109375 0.025
2 0.20859375 0.3347222222222222 0.0203125 0.05