0 0.21796875 0.5263888888888889 0.11171875 0.2152777777777778
0 0.31328125 0.44583333333333336 0.0640625 0.13472222222222222
0 0.371875 0.39861111111111114 0.03671875 0.08888888888888889
0 0.4 0.38333333333333336 0.0234375 0.06666666666666667
2 0.8515625 0.39444444444444443 0.04765625 0.08888888888888889
2 0.68515625 0.35694444444444445 0.0203125 0.05
2 0.7703125 0.3763888888888889 0.03359375 0.06944444444444445
2 0.9859375 0.44305555555555554 0.028125 0.1125
2 0.6078125 0.3375 0.015625 0.034722222222222224
2 0.65859375 0.3458333333333333 0.01640625 0.05416666666666667
2 0.63984375 0.3458333333333333 0.01328125 0.041666666666666664
2 0.7203125 0.36527777777777776 0.02421875 0.058333333333333334
2 0.62265625 0.34444444444444444 0.01328125 0.034722222222222224