2 0.71640625 0.425 0.0515625 0.06944444444444445
2 0.6671875 0.375 0.0359375 0.08194444444444444
2 0.7953125 0.5333333333333333 0.04765625 0.09166666666666666
2 0.98671875 0.7236111111111111 0.0265625 0.1638888888888889
2 0.6390625 0.3625 0.02734375 0.0625
2 0.5859375 0.32916666666666666 0.01640625 0.041666666666666664
2 0.13046875 0.3194444444444444 0.0125 0.027777777777777776
2 0.61875 0.3486111111111111 0.02265625 0.05694444444444444
2 0.09296875 0.3194444444444444 0.01328125 0.029166666666666667
2 0.0375 0.32083333333333336 0.01328125 0.027777777777777776
2 0.603125 0.3388888888888889 0.0203125 0.05
2 0.00234375 0.3263888888888889 0.0046875 0.020833333333333332
2 0.68984375 0.32222222222222224 0.01328125 0.027777777777777776
2 0.7734375 0.31666666666666665 0.0140625 0.02361111111111111
2 0.2609375 0.3125 0.01015625 0.020833333333333332
2 0.721875 0.3194444444444444 0.015625 0.030555555555555555
0 0.21953125 0.37916666666666665 0.04609375 0.08611111111111111
0 0.11484375 0.40694444444444444 0.06015625 0.11388888888888889
0 0.284375 0.3625 0.03359375 0.06666666666666667
0 0.340625 0.3402777777777778 0.0171875 0.05694444444444444
0 0.3171875 0.34444444444444444 0.021875 0.06944444444444445
0 0.36484375 0.3333333333333333 0.01484375 0.04861111111111111
0 0.39453125 0.3263888888888889 0.0140625 0.03888888888888889
0 0.15703125 0.31805555555555554 0.01015625 0.034722222222222224
0 0.1953125 0.32083333333333336 0.009375 0.029166666666666667
0 0.3765625 0.3347222222222222 0.0125 0.04027777777777778
0 0.2453125 0.31805555555555554 0.0125 0.03333333333333333
0 0.40625 0.32222222222222224 0.01171875 0.04027777777777778