2 0.17734375 0.5666666666666667 0.15078125 0.2833333333333333
2 0.33359375 0.5013888888888889 0.11171875 0.2125
2 0.55703125 0.4152777777777778 0.0625 0.125
2 0.65390625 0.4041666666666667 0.059375 0.1111111111111111
2 0.759375 0.39305555555555555 0.05703125 0.10138888888888889
2 0.44921875 0.46111111111111114 0.08515625 0.17222222222222222
2 0.83828125 0.38472222222222224 0.0515625 0.09166666666666666
2 0.0671875 0.6708333333333333 0.134375 0.375
2 0.9421875 0.36944444444444446 0.03203125 0.09444444444444444
2 0.50390625 0.43472222222222223 0.0671875 0.14444444444444443
2 0.89140625 0.375 0.04375 0.10138888888888889
0 0.1109375 0.30833333333333335 0.221875 0.09583333333333334