0 0.08984375 0.2875 0.08984375 0.20972222222222223
0 0.2328125 0.2152777777777778 0.0515625 0.14305555555555555
0 0.30546875 0.18055555555555555 0.03046875 0.10277777777777777
0 0.3484375 0.1625 0.02265625 0.0763888888888889
0 0.378125 0.14583333333333334 0.01640625 0.06527777777777778
0 0.3984375 0.1375 0.0140625 0.05277777777777778
2 0.8328125 0.225 0.05703125 0.15416666666666667
2 0.69609375 0.16111111111111112 0.02890625 0.08888888888888889
2 0.65546875 0.14305555555555555 0.02109375 0.06805555555555555
2 0.74921875 0.1875 0.040625 0.11388888888888889
2 0.6390625 0.13472222222222222 0.01796875 0.059722222222222225
2 0.6203125 0.12777777777777777 0.01484375 0.05277777777777778