0 0.87265625 0.2847222222222222 0.08203125 0.2013888888888889
2 0.06484375 0.2652777777777778 0.08046875 0.19166666666666668
1 0.2171875 0.20694444444444443 0.0390625 0.12361111111111112
1 0.28984375 0.175 0.0265625 0.09166666666666666
1 0.675 0.1763888888888889 0.03359375 0.09722222222222222
1 0.6265625 0.15555555555555556 0.01796875 0.06527777777777778
1 0.646875 0.16527777777777777 0.0203125 0.07777777777777778
1 0.31328125 0.16527777777777777 0.025 0.08194444444444444
1 0.3453125 0.1527777777777778 0.0203125 0.06944444444444445
1 0.725 0.20694444444444443 0.03984375 0.12083333333333333
1 0.3875 0.1361111111111111 0.0109375 0.04722222222222222
1 0.37265625 0.14166666666666666 0.015625 0.05694444444444444
1 0.60625 0.14444444444444443 0.0140625 0.05277777777777778
1 0.59296875 0.14166666666666666 0.0109375 0.0375