0 0.0734375 0.5805555555555556 0.1453125 0.2708333333333333
0 0.234375 0.49583333333333335 0.11171875 0.1986111111111111
0 0.40078125 0.44583333333333336 0.078125 0.15138888888888888
0 0.53984375 0.41805555555555557 0.0671875 0.12638888888888888
0 0.62734375 0.3972222222222222 0.05703125 0.10833333333333334
0 0.509375 0.34305555555555556 0.021875 0.043055555555555555
0 0.1171875 0.3458333333333333 0.0203125 0.043055555555555555
0 0.265625 0.3402777777777778 0.01875 0.043055555555555555
0 0.05078125 0.3486111111111111 0.021875 0.04583333333333333
0 0.1984375 0.34305555555555556 0.01875 0.043055555555555555
0 0.5953125 0.3486111111111111 0.025 0.04861111111111111
0 0.39375 0.3416666666666667 0.0203125 0.041666666666666664
0 0.45546875 0.3416666666666667 0.0203125 0.043055555555555555
0 0.32734375 0.3402777777777778 0.01640625 0.03888888888888889
0 0.63515625 0.35138888888888886 0.0234375 0.059722222222222225
0 0.56171875 0.34305555555555556 0.02109375 0.05138888888888889
2 0.83671875 0.33194444444444443 0.02734375 0.04861111111111111
2 0.89453125 0.33611111111111114 0.028125 0.05416666666666667
2 0.95703125 0.3402777777777778 0.0328125 0.059722222222222225
2 0.7421875 0.3277777777777778 0.015625 0.043055555555555555
2 0.375 0.3263888888888889 0.01484375 0.034722222222222224
2 0.07734375 0.3347222222222222 0.01875 0.03888888888888889
2 0.18125 0.33194444444444443 0.015625 0.0375
2 0.69375 0.3277777777777778 0.0171875 0.041666666666666664
2 0.246875 0.33055555555555555 0.015625 0.03611111111111111
2 0.60625 0.3277777777777778 0.0140625 0.0375
2 0.0234375 0.3375 0.01953125 0.0375
2 0.47109375 0.3263888888888889 0.01484375 0.034722222222222224
2 0.5203125 0.3263888888888889 0.0140625 0.034722222222222224
2 0.42421875 0.3263888888888889 0.015625 0.034722222222222224
2 0.29453125 0.3277777777777778 0.01484375 0.03611111111111111
2 0.78359375 0.33055555555555555 0.0234375 0.043055555555555555
2 0.653125 0.3277777777777778 0.015625 0.0375
2 0.13359375 0.3333333333333333 0.0171875 0.0375
2 0.33203125 0.3263888888888889 0.0140625 0.03333333333333333