0 0.78828125 0.22361111111111112 0.05703125 0.16666666666666666
0 0.70625 0.1875 0.034375 0.12222222222222222
0 0.6453125 0.1638888888888889 0.02265625 0.09166666666666666
0 0.56328125 0.11805555555555555 0.0109375 0.043055555555555555
0 0.6171875 0.14027777777777778 0.01640625 0.07222222222222222
0 0.5953125 0.13194444444444445 0.0140625 0.059722222222222225
0 0.57890625 0.12361111111111112 0.01171875 0.05138888888888889
2 0.13671875 0.21805555555555556 0.0578125 0.15
2 0.2125 0.18611111111111112 0.040625 0.12222222222222222
2 0.2640625 0.16527777777777777 0.028125 0.09444444444444444
2 0.2953125 0.15 0.02421875 0.08333333333333333
2 0.3234375 0.1361111111111111 0.01640625 0.06944444444444445
2 0.3421875 0.13055555555555556 0.01640625 0.06111111111111111
2 0.35703125 0.12361111111111112 0.0125 0.05555555555555555
2 0.3703125 0.11527777777777778 0.0125 0.05277777777777778