2 0.06640625 0.3416666666666667 0.11484375 0.28194444444444444
2 0.23359375 0.2361111111111111 0.0609375 0.17916666666666667
2 0.178125 0.16805555555555557 0.03828125 0.10694444444444444
0 0.85859375 0.34305555555555556 0.10625 0.2722222222222222
0 0.7546875 0.25277777777777777 0.06015625 0.18472222222222223
0 0.4921875 0.16527777777777777 0.034375 0.08611111111111111
0 0.54453125 0.175 0.03828125 0.09166666666666666
0 0.66015625 0.19722222222222222 0.03515625 0.12638888888888888
0 0.68515625 0.21666666666666667 0.05 0.14722222222222223
0 0.45 0.15555555555555556 0.0296875 0.08333333333333333
0 0.6078125 0.18194444444444444 0.04453125 0.1125
0 0.41875 0.15 0.025 0.075
0 0.3890625 0.14305555555555555 0.021875 0.07361111111111111
0 0.32734375 0.13055555555555556 0.0171875 0.06944444444444445
0 0.3515625 0.1361111111111111 0.01328125 0.06944444444444445
2 0.21484375 0.18194444444444444 0.0375 0.13055555555555556
2 0.24921875 0.2013888888888889 0.04375 0.14166666666666666