0 0.296875 0.5597222222222222 0.140625 0.26666666666666666
0 0.73359375 0.44722222222222224 0.08515625 0.1597222222222222
0 0.9109375 0.42083333333333334 0.078125 0.13472222222222222
0 0.06484375 0.3638888888888889 0.040625 0.059722222222222225
0 0.1328125 0.35694444444444445 0.03203125 0.058333333333333334
0 0.05625 0.7680555555555556 0.1125 0.2777777777777778
0 0.190625 0.3527777777777778 0.03359375 0.05555555555555555
0 0.384375 0.3458333333333333 0.01640625 0.027777777777777776
0 0.525 0.3375 0.01484375 0.02361111111111111
0 0.2890625 0.3527777777777778 0.02734375 0.03194444444444444
0 0.3328125 0.35138888888888886 0.01875 0.02638888888888889
0 0.2328125 0.3388888888888889 0.0234375 0.07222222222222222
0 0.4328125 0.34305555555555556 0.0140625 0.02361111111111111
0 0.73671875 0.3277777777777778 0.01328125 0.020833333333333332
0 0.88125 0.32083333333333336 0.01484375 0.020833333333333332
0 0.4734375 0.3402777777777778 0.01484375 0.02361111111111111
0 0.584375 0.33611111111111114 0.015625 0.02361111111111111
0 0.83046875 0.3236111111111111 0.0125 0.019444444444444445
0 0.78515625 0.325 0.0140625 0.019444444444444445
0 0.934375 0.31805555555555554 0.0140625 0.020833333333333332
0 0.665625 0.33055555555555555 0.0140625 0.02361111111111111
2 0.10390625 0.3388888888888889 0.0234375 0.04583333333333333
2 0.0265625 0.34305555555555556 0.02578125 0.05
2 0.1765625 0.3347222222222222 0.01640625 0.043055555555555555
2 0.31015625 0.32916666666666666 0.015625 0.03611111111111111
2 0.39375 0.325 0.01171875 0.03194444444444444
2 0.27421875 0.33055555555555555 0.0140625 0.0375
2 0.3484375 0.3277777777777778 0.015625 0.034722222222222224
2 0.50234375 0.3236111111111111 0.0125 0.029166666666666667
2 0.5609375 0.32083333333333336 0.01171875 0.029166666666666667
2 0.4421875 0.3236111111111111 0.01171875 0.029166666666666667
2 0.62109375 0.3194444444444444 0.01171875 0.029166666666666667