2 0.1828125 0.425 0.08203125 0.18055555555555555
2 0.4609375 0.3611111111111111 0.04296875 0.10833333333333334
2 0.5625 0.3402777777777778 0.03046875 0.08611111111111111
2 0.6203125 0.325 0.02578125 0.07083333333333333
2 0.6578125 0.31666666666666665 0.02265625 0.06111111111111111
2 0.69140625 0.30833333333333335 0.01875 0.05277777777777778
2 0.715625 0.30277777777777776 0.01640625 0.04722222222222222
2 0.74140625 0.2986111111111111 0.0140625 0.041666666666666664
2 0.753125 0.29583333333333334 0.0125 0.03888888888888889
2 0.8234375 0.2833333333333333 0.015625 0.025
2 0.76640625 0.29583333333333334 0.01171875 0.029166666666666667
2 0.78828125 0.28888888888888886 0.01171875 0.029166666666666667
2 0.7765625 0.2916666666666667 0.0109375 0.029166666666666667