2 0.16484375 0.5041666666666667 0.1140625 0.21388888888888888
2 0.303125 0.4236111111111111 0.06015625 0.13055555555555556
2 0.36484375 0.3888888888888889 0.04140625 0.09027777777777778
2 0.39921875 0.36666666666666664 0.03046875 0.075
2 0.95859375 0.3263888888888889 0.0140625 0.030555555555555555
2 0.4328125 0.35138888888888886 0.02734375 0.058333333333333334
2 0.4171875 0.35694444444444445 0.02265625 0.058333333333333334
2 0.44453125 0.3402777777777778 0.01484375 0.04583333333333333
2 0.9953125 0.3263888888888889 0.00859375 0.03333333333333333
2 0.871875 0.3236111111111111 0.01171875 0.02638888888888889
2 0.9171875 0.325 0.01328125 0.02638888888888889
2 0.43828125 0.34444444444444444 0.02578125 0.05694444444444444
2 0.8421875 0.32222222222222224 0.0109375 0.02638888888888889
0 0.978125 0.42916666666666664 0.04375 0.12916666666666668
0 0.8109375 0.3763888888888889 0.040625 0.07916666666666666
0 0.87578125 0.3958333333333333 0.05546875 0.09861111111111111
0 0.7515625 0.35694444444444445 0.02734375 0.06527777777777778
0 0.69609375 0.3416666666666667 0.0140625 0.05416666666666667
0 0.72890625 0.3486111111111111 0.01796875 0.06111111111111111
0 0.9765625 0.32916666666666666 0.0140625 0.043055555555555555
0 0.92578125 0.3263888888888889 0.01328125 0.04027777777777778
0 0.675 0.3375 0.01328125 0.04583333333333333
0 0.859375 0.32222222222222224 0.0140625 0.043055555555555555
0 0.66875 0.33611111111111114 0.0125 0.044444444444444446
0 0.8890625 0.3263888888888889 0.0125 0.0375
0 0.6515625 0.3333333333333333 0.0140625 0.05
0 0.6265625 0.32916666666666666 0.01796875 0.05138888888888889
0 0.59375 0.33055555555555555 0.01328125 0.05138888888888889