0 0.31015625 0.2111111111111111 0.05390625 0.15416666666666667
0 0.24375 0.22777777777777777 0.0609375 0.16666666666666666
0 0.4 0.19583333333333333 0.03046875 0.12361111111111112
0 0.171875 0.2569444444444444 0.0796875 0.1875
0 0.45078125 0.18611111111111112 0.0265625 0.11805555555555555
0 0.09765625 0.2847222222222222 0.08984375 0.2152777777777778
0 0.36015625 0.2013888888888889 0.04453125 0.1375
0 0.04375 0.3277777777777778 0.0859375 0.25416666666666665
2 0.965625 0.31666666666666665 0.065625 0.24027777777777778
2 0.9078125 0.24027777777777778 0.05703125 0.17916666666666667
2 0.96015625 0.2152777777777778 0.03203125 0.15555555555555556