1 0.884375 0.2569444444444444 0.06953125 0.15694444444444444
1 0.215625 0.25277777777777777 0.05546875 0.15416666666666667
1 0.04140625 0.3625 0.08203125 0.2638888888888889
1 0.75859375 0.20833333333333334 0.03828125 0.10972222222222222
1 0.2953125 0.2111111111111111 0.0390625 0.1125
1 0.6984375 0.18055555555555555 0.028125 0.09027777777777778
1 0.33828125 0.18472222222222223 0.02578125 0.09027777777777778
1 0.3671875 0.1736111111111111 0.02109375 0.06805555555555555
1 0.66875 0.17083333333333334 0.02265625 0.07222222222222222
1 0.63984375 0.16111111111111112 0.015625 0.058333333333333334
1 0.38984375 0.1625 0.015625 0.059722222222222225
1 0.62265625 0.15416666666666667 0.0140625 0.05138888888888889
1 0.4078125 0.1527777777777778 0.01171875 0.04722222222222222