0 0.83125 0.25555555555555554 0.06328125 0.1597222222222222
0 0.73046875 0.20833333333333334 0.03828125 0.11527777777777778
0 0.67578125 0.18472222222222223 0.0234375 0.0875
0 0.64609375 0.17083333333333334 0.01796875 0.07222222222222222
0 0.61953125 0.15833333333333333 0.01484375 0.05555555555555555
0 0.60546875 0.15 0.0125 0.05277777777777778
0 0.565625 0.13472222222222222 0.009375 0.034722222222222224
0 0.57265625 0.1361111111111111 0.009375 0.0375
0 0.5796875 0.14027777777777778 0.01171875 0.04027777777777778
0 0.5875 0.14305555555555555 0.0109375 0.04583333333333333
2 0.175 0.24305555555555555 0.059375 0.1527777777777778
2 0.3046875 0.18194444444444444 0.03046875 0.09583333333333334
2 0.33984375 0.16666666666666666 0.02265625 0.075
2 0.25703125 0.20416666666666666 0.03828125 0.1125
2 0.3671875 0.15694444444444444 0.01796875 0.059722222222222225
2 0.38125 0.1527777777777778 0.01484375 0.05416666666666667
2 0.3921875 0.14583333333333334 0.01328125 0.05138888888888889
2 0.40234375 0.14305555555555555 0.01171875 0.041666666666666664
2 0.40859375 0.1388888888888889 0.01171875 0.043055555555555555
2 0.4171875 0.1361111111111111 0.0109375 0.04027777777777778