0 0.04609375 0.29305555555555557 0.0921875 0.23472222222222222
0 0.20859375 0.20972222222222223 0.0484375 0.1486111111111111
0 0.28671875 0.1736111111111111 0.0328125 0.10416666666666667
0 0.384375 0.12361111111111112 0.0140625 0.05555555555555555
0 0.3625 0.13333333333333333 0.01796875 0.06527777777777778
0 0.4 0.11805555555555555 0.0125 0.04861111111111111
0 0.41171875 0.10972222222222222 0.01015625 0.043055555555555555
0 0.33203125 0.15 0.02265625 0.08333333333333333
2 0.84765625 0.2222222222222222 0.06328125 0.1625
2 0.728125 0.16944444444444445 0.0359375 0.10416666666666667
2 0.6890625 0.15 0.0265625 0.09027777777777778
2 0.6515625 0.13472222222222222 0.01953125 0.07222222222222222
2 0.62578125 0.12361111111111112 0.015625 0.059722222222222225
2 0.6 0.1125 0.0125 0.05
2 0.6109375 0.11805555555555555 0.01328125 0.05416666666666667
2 0.590625 0.10833333333333334 0.0109375 0.043055555555555555