2 0.934375 0.5597222222222222 0.12890625 0.2791666666666667
2 0.775 0.45555555555555555 0.08046875 0.16666666666666666
2 0.6890625 0.40555555555555556 0.0546875 0.11527777777777778
2 0.6421875 0.3819444444444444 0.03828125 0.09305555555555556
2 0.6171875 0.3597222222222222 0.02734375 0.06805555555555555
2 0.58359375 0.34305555555555556 0.01953125 0.05555555555555555
2 0.596875 0.34444444444444444 0.021875 0.06388888888888888
0 0.05546875 0.41805555555555557 0.0734375 0.12361111111111112
0 0.1703125 0.3861111111111111 0.0515625 0.09027777777777778
0 0.30546875 0.3486111111111111 0.02578125 0.0625
0 0.26015625 0.3625 0.03125 0.06666666666666667
0 0.33515625 0.3388888888888889 0.01875 0.05277777777777778
0 0.353125 0.3375 0.0140625 0.043055555555555555
0 0.3640625 0.33194444444444443 0.01484375 0.04027777777777778