0 0.1453125 0.2833333333333333 0.0765625 0.19583333333333333
0 0.26796875 0.2152777777777778 0.04453125 0.13194444444444445
0 0.33046875 0.18194444444444444 0.03203125 0.09722222222222222
0 0.36171875 0.16805555555555557 0.02421875 0.08194444444444444
0 0.39296875 0.15555555555555556 0.01640625 0.059722222222222225
0 0.40546875 0.1486111111111111 0.01328125 0.05138888888888889
0 0.41796875 0.14027777777777778 0.0125 0.04583333333333333
0 0.43203125 0.13333333333333333 0.01015625 0.03888888888888889
2 0.94453125 0.2722222222222222 0.07578125 0.18888888888888888
2 0.8 0.2125 0.04765625 0.12777777777777777
2 0.7359375 0.18333333333333332 0.0328125 0.10138888888888889
2 0.65546875 0.1527777777777778 0.01953125 0.06388888888888888
2 0.6140625 0.13472222222222222 0.01328125 0.04583333333333333
2 0.68984375 0.16527777777777777 0.025 0.07916666666666666
2 0.6265625 0.1388888888888889 0.0140625 0.05138888888888889
2 0.60078125 0.12777777777777777 0.01015625 0.04027777777777778
2 0.58984375 0.12777777777777777 0.01171875 0.03194444444444444
2 0.578125 0.12083333333333333 0.0109375 0.03194444444444444