0 0.90625 0.225 0.08203125 0.20277777777777778
0 0.76796875 0.15138888888888888 0.04765625 0.12638888888888888
0 0.7078125 0.12777777777777777 0.02890625 0.1
0 0.6671875 0.1125 0.02265625 0.08055555555555556
0 0.64140625 0.09861111111111111 0.01640625 0.06805555555555555
2 0.065625 0.22361111111111112 0.08515625 0.20416666666666666
2 0.29609375 0.12361111111111112 0.0328125 0.09861111111111111
2 0.3546875 0.09722222222222222 0.0203125 0.07222222222222222
2 0.32890625 0.10555555555555556 0.02421875 0.08333333333333333
2 0.37421875 0.0875 0.0171875 0.06388888888888888
2 0.215625 0.15833333333333333 0.04765625 0.14166666666666666