2 0.940625 0.4666666666666667 0.090625 0.18472222222222223
2 0.66015625 0.32916666666666666 0.01796875 0.03888888888888889
2 0.69765625 0.33194444444444443 0.01796875 0.041666666666666664
2 0.734375 0.3347222222222222 0.02109375 0.04722222222222222
2 0.6234375 0.32916666666666666 0.01484375 0.0375
2 0.846875 0.425 0.0859375 0.14166666666666666
2 0.5921875 0.3263888888888889 0.01328125 0.034722222222222224
2 0.55546875 0.3263888888888889 0.01328125 0.03333333333333333
2 0.765625 0.3388888888888889 0.0203125 0.05138888888888889
2 0.8 0.38055555555555554 0.03359375 0.1111111111111111
2 0.78125 0.34444444444444444 0.0203125 0.05694444444444444
2 0.759375 0.3347222222222222 0.0125 0.04583333333333333
0 0.046875 0.45555555555555555 0.0890625 0.15555555555555556
0 0.38359375 0.37916666666666665 0.04375 0.08333333333333333
0 0.28828125 0.39166666666666666 0.04765625 0.09027777777777778
0 0.1125 0.4305555555555556 0.07265625 0.12638888888888888
0 0.453125 0.37777777777777777 0.034375 0.05277777777777778
0 0.503125 0.3527777777777778 0.01875 0.05694444444444444
0 0.4875 0.3611111111111111 0.02421875 0.06805555555555555
0 0.18984375 0.40694444444444444 0.0625 0.1125
0 0.459375 0.3416666666666667 0.015625 0.04027777777777778