2 0.71640625 0.3861111111111111 0.03984375 0.10138888888888889
2 0.81875 0.42916666666666664 0.05546875 0.14444444444444443
2 0.6609375 0.3638888888888889 0.02578125 0.06805555555555555
2 0.6265625 0.35 0.01796875 0.05416666666666667
2 0.60703125 0.3416666666666667 0.01484375 0.04722222222222222
2 0.5921875 0.3375 0.01328125 0.0375
2 0.58203125 0.3333333333333333 0.01171875 0.029166666666666667
2 0.553125 0.31805555555555554 0.009375 0.02638888888888889
0 0.1734375 0.4583333333333333 0.07578125 0.16944444444444445
0 0.29296875 0.3902777777777778 0.0421875 0.11388888888888889
0 0.34921875 0.37222222222222223 0.02734375 0.09583333333333334
0 0.3796875 0.35694444444444445 0.01875 0.06805555555555555