2 0.75546875 0.44583333333333336 0.0796875 0.1486111111111111
2 0.6265625 0.425 0.065625 0.12361111111111112
2 0.88046875 0.4791666666666667 0.09609375 0.18472222222222223
2 0.465625 0.4 0.0515625 0.09583333333333334
2 0.06484375 0.38055555555555554 0.04375 0.07361111111111111
2 0.34296875 0.3902777777777778 0.04453125 0.08333333333333333
2 0.5390625 0.4111111111111111 0.0578125 0.10694444444444444
2 0.228125 0.38472222222222224 0.05078125 0.07777777777777778
2 0.39140625 0.39305555555555555 0.04609375 0.0875
2 0.28359375 0.3875 0.0453125 0.08055555555555556
2 0.14453125 0.38055555555555554 0.0453125 0.0763888888888889