0 0.14453125 0.25833333333333336 0.06953125 0.18194444444444444
0 0.24453125 0.20972222222222223 0.0359375 0.13194444444444445
0 0.3125 0.1763888888888889 0.0234375 0.09861111111111111
0 0.34375 0.16111111111111112 0.01953125 0.07777777777777778
0 0.37421875 0.14722222222222223 0.0140625 0.06666666666666667
0 0.41328125 0.12638888888888888 0.01015625 0.04027777777777778
0 0.4015625 0.13194444444444445 0.01015625 0.043055555555555555
0 0.3890625 0.1361111111111111 0.0125 0.05138888888888889
0 0.42421875 0.12361111111111112 0.009375 0.03611111111111111
2 0.88515625 0.25555555555555554 0.07265625 0.18333333333333332
2 0.76640625 0.2013888888888889 0.04453125 0.12916666666666668
2 0.6984375 0.17222222222222222 0.03046875 0.10138888888888889
2 0.66875 0.16111111111111112 0.025 0.08472222222222223
2 0.64609375 0.15138888888888888 0.01953125 0.06944444444444445
2 0.615625 0.13472222222222222 0.01328125 0.05416666666666667
2 0.62890625 0.14166666666666666 0.015625 0.06527777777777778
2 0.59453125 0.125 0.01171875 0.04722222222222222
2 0.58359375 0.11944444444444445 0.01015625 0.041666666666666664
2 0.60390625 0.12916666666666668 0.0125 0.05138888888888889