1 0.12109375 0.24722222222222223 0.07109375 0.18472222222222223
1 0.8546875 0.2375 0.06796875 0.16944444444444445
1 0.76640625 0.19583333333333333 0.04609375 0.13194444444444445
1 0.46015625 0.16944444444444445 0.03046875 0.10416666666666667
1 0.703125 0.16805555555555557 0.034375 0.10555555555555556
1 0.52265625 0.16944444444444445 0.03515625 0.10416666666666667
1 0.6390625 0.16666666666666666 0.0328125 0.10138888888888889
1 0.39609375 0.1736111111111111 0.03203125 0.09722222222222222
1 0.33515625 0.175 0.03203125 0.09305555555555556
1 0.57734375 0.17083333333333334 0.03125 0.1
1 0.23046875 0.19305555555555556 0.0421875 0.13055555555555556
1 0.28046875 0.17222222222222222 0.02734375 0.10138888888888889