0 0.96796875 0.26805555555555555 0.06328125 0.2361111111111111
0 0.79609375 0.1736111111111111 0.04921875 0.1375
0 0.72734375 0.14027777777777778 0.02890625 0.09583333333333334
0 0.66875 0.11388888888888889 0.01796875 0.06666666666666667
0 0.6953125 0.125 0.025 0.08472222222222223
0 0.64609375 0.10138888888888889 0.0140625 0.058333333333333334
0 0.63359375 0.09722222222222222 0.0140625 0.05277777777777778
0 0.62109375 0.09027777777777778 0.01171875 0.04861111111111111
2 0.16171875 0.2 0.06484375 0.16805555555555557
2 0.28515625 0.14305555555555555 0.034375 0.1111111111111111
2 0.33671875 0.12222222222222222 0.02578125 0.08472222222222223
2 0.36484375 0.1111111111111111 0.021875 0.07361111111111111
2 0.39765625 0.09444444444444444 0.0140625 0.0625
2 0.38828125 0.1 0.01875 0.06666666666666667