0 0.259375 0.4583333333333333 0.090625 0.2111111111111111
0 0.3484375 0.4097222222222222 0.0671875 0.16805555555555557
0 0.25390625 0.3194444444444444 0.0328125 0.07083333333333333
0 0.18203125 0.31666666666666665 0.028125 0.06527777777777778
0 0.3 0.32222222222222224 0.028125 0.07083333333333333
0 0.32578125 0.32916666666666666 0.02421875 0.075
0 0.3671875 0.3347222222222222 0.02578125 0.09027777777777778
2 0.9046875 0.3888888888888889 0.05234375 0.15833333333333333
2 0.78125 0.3375 0.04375 0.10555555555555556
2 0.63203125 0.30416666666666664 0.0265625 0.06944444444444445
2 0.7421875 0.32222222222222224 0.02890625 0.09027777777777778
2 0.83515625 0.35555555555555557 0.053125 0.12777777777777777
2 0.68359375 0.30972222222222223 0.02890625 0.0763888888888889
2 0.7203125 0.31527777777777777 0.02578125 0.08194444444444444
2 0.5375 0.29583333333333334 0.02265625 0.058333333333333334
2 0.5 0.29444444444444445 0.02265625 0.05555555555555555
2 0.45703125 0.29305555555555557 0.0203125 0.05277777777777778
2 0.58125 0.2986111111111111 0.0265625 0.0625