2 0.26640625 0.22777777777777777 0.07734375 0.1986111111111111
2 0.5265625 0.17083333333333334 0.05234375 0.14027777777777778
2 0.65234375 0.15694444444444444 0.0484375 0.12361111111111112
2 0.16640625 0.25972222222222224 0.09453125 0.23055555555555557
2 0.73828125 0.15 0.0453125 0.12222222222222222
2 0.0265625 0.31527777777777777 0.053125 0.2902777777777778
2 0.89921875 0.15 0.04921875 0.12083333333333333
2 0.36640625 0.19722222222222222 0.065625 0.16666666666666666
2 0.97421875 0.15 0.05 0.11805555555555555
2 0.81640625 0.15138888888888888 0.04765625 0.11944444444444445
2 0.45625 0.18472222222222223 0.0609375 0.1527777777777778
2 0.5953125 0.16111111111111112 0.05 0.13055555555555556