0 0.1296875 0.2652777777777778 0.07734375 0.19027777777777777
0 0.24140625 0.20694444444444443 0.04296875 0.13472222222222222
0 0.31484375 0.1736111111111111 0.0296875 0.09583333333333334
0 0.38203125 0.14305555555555555 0.01640625 0.06666666666666667
0 0.34921875 0.15833333333333333 0.021875 0.0763888888888889
0 0.396875 0.13194444444444445 0.01328125 0.05416666666666667
0 0.42109375 0.12361111111111112 0.009375 0.03888888888888889
0 0.41015625 0.12777777777777777 0.01171875 0.04722222222222222
0 0.4328125 0.11805555555555555 0.00859375 0.03194444444444444
2 0.921875 0.2611111111111111 0.08046875 0.19444444444444445
2 0.7859375 0.2 0.04765625 0.13055555555555556
2 0.71171875 0.17083333333333334 0.02890625 0.09305555555555556
2 0.65546875 0.14444444444444443 0.01953125 0.07083333333333333
2 0.6796875 0.15555555555555556 0.0234375 0.08055555555555556
2 0.63828125 0.1375 0.01640625 0.06111111111111111
2 0.6234375 0.13194444444444445 0.01328125 0.05138888888888889
2 0.6109375 0.12638888888888888 0.0140625 0.05138888888888889
2 0.59140625 0.11527777777777778 0.0109375 0.04027777777777778
2 0.60234375 0.12083333333333333 0.0109375 0.043055555555555555
2 0.9234375 0.25 0.03828125 0.17083333333333334