0 0.8578125 0.22777777777777777 0.065625 0.1763888888888889
0 0.98671875 0.31666666666666665 0.02578125 0.25972222222222224
0 0.7515625 0.1763888888888889 0.04453125 0.12638888888888888
0 0.69609375 0.15 0.02578125 0.1
0 0.6625 0.1361111111111111 0.0234375 0.0763888888888889
0 0.63125 0.12083333333333333 0.0171875 0.06527777777777778
0 0.61171875 0.1111111111111111 0.01328125 0.05416666666666667
0 0.596875 0.10694444444444444 0.01171875 0.043055555555555555
2 0.11953125 0.2222222222222222 0.0703125 0.18472222222222223
2 0.2828125 0.14722222222222223 0.03359375 0.1
2 0.32265625 0.13055555555555556 0.02421875 0.08333333333333333
2 0.3484375 0.11666666666666667 0.01953125 0.07083333333333333
2 0.22734375 0.17222222222222222 0.04375 0.12916666666666668
2 0.3703125 0.10972222222222222 0.0171875 0.059722222222222225
2 0.38671875 0.10416666666666667 0.0140625 0.04861111111111111
2 0.41328125 0.09166666666666666 0.0109375 0.03888888888888889