0 0.184375 0.25833333333333336 0.059375 0.16527777777777777
0 0.334375 0.1875 0.02265625 0.09583333333333334
0 0.2734375 0.2152777777777778 0.03203125 0.12222222222222222
0 0.36484375 0.16805555555555557 0.01640625 0.07361111111111111
0 0.3859375 0.1597222222222222 0.0140625 0.05694444444444444
0 0.40390625 0.15 0.01171875 0.04583333333333333
0 0.41875 0.14166666666666666 0.01171875 0.043055555555555555
2 0.84609375 0.24861111111111112 0.0625 0.1597222222222222
2 0.7671875 0.2152777777777778 0.03984375 0.125
2 0.715625 0.18888888888888888 0.03046875 0.10694444444444444
2 0.6828125 0.175 0.025 0.09027777777777778
2 0.6375 0.15555555555555556 0.01640625 0.06805555555555555
2 0.65625 0.1638888888888889 0.01796875 0.07083333333333333
2 0.6234375 0.14722222222222223 0.0140625 0.0625
2 0.609375 0.14027777777777778 0.0125 0.05416666666666667
1 0.59609375 0.1375 0.00859375 0.0375