0 0.16171875 0.24305555555555555 0.059375 0.1736111111111111
0 0.26640625 0.19166666666666668 0.0390625 0.12083333333333333
0 0.31875 0.16666666666666666 0.02890625 0.09027777777777778
0 0.38203125 0.1361111111111111 0.01484375 0.058333333333333334
0 0.35703125 0.14583333333333334 0.01875 0.06527777777777778
0 0.3984375 0.12916666666666668 0.0125 0.05138888888888889
0 0.43125 0.1125 0.01328125 0.03888888888888889
0 0.41953125 0.11805555555555555 0.0109375 0.043055555555555555
0 0.41171875 0.12222222222222222 0.0109375 0.04861111111111111
2 0.91484375 0.2611111111111111 0.08046875 0.19583333333333333
2 0.70625 0.16527777777777777 0.0296875 0.09861111111111111
2 0.75390625 0.18888888888888888 0.0421875 0.11666666666666667
2 0.66328125 0.14583333333333334 0.021875 0.0763888888888889
2 0.63359375 0.13333333333333333 0.01640625 0.0625
2 0.6171875 0.12777777777777777 0.01328125 0.05277777777777778
2 0.60625 0.12222222222222222 0.01328125 0.05
2 0.5953125 0.11944444444444445 0.01171875 0.043055555555555555
2 0.58203125 0.1125 0.0125 0.03888888888888889
2 0.5671875 0.10555555555555556 0.01171875 0.034722222222222224
2 0.75703125 0.15555555555555556 0.01484375 0.05
2 0.92421875 0.2013888888888889 0.02265625 0.075