0 0.171875 0.22777777777777777 0.0578125 0.16111111111111112
0 0.24765625 0.1875 0.04296875 0.12638888888888888
0 0.30546875 0.16111111111111112 0.02890625 0.09861111111111111
0 0.3421875 0.14305555555555555 0.0203125 0.075
0 0.3671875 0.13194444444444445 0.015625 0.0625
0 0.3859375 0.12361111111111112 0.0125 0.05277777777777778
0 0.4078125 0.1111111111111111 0.0109375 0.043055555555555555
0 0.39921875 0.11805555555555555 0.01171875 0.04583333333333333
0 0.4203125 0.10555555555555556 0.01015625 0.03611111111111111
2 0.79609375 0.1986111111111111 0.05234375 0.14166666666666666
2 0.71171875 0.1638888888888889 0.03359375 0.10138888888888889
2 0.8671875 0.23194444444444445 0.06640625 0.1763888888888889
2 0.671875 0.14722222222222223 0.02578125 0.08194444444444444
2 0.64140625 0.13194444444444445 0.02109375 0.07083333333333333
2 0.61484375 0.12083333333333333 0.01640625 0.058333333333333334
2 0.603125 0.11527777777777778 0.0140625 0.05138888888888889
2 0.58984375 0.10972222222222222 0.01328125 0.044444444444444446
2 0.57890625 0.10555555555555556 0.0109375 0.03888888888888889