0 0.17890625 0.5569444444444445 0.1453125 0.2833333333333333
0 0.31796875 0.4263888888888889 0.07578125 0.15416666666666667
0 0.4015625 0.37916666666666665 0.03828125 0.06388888888888888
0 0.02734375 0.30694444444444446 0.0125 0.019444444444444445
0 0.4140625 0.34444444444444444 0.02421875 0.0763888888888889
0 0.06875 0.30416666666666664 0.0109375 0.018055555555555554
0 0.13359375 0.2986111111111111 0.01015625 0.018055555555555554
0 0.43125 0.3277777777777778 0.01796875 0.05694444444444444
0 0.10625 0.3013888888888889 0.0125 0.016666666666666666
2 0.91875 0.3611111111111111 0.05625 0.10277777777777777
2 0.74375 0.32222222222222224 0.02578125 0.059722222222222225
2 0.80078125 0.33611111111111114 0.03359375 0.075
2 0.7140625 0.31666666666666665 0.021875 0.04861111111111111
2 0.6828125 0.3138888888888889 0.015625 0.034722222222222224
2 0.05546875 0.2902777777777778 0.00859375 0.018055555555555554
2 0.0859375 0.28888888888888886 0.00859375 0.020833333333333332
2 0.02734375 0.3 0.0140625 0.03611111111111111
2 0.659375 0.3013888888888889 0.01640625 0.041666666666666664
2 0.63515625 0.29583333333333334 0.0125 0.03888888888888889