2 0.1484375 0.4027777777777778 0.05859375 0.11388888888888889
2 0.08203125 0.43194444444444446 0.075 0.14444444444444443
2 0.21953125 0.38055555555555554 0.04453125 0.09166666666666666
2 0.2671875 0.3597222222222222 0.0328125 0.06805555555555555
2 0.30078125 0.35 0.02421875 0.05416666666666667
2 0.32421875 0.3416666666666667 0.0203125 0.04861111111111111
2 0.37734375 0.3277777777777778 0.0171875 0.02361111111111111
2 0.340625 0.3402777777777778 0.01640625 0.03194444444444444
2 0.36015625 0.33194444444444443 0.0140625 0.029166666666666667
2 0.35390625 0.33611111111111114 0.0140625 0.02638888888888889
0 0.74296875 0.4166666666666667 0.059375 0.11666666666666667
0 0.6765625 0.3875 0.04296875 0.09027777777777778
0 0.621875 0.36527777777777776 0.02890625 0.06805555555555555
0 0.590625 0.35694444444444445 0.021875 0.05