2 0.128125 0.4 0.0671875 0.125
2 0.225 0.37222222222222223 0.04609375 0.09305555555555556
2 0.49765625 0.31805555555555554 0.015625 0.03611111111111111
2 0.47578125 0.3194444444444444 0.01640625 0.0375
2 0.43671875 0.3236111111111111 0.01796875 0.041666666666666664
2 0.2859375 0.35555555555555557 0.0328125 0.06527777777777778
2 0.38046875 0.32916666666666666 0.02265625 0.04722222222222222
2 0.31796875 0.3416666666666667 0.0265625 0.058333333333333334
2 0.53984375 0.3138888888888889 0.0140625 0.03333333333333333
2 0.34609375 0.3333333333333333 0.02421875 0.05
2 0.521875 0.31527777777777777 0.01484375 0.03611111111111111
2 0.56328125 0.3125 0.0140625 0.03194444444444444
2 0.61015625 0.3111111111111111 0.0125 0.029166666666666667
2 0.5859375 0.3111111111111111 0.0109375 0.030555555555555555
2 0.45703125 0.32083333333333336 0.01796875 0.04027777777777778
2 0.41796875 0.325 0.01796875 0.043055555555555555
0 0.85703125 0.4166666666666667 0.07109375 0.13194444444444445
0 0.771875 0.38472222222222224 0.05 0.1
0 0.98671875 0.5222222222222223 0.0265625 0.12083333333333333
0 0.7046875 0.3638888888888889 0.034375 0.06666666666666667
0 0.66796875 0.3527777777777778 0.02265625 0.04027777777777778
0 0.64765625 0.3402777777777778 0.01875 0.041666666666666664