0 0.79609375 0.5555555555555556 0.13203125 0.2569444444444444
0 0.6703125 0.43472222222222223 0.06875 0.14027777777777778
0 0.59375 0.39305555555555555 0.03515625 0.058333333333333334
0 0.93359375 0.3277777777777778 0.0109375 0.018055555555555554
0 0.58203125 0.3611111111111111 0.02265625 0.06944444444444445
0 0.89609375 0.325 0.01015625 0.015277777777777777
0 0.98046875 0.33194444444444443 0.0125 0.018055555555555554
0 0.8375 0.3194444444444444 0.009375 0.015277777777777777
0 0.56640625 0.3458333333333333 0.01640625 0.05277777777777778
0 0.8625 0.32222222222222224 0.0109375 0.015277777777777777
2 0.1234375 0.3763888888888889 0.05078125 0.09305555555555556
2 0.2828125 0.3416666666666667 0.0234375 0.05416666666666667
2 0.23046875 0.3527777777777778 0.03046875 0.06805555555555555
2 0.309375 0.33611111111111114 0.01953125 0.044444444444444446
2 0.33828125 0.3333333333333333 0.0140625 0.03194444444444444
2 0.9640625 0.31666666666666665 0.01015625 0.022222222222222223
2 0.9078125 0.3125 0.0078125 0.016666666666666666
2 0.88125 0.3111111111111111 0.0078125 0.019444444444444445
2 0.99765625 0.32083333333333336 0.00390625 0.02361111111111111
2 0.93359375 0.32083333333333336 0.0125 0.03194444444444444
2 0.359375 0.32222222222222224 0.01484375 0.0375
2 0.38125 0.31805555555555554 0.0109375 0.034722222222222224