2 0.8359375 0.4013888888888889 0.0625 0.11666666666666667
2 0.74609375 0.3763888888888889 0.04296875 0.08611111111111111
2 0.4921875 0.325 0.01484375 0.034722222222222224
2 0.51171875 0.3263888888888889 0.015625 0.034722222222222224
2 0.5484375 0.33055555555555555 0.01640625 0.03888888888888889
2 0.6890625 0.3597222222222222 0.03046875 0.06111111111111111
2 0.60078125 0.33611111111111114 0.02109375 0.043055555555555555
2 0.659375 0.3486111111111111 0.025 0.05416666666666667
2 0.45234375 0.32222222222222224 0.01328125 0.03194444444444444
2 0.63359375 0.3402777777777778 0.021875 0.04583333333333333
2 0.46953125 0.3236111111111111 0.0140625 0.03333333333333333
2 0.43125 0.32083333333333336 0.01328125 0.029166666666666667
2 0.3875 0.3194444444444444 0.01171875 0.027777777777777776
2 0.409375 0.3194444444444444 0.01015625 0.029166666666666667
2 0.5296875 0.3277777777777778 0.01640625 0.0375
2 0.565625 0.33194444444444443 0.01640625 0.04027777777777778
2 0.98359375 0.5138888888888888 0.0296875 0.07083333333333333
0 0.15625 0.41805555555555557 0.065625 0.12361111111111112
0 0.23671875 0.3875 0.046875 0.09305555555555556
0 0.02421875 0.5166666666666667 0.0484375 0.1125
0 0.2984375 0.36944444444444446 0.03203125 0.0625
0 0.33359375 0.35833333333333334 0.02109375 0.0375
0 0.3515625 0.3472222222222222 0.0171875 0.03888888888888889