1 0.09921875 0.3013888888888889 0.09296875 0.2263888888888889
1 0.22734375 0.225 0.05234375 0.15138888888888888
1 0.81875 0.2152777777777778 0.0515625 0.1375
1 0.75703125 0.1875 0.03828125 0.1125
1 0.27734375 0.19305555555555556 0.0375 0.11805555555555555
1 0.328125 0.16666666666666666 0.0265625 0.09444444444444444
1 0.4890625 0.15416666666666667 0.021875 0.08055555555555556
1 0.57890625 0.15555555555555556 0.021875 0.07361111111111111
1 0.7015625 0.16666666666666666 0.0296875 0.09444444444444444
1 0.53203125 0.15416666666666667 0.021875 0.08055555555555556
1 0.625 0.1527777777777778 0.021875 0.0763888888888889
1 0.39609375 0.15694444444444444 0.02109375 0.075
1 0.6734375 0.15138888888888888 0.02265625 0.07916666666666666
1 0.440625 0.15694444444444444 0.021875 0.07361111111111111
1 0.3546875 0.15694444444444444 0.01953125 0.07222222222222222