0 0.8109375 0.20277777777777778 0.0640625 0.17083333333333334
0 0.71484375 0.15694444444444444 0.040625 0.12361111111111112
0 0.98359375 0.3861111111111111 0.03203125 0.14027777777777778
0 0.66484375 0.13194444444444445 0.0265625 0.1
0 0.62421875 0.11388888888888889 0.01875 0.0763888888888889
0 0.603125 0.10138888888888889 0.01640625 0.06527777777777778
0 0.58046875 0.09166666666666666 0.0140625 0.059722222222222225
0 0.55078125 0.0763888888888889 0.01015625 0.04027777777777778
0 0.5703125 0.0875 0.0125 0.04861111111111111
0 0.559375 0.08333333333333333 0.01171875 0.044444444444444446
2 0.11484375 0.19166666666666668 0.06171875 0.1638888888888889
2 0.26015625 0.12638888888888888 0.03046875 0.1
2 0.30234375 0.1125 0.02265625 0.075
2 0.203125 0.15416666666666667 0.04453125 0.125
2 0.3375 0.09583333333333334 0.01640625 0.06111111111111111
2 0.321875 0.10416666666666667 0.01953125 0.06805555555555555
2 0.3625 0.08333333333333333 0.01328125 0.05
2 0.35078125 0.09166666666666666 0.01484375 0.05277777777777778
2 0.37734375 0.07777777777777778 0.01171875 0.044444444444444446
2 0.3875 0.07083333333333333 0.01015625 0.041666666666666664
2 0.37109375 0.08055555555555556 0.0109375 0.044444444444444446