2 0.7421875 0.43194444444444446 0.078125 0.14583333333333334
2 0.42265625 0.3819444444444444 0.04765625 0.09027777777777778
2 0.88671875 0.4652777777777778 0.10390625 0.18333333333333332
2 0.49609375 0.3875 0.0515625 0.09722222222222222
2 0.3484375 0.375 0.04375 0.08472222222222223
2 0.575 0.4 0.05546875 0.10972222222222222
2 0.09609375 0.36527777777777776 0.040625 0.07083333333333333
2 0.6421875 0.4111111111111111 0.0640625 0.125
2 0.234375 0.36944444444444446 0.04140625 0.07777777777777778
2 0.190625 0.3680555555555556 0.040625 0.07361111111111111
2 0.14921875 0.36666666666666664 0.04375 0.07083333333333333
2 0.0390625 0.36527777777777776 0.0359375 0.06944444444444445
2 0.28515625 0.37222222222222223 0.04296875 0.08055555555555556
2 0.98828125 0.5861111111111111 0.021875 0.03888888888888889
2 0.0078125 0.36527777777777776 0.015625 0.06666666666666667