0 0.18359375 0.22777777777777777 0.05859375 0.1597222222222222
0 0.26484375 0.19027777777777777 0.03671875 0.12083333333333333
0 0.33359375 0.1597222222222222 0.02421875 0.0875
0 0.3578125 0.14722222222222223 0.0171875 0.07083333333333333
0 0.38046875 0.13472222222222222 0.015625 0.06111111111111111
0 0.40234375 0.12361111111111112 0.0125 0.05
0 0.41640625 0.11666666666666667 0.0109375 0.044444444444444446
2 0.85390625 0.2263888888888889 0.06328125 0.16527777777777777
2 0.75078125 0.18333333333333332 0.03984375 0.11666666666666667
2 0.690625 0.15555555555555556 0.02578125 0.09027777777777778
2 0.64453125 0.13472222222222222 0.01875 0.07083333333333333
2 0.6265625 0.12638888888888888 0.01484375 0.058333333333333334
2 0.6078125 0.11666666666666667 0.0140625 0.05416666666666667
2 0.596875 0.1125 0.01171875 0.04583333333333333
2 0.5796875 0.10416666666666667 0.01015625 0.04027777777777778