0 0.81640625 0.2361111111111111 0.05859375 0.1625
0 0.73984375 0.19583333333333333 0.04296875 0.12777777777777777
0 0.68203125 0.16805555555555557 0.02890625 0.09861111111111111
0 0.64453125 0.15138888888888888 0.0203125 0.0763888888888889
0 0.61953125 0.14027777777777778 0.01640625 0.0625
0 0.60078125 0.13055555555555556 0.0125 0.05277777777777778
0 0.57890625 0.11944444444444445 0.0109375 0.043055555555555555
0 0.5875 0.125 0.01171875 0.04722222222222222
0 0.56640625 0.1125 0.01015625 0.03611111111111111
2 0.18828125 0.20694444444444443 0.053125 0.14305555555555555
2 0.27265625 0.17083333333333334 0.03359375 0.10277777777777777
2 0.1171875 0.24027777777777778 0.0671875 0.17777777777777778
2 0.31328125 0.15555555555555556 0.0265625 0.08194444444444444
2 0.34375 0.1388888888888889 0.02109375 0.07083333333333333
2 0.3703125 0.12777777777777777 0.01640625 0.058333333333333334
2 0.38203125 0.12361111111111112 0.0140625 0.05277777777777778
2 0.3953125 0.11805555555555555 0.01328125 0.044444444444444446
2 0.40625 0.1125 0.0109375 0.03888888888888889