0 0.76953125 0.5375 0.1171875 0.225
0 0.66953125 0.4513888888888889 0.0671875 0.1388888888888889
0 0.60859375 0.4041666666666667 0.03828125 0.09166666666666666
0 0.57890625 0.3875 0.02421875 0.06944444444444445
2 0.1078125 0.39861111111111114 0.04921875 0.09166666666666666
2 0.1921875 0.38055555555555554 0.034375 0.07361111111111111
2 0.28203125 0.3611111111111111 0.02265625 0.05138888888888889
2 0.24453125 0.36944444444444446 0.02421875 0.059722222222222225
2 0.36171875 0.3388888888888889 0.015625 0.03611111111111111
2 0.309375 0.3486111111111111 0.0171875 0.05694444444444444
2 0.32890625 0.3472222222222222 0.0140625 0.044444444444444446
2 0.34609375 0.3458333333333333 0.0140625 0.0375