0 0.0921875 0.2861111111111111 0.08984375 0.21388888888888888
0 0.21953125 0.21944444444444444 0.04921875 0.14027777777777778
0 0.2984375 0.18055555555555555 0.03359375 0.1
0 0.33515625 0.16111111111111112 0.021875 0.08194444444444444
0 0.3671875 0.14583333333333334 0.01640625 0.06805555555555555
0 0.40859375 0.125 0.0109375 0.041666666666666664
0 0.4203125 0.11944444444444445 0.009375 0.03611111111111111
0 0.39765625 0.12916666666666668 0.01171875 0.04722222222222222
0 0.38359375 0.13333333333333333 0.01328125 0.05416666666666667
2 0.9546875 0.2791666666666667 0.08671875 0.20833333333333334
2 0.79609375 0.20833333333333334 0.05078125 0.1361111111111111
2 0.7125 0.175 0.03203125 0.09722222222222222
2 0.67734375 0.1597222222222222 0.0265625 0.08611111111111111
2 0.65078125 0.14722222222222223 0.02109375 0.07361111111111111
2 0.615625 0.13333333333333333 0.01328125 0.05277777777777778
2 0.60234375 0.12638888888888888 0.01328125 0.05
2 0.5921875 0.12222222222222222 0.0109375 0.044444444444444446
2 0.63125 0.14027777777777778 0.0171875 0.0625
2 0.5828125 0.11666666666666667 0.01015625 0.043055555555555555