2 0.8359375 0.49027777777777776 0.109375 0.20555555555555555
2 0.703125 0.4125 0.05859375 0.12638888888888888
2 0.64375 0.37916666666666665 0.03984375 0.0875
2 0.61015625 0.3597222222222222 0.02890625 0.07222222222222222
2 0.07109375 0.3194444444444444 0.01328125 0.029166666666666667
2 0.578125 0.34444444444444444 0.0265625 0.05555555555555555
2 0.59296875 0.35 0.021875 0.05694444444444444
2 0.5671875 0.3333333333333333 0.01484375 0.043055555555555555
2 0.03359375 0.32083333333333336 0.0125 0.03194444444444444
2 0.1546875 0.31666666666666665 0.0109375 0.025
2 0.1109375 0.31805555555555554 0.0125 0.02638888888888889
2 0.57265625 0.3375 0.025 0.05416666666666667
2 0.18359375 0.31527777777777777 0.01015625 0.025
0 0.0375 0.41944444444444445 0.07265625 0.125
0 0.21328125 0.3680555555555556 0.0390625 0.0763888888888889
0 0.15078125 0.3861111111111111 0.053125 0.09444444444444444
0 0.27109375 0.3486111111111111 0.0265625 0.0625
0 0.32421875 0.3347222222222222 0.01328125 0.05138888888888889
0 0.2921875 0.3416666666666667 0.0171875 0.058333333333333334
0 0.05390625 0.32222222222222224 0.0140625 0.041666666666666664
0 0.103125 0.3194444444444444 0.0125 0.03888888888888889
0 0.34453125 0.33055555555555555 0.01328125 0.044444444444444446
0 0.16640625 0.31666666666666665 0.01328125 0.041666666666666664
0 0.35078125 0.32916666666666666 0.01171875 0.043055555555555555
0 0.13828125 0.3194444444444444 0.0125 0.03611111111111111
0 0.3671875 0.3263888888888889 0.01328125 0.04861111111111111
0 0.39140625 0.32222222222222224 0.0171875 0.05
0 0.42265625 0.3236111111111111 0.0125 0.05