0 0.80078125 0.2388888888888889 0.05859375 0.16111111111111112
0 0.71640625 0.19305555555555556 0.0359375 0.11527777777777778
0 0.66640625 0.16666666666666666 0.02421875 0.09166666666666666
0 0.63671875 0.15138888888888888 0.02109375 0.07361111111111111
0 0.61484375 0.14305555555555555 0.01640625 0.05694444444444444
0 0.60078125 0.13055555555555556 0.0125 0.04722222222222222
0 0.58671875 0.12777777777777777 0.0109375 0.04027777777777778
2 0.10546875 0.24861111111111112 0.06875 0.175
2 0.2859375 0.16944444444444445 0.03125 0.1
2 0.2171875 0.2 0.04375 0.12638888888888888
2 0.3359375 0.1486111111111111 0.02265625 0.07361111111111111
2 0.35703125 0.1388888888888889 0.01796875 0.06666666666666667
2 0.378125 0.13055555555555556 0.015625 0.05416666666666667
2 0.3953125 0.12361111111111112 0.0140625 0.04722222222222222
2 0.41328125 0.11805555555555555 0.01171875 0.04027777777777778