0 0.81875 0.24305555555555555 0.065625 0.18055555555555555
0 0.71171875 0.19027777777777777 0.04609375 0.12916666666666668
0 0.64921875 0.1597222222222222 0.02421875 0.08611111111111111
0 0.58828125 0.13333333333333333 0.015625 0.0625
0 0.56953125 0.125 0.01328125 0.05416666666666667
0 0.61171875 0.14444444444444443 0.01875 0.07361111111111111
0 0.559375 0.11944444444444445 0.0125 0.04722222222222222
2 0.33671875 0.125 0.01640625 0.058333333333333334
0 0.54609375 0.11388888888888889 0.0109375 0.043055555555555555
2 0.078125 0.2361111111111111 0.07109375 0.1763888888888889
2 0.17734375 0.19027777777777777 0.04609375 0.13333333333333333
2 0.25 0.1597222222222222 0.03203125 0.10138888888888889
2 0.296875 0.14027777777777778 0.0234375 0.0763888888888889
2 0.35078125 0.11944444444444445 0.0140625 0.05138888888888889
2 0.31875 0.12916666666666668 0.01796875 0.06805555555555555
2 0.365625 0.10972222222222222 0.01484375 0.04722222222222222