0 0.1171875 0.2763888888888889 0.06796875 0.2013888888888889
0 0.2578125 0.20555555555555555 0.04296875 0.13194444444444445
0 0.31484375 0.17777777777777778 0.02734375 0.10138888888888889
0 0.3609375 0.15694444444444444 0.01953125 0.08194444444444444
0 0.40078125 0.13333333333333333 0.0125 0.05555555555555555
0 0.3828125 0.14166666666666666 0.01484375 0.06527777777777778
0 0.428125 0.12222222222222222 0.01015625 0.044444444444444446
0 0.41484375 0.12777777777777777 0.01015625 0.043055555555555555
2 0.92109375 0.25833333333333336 0.078125 0.19166666666666668
2 0.78046875 0.19722222222222222 0.0421875 0.12638888888888888
2 0.72890625 0.1763888888888889 0.03359375 0.10277777777777777
2 0.6921875 0.15833333333333333 0.025 0.09027777777777778
2 0.66640625 0.1486111111111111 0.0203125 0.07222222222222222
2 0.6296875 0.13194444444444445 0.015625 0.05694444444444444
2 0.61796875 0.12638888888888888 0.01328125 0.05
2 0.6453125 0.1388888888888889 0.01640625 0.059722222222222225
2 0.60625 0.11944444444444445 0.01328125 0.04583333333333333