0 0.07265625 0.27361111111111114 0.08125 0.1986111111111111
0 0.18125 0.21944444444444444 0.05625 0.14444444444444443
0 0.25703125 0.1875 0.03125 0.10555555555555556
0 0.3046875 0.1625 0.02109375 0.0875
0 0.3359375 0.15 0.0171875 0.06944444444444445
0 0.35703125 0.1375 0.01328125 0.058333333333333334
2 0.83359375 0.23472222222222222 0.06484375 0.16527777777777777
2 0.934375 0.2833333333333333 0.0890625 0.21805555555555556
2 0.72578125 0.18611111111111112 0.0390625 0.11944444444444445
2 0.640625 0.1486111111111111 0.0234375 0.07916666666666666
2 0.67734375 0.16805555555555557 0.03046875 0.09305555555555556
2 0.6109375 0.1361111111111111 0.0171875 0.059722222222222225