0 0.7859375 0.49444444444444446 0.11640625 0.2222222222222222
0 0.68671875 0.4097222222222222 0.06640625 0.1375
0 0.6265625 0.3625 0.03828125 0.09166666666666666
0 0.5984375 0.3458333333333333 0.0234375 0.06944444444444445
2 0.13203125 0.35694444444444445 0.0484375 0.09166666666666666
2 0.215625 0.3388888888888889 0.034375 0.07222222222222222
2 0.30390625 0.3194444444444444 0.02109375 0.05138888888888889
2 0.3828125 0.2986111111111111 0.01484375 0.03611111111111111
2 0.2671875 0.32916666666666666 0.02578125 0.058333333333333334
2 0.33125 0.30833333333333335 0.01640625 0.05555555555555555
2 0.35078125 0.30694444444444446 0.01328125 0.044444444444444446
2 0.36796875 0.30416666666666664 0.0140625 0.03888888888888889