2 0.9578125 0.37222222222222223 0.07890625 0.1486111111111111
2 0.8203125 0.3277777777777778 0.04921875 0.10138888888888889
2 0.74609375 0.3013888888888889 0.0328125 0.07361111111111111
2 0.7015625 0.28888888888888886 0.02578125 0.05694444444444444
2 0.6703125 0.28055555555555556 0.0203125 0.05
2 0.63046875 0.26666666666666666 0.015625 0.034722222222222224
0 0.22421875 0.36944444444444446 0.065625 0.13055555555555556
0 0.04609375 0.4527777777777778 0.0921875 0.2111111111111111
0 0.30390625 0.33194444444444443 0.0453125 0.09444444444444444
0 0.41796875 0.2847222222222222 0.01875 0.05
0 0.39609375 0.29583333333333334 0.021875 0.05694444444444444
0 0.37734375 0.3055555555555556 0.02890625 0.06944444444444445
0 0.47890625 0.2652777777777778 0.0140625 0.022222222222222223
0 0.45078125 0.2777777777777778 0.0171875 0.02638888888888889
0 0.3765625 0.2861111111111111 0.0171875 0.03194444444444444
0 0.43203125 0.28055555555555556 0.01484375 0.04027777777777778