2 0.8875 0.42777777777777776 0.07421875 0.14722222222222223
2 0.784375 0.3958333333333333 0.05703125 0.11527777777777778
2 0.715625 0.375 0.04453125 0.09166666666666666
2 0.6640625 0.36527777777777776 0.04140625 0.08194444444444444
2 0.4828125 0.3472222222222222 0.0296875 0.059722222222222225
2 0.609375 0.35555555555555557 0.03359375 0.07083333333333333
2 0.3609375 0.3416666666666667 0.025 0.05416666666666667
2 0.97734375 0.5444444444444444 0.04453125 0.09583333333333334
2 0.41484375 0.34444444444444444 0.02890625 0.05416666666666667
2 0.01796875 0.3402777777777778 0.02578125 0.04583333333333333
2 0.5546875 0.35138888888888886 0.0328125 0.06527777777777778
2 0.2234375 0.3375 0.0234375 0.04861111111111111
2 0.30859375 0.3402777777777778 0.025 0.05138888888888889
2 0.26484375 0.3388888888888889 0.0234375 0.04861111111111111
2 0.12265625 0.3388888888888889 0.01875 0.04583333333333333
0 0.17421875 0.4013888888888889 0.0671875 0.12222222222222222
2 0.1765625 0.3375 0.01796875 0.04583333333333333
0 0.05234375 0.4527777777777778 0.09375 0.15694444444444444
0 0.096875 0.36527777777777776 0.03359375 0.0763888888888889
0 0.13984375 0.4263888888888889 0.065625 0.12083333333333333
0 0.06171875 0.35833333333333334 0.0328125 0.08055555555555556
0 0.14375 0.3736111111111111 0.0296875 0.08333333333333333
0 0.17890625 0.38472222222222224 0.0421875 0.09583333333333334