0 0.053125 0.3 0.0953125 0.225
0 0.21953125 0.21666666666666667 0.053125 0.14166666666666666
0 0.29765625 0.17777777777777778 0.03203125 0.10138888888888889
0 0.33515625 0.1638888888888889 0.025 0.07916666666666666
0 0.37265625 0.14583333333333334 0.01875 0.06527777777777778
2 0.95078125 0.2833333333333333 0.08828125 0.2125
2 0.790625 0.20972222222222223 0.04921875 0.1388888888888889
2 0.72578125 0.17777777777777778 0.03515625 0.10694444444444444
2 0.6796875 0.15833333333333333 0.02578125 0.08333333333333333
2 0.64609375 0.14305555555555555 0.01953125 0.06666666666666667
2 0.61640625 0.13055555555555556 0.015625 0.05416666666666667