2 0.0140625 0.3861111111111111 0.028125 0.14583333333333334
2 0.33671875 0.30833333333333335 0.0328125 0.06388888888888888
2 0.0796875 0.35555555555555557 0.0640625 0.11805555555555555
2 0.146875 0.3388888888888889 0.05390625 0.09722222222222222
2 0.271875 0.31527777777777777 0.0359375 0.07083333333333333
2 0.4015625 0.30277777777777776 0.03203125 0.058333333333333334
2 0.22578125 0.3194444444444444 0.03515625 0.0763888888888889
2 0.45859375 0.3013888888888889 0.0296875 0.05694444444444444
2 0.19609375 0.3263888888888889 0.0359375 0.08194444444444444
2 0.56015625 0.2986111111111111 0.02265625 0.04722222222222222
2 0.50546875 0.2986111111111111 0.025 0.05277777777777778
0 0.7953125 0.44166666666666665 0.109375 0.19444444444444445
0 0.690625 0.4013888888888889 0.08046875 0.15138888888888888
0 0.99375 0.6194444444444445 0.0125 0.05555555555555555
0 0.64296875 0.3680555555555556 0.04140625 0.12638888888888888