2 0.8203125 0.39305555555555555 0.05625 0.10972222222222222
2 0.884375 0.42083333333333334 0.071875 0.1388888888888889
2 0.75234375 0.37222222222222223 0.0421875 0.0875
2 0.70625 0.3527777777777778 0.03125 0.06527777777777778
2 0.67421875 0.34305555555555556 0.02265625 0.05138888888888889
2 0.65234375 0.33611111111111114 0.01953125 0.04583333333333333
2 0.60078125 0.32222222222222224 0.01640625 0.022222222222222223
2 0.6359375 0.3347222222222222 0.015625 0.030555555555555555
2 0.6171875 0.3263888888888889 0.01328125 0.027777777777777776
2 0.6234375 0.32916666666666666 0.01328125 0.02638888888888889
0 0.25078125 0.40694444444444444 0.05703125 0.1125
0 0.3140625 0.37916666666666665 0.040625 0.0875
0 0.36640625 0.35694444444444445 0.028125 0.06527777777777778
0 0.396875 0.35 0.02109375 0.04861111111111111