2 0.2765625 0.45 0.065625 0.1597222222222222
2 0.17578125 0.4736111111111111 0.08203125 0.18611111111111112
2 0.35625 0.42916666666666664 0.053125 0.1361111111111111
2 0.4140625 0.4166666666666667 0.046875 0.12361111111111112
2 0.628125 0.3875 0.03203125 0.09166666666666666
2 0.51875 0.39861111111111114 0.03828125 0.10416666666666667
2 0.56171875 0.3902777777777778 0.034375 0.09583333333333334
2 0.70625 0.38472222222222224 0.0328125 0.08888888888888889
2 0.81640625 0.38055555555555554 0.0328125 0.08333333333333333
2 0.4734375 0.4083333333333333 0.040625 0.1125
2 0.77109375 0.38055555555555554 0.034375 0.08333333333333333
2 0.8640625 0.37777777777777777 0.03203125 0.07916666666666666
2 0.896875 0.37222222222222223 0.01796875 0.08333333333333333