2 0.796875 0.5472222222222223 0.1546875 0.2847222222222222
2 0.41953125 0.4083333333333333 0.06875 0.13472222222222222
2 0.31015625 0.37083333333333335 0.0453125 0.09861111111111111
2 0.259375 0.35 0.0390625 0.07916666666666666
2 0.1953125 0.33194444444444443 0.02578125 0.05
2 0.22421875 0.3388888888888889 0.0296875 0.06527777777777778
2 0.1734375 0.32222222222222224 0.02265625 0.04583333333333333
2 0.15078125 0.31666666666666665 0.02265625 0.04027777777777778
2 0.13359375 0.3125 0.0171875 0.03333333333333333
2 0.10078125 0.30277777777777776 0.0234375 0.02638888888888889
2 0.125 0.30833333333333335 0.01484375 0.029166666666666667