1 0.94140625 0.275 0.084375 0.1986111111111111
1 0.14140625 0.2791666666666667 0.08515625 0.20277777777777778
1 0.8328125 0.225 0.05546875 0.14027777777777778
1 0.25078125 0.21944444444444444 0.05 0.14166666666666666
1 0.73515625 0.18055555555555555 0.0328125 0.10138888888888889
1 0.3078125 0.18472222222222223 0.03046875 0.10972222222222222
1 0.334375 0.17222222222222222 0.02109375 0.08611111111111111
1 0.7 0.16527777777777777 0.02578125 0.08888888888888889
1 0.53046875 0.14444444444444443 0.01484375 0.0625
1 0.36484375 0.15416666666666667 0.01640625 0.06666666666666667
1 0.49375 0.14027777777777778 0.01640625 0.06666666666666667
1 0.5671875 0.14305555555555555 0.01484375 0.0625
1 0.64609375 0.14166666666666666 0.015625 0.06527777777777778
1 0.671875 0.15416666666666667 0.01953125 0.07916666666666666
1 0.60625 0.14166666666666666 0.01484375 0.0625
1 0.41640625 0.14444444444444443 0.01484375 0.059722222222222225
1 0.45234375 0.14444444444444443 0.015625 0.059722222222222225
1 0.38125 0.14444444444444443 0.0140625 0.059722222222222225