2 0.82265625 0.49722222222222223 0.11640625 0.21805555555555556
2 0.6546875 0.3902777777777778 0.0484375 0.10416666666666667
2 0.715625 0.42916666666666664 0.065625 0.14305555555555555
2 0.58359375 0.3416666666666667 0.02109375 0.05277777777777778
2 0.6171875 0.37083333333333335 0.03515625 0.08472222222222223
2 0.59921875 0.35694444444444445 0.021875 0.05277777777777778
2 0.57109375 0.33611111111111114 0.01875 0.041666666666666664
2 0.56015625 0.3277777777777778 0.0140625 0.041666666666666664
0 0.178125 0.375 0.04765625 0.08611111111111111
0 0.08125 0.4013888888888889 0.06328125 0.10972222222222222
0 0.30234375 0.3402777777777778 0.02109375 0.058333333333333334
0 0.25859375 0.3541666666666667 0.02890625 0.06388888888888888
0 0.35703125 0.3263888888888889 0.009375 0.03888888888888889
0 0.34765625 0.3277777777777778 0.01328125 0.044444444444444446
0 0.371875 0.3236111111111111 0.01328125 0.03194444444444444
0 0.3296875 0.3333333333333333 0.0171875 0.05277777777777778