2 0.853125 0.4888888888888889 0.096875 0.20277777777777778
2 0.96328125 0.6444444444444445 0.07109375 0.19583333333333333
2 0.54453125 0.35694444444444445 0.03515625 0.06805555555555555
2 0.40234375 0.3472222222222222 0.028125 0.05416666666666667
2 0.6828125 0.37083333333333335 0.03984375 0.08194444444444444
2 0.26328125 0.33611111111111114 0.0234375 0.043055555555555555
2 0.140625 0.3277777777777778 0.01796875 0.034722222222222224
2 0.22109375 0.3333333333333333 0.01796875 0.041666666666666664
2 0.6359375 0.36527777777777776 0.03984375 0.0763888888888889
2 0.17734375 0.33055555555555555 0.01953125 0.0375
2 0.32109375 0.3416666666666667 0.02421875 0.04861111111111111
2 0.10390625 0.3236111111111111 0.01484375 0.03194444444444444
2 0.0828125 0.3236111111111111 0.0140625 0.029166666666666667
2 0.715625 0.38055555555555554 0.03203125 0.09305555555555556
2 0.73515625 0.39305555555555555 0.0359375 0.10694444444444444
2 0.0609375 0.32083333333333336 0.01171875 0.027777777777777776
2 0.04140625 0.3194444444444444 0.0140625 0.02638888888888889
2 0.80078125 0.44305555555555554 0.065625 0.15555555555555556
2 0.0203125 0.31805555555555554 0.015625 0.02638888888888889
2 0.75625 0.41388888888888886 0.053125 0.12361111111111112
2 0.00625 0.31805555555555554 0.01171875 0.02361111111111111
0 0.02578125 0.4986111111111111 0.0515625 0.12083333333333333
0 0.0265625 0.37083333333333335 0.0375 0.0763888888888889
0 0.0875 0.3861111111111111 0.040625 0.09166666666666666
0 0.13125 0.4263888888888889 0.053125 0.12638888888888888
0 0.11953125 0.39444444444444443 0.0375 0.09583333333333334