0 0.1578125 0.25277777777777777 0.06484375 0.17916666666666667
0 0.2484375 0.2013888888888889 0.0390625 0.12777777777777777
0 0.30703125 0.1736111111111111 0.03125 0.09583333333333334
0 0.35703125 0.15 0.01796875 0.06944444444444445
0 0.38203125 0.1361111111111111 0.01328125 0.058333333333333334
0 0.3953125 0.13055555555555556 0.0125 0.05277777777777778
0 0.40703125 0.12638888888888888 0.01171875 0.04583333333333333
0 0.41953125 0.11944444444444445 0.01015625 0.03888888888888889
2 0.86484375 0.24027777777777778 0.059375 0.17083333333333334
2 0.72265625 0.17916666666666667 0.0359375 0.10555555555555556
2 0.6796875 0.15416666666666667 0.02578125 0.0875
2 0.64140625 0.1361111111111111 0.01796875 0.06944444444444445
2 0.6078125 0.125 0.0140625 0.04861111111111111
2 0.6203125 0.12916666666666668 0.01484375 0.05694444444444444
2 0.59375 0.11666666666666667 0.0140625 0.04722222222222222