1 0.82265625 0.2652777777777778 0.0640625 0.19583333333333333
1 0.06171875 0.2513888888888889 0.07578125 0.17916666666666667
1 0.17109375 0.20555555555555555 0.04609375 0.125
1 0.7171875 0.20694444444444443 0.04140625 0.12916666666666668
1 0.6578125 0.17916666666666667 0.02734375 0.1
1 0.25 0.175 0.03125 0.09722222222222222
1 0.61796875 0.15833333333333333 0.01875 0.0763888888888889
1 0.2921875 0.15694444444444444 0.02265625 0.075
1 0.59609375 0.14583333333333334 0.01484375 0.06388888888888888
1 0.3203125 0.14583333333333334 0.01640625 0.06527777777777778
1 0.459375 0.11805555555555555 0.01015625 0.043055555555555555
1 0.58125 0.1375 0.0125 0.05277777777777778
1 0.4359375 0.11944444444444445 0.0109375 0.03888888888888889
1 0.4828125 0.12083333333333333 0.0109375 0.0375
1 0.33515625 0.14027777777777778 0.0140625 0.05555555555555555
1 0.53203125 0.11527777777777778 0.009375 0.03888888888888889