0 0.11796875 0.30416666666666664 0.1 0.22777777777777777
0 0.21171875 0.2638888888888889 0.07890625 0.19027777777777777
0 0.29296875 0.24305555555555555 0.06953125 0.1763888888888889
0 0.61953125 0.18333333333333332 0.03984375 0.10972222222222222
0 0.6875 0.17916666666666667 0.04140625 0.10694444444444444
0 0.3515625 0.22777777777777777 0.05859375 0.15138888888888888
0 0.51015625 0.1986111111111111 0.04609375 0.12083333333333333
0 0.453125 0.20694444444444443 0.05078125 0.13055555555555556
0 0.396875 0.21805555555555556 0.05546875 0.14027777777777778
0 0.8109375 0.17083333333333334 0.03828125 0.09861111111111111
0 0.55703125 0.19027777777777777 0.04296875 0.1125
0 0.0359375 0.3680555555555556 0.071875 0.225
0 0.86875 0.1638888888888889 0.0375 0.10138888888888889
0 0.925 0.15833333333333333 0.0375 0.09722222222222222
0 0.7484375 0.1763888888888889 0.03828125 0.10416666666666667
0 0.96640625 0.1597222222222222 0.03359375 0.09027777777777778