2 0.1765625 0.48055555555555557 0.0796875 0.20277777777777778
2 0.503125 0.39444444444444443 0.0390625 0.10694444444444444
2 0.5515625 0.3875 0.03671875 0.09861111111111111
2 0.41328125 0.4125 0.046875 0.12638888888888888
2 0.29140625 0.4486111111111111 0.065625 0.1625
2 0.453125 0.4027777777777778 0.046875 0.11527777777777778
2 0.36171875 0.4263888888888889 0.05390625 0.14027777777777778
2 0.68984375 0.3680555555555556 0.0328125 0.07777777777777778
2 0.7859375 0.36527777777777776 0.0296875 0.07222222222222222
2 0.6421875 0.37222222222222223 0.03046875 0.08333333333333333
2 0.61640625 0.3763888888888889 0.03359375 0.08611111111111111
2 0.74140625 0.36527777777777776 0.0328125 0.07777777777777778
2 0.5828125 0.3819444444444444 0.0359375 0.09444444444444444
2 0.83203125 0.3638888888888889 0.03203125 0.07222222222222222
2 0.865625 0.37222222222222223 0.01875 0.05277777777777778