2 0.77265625 0.42916666666666664 0.08046875 0.1486111111111111
2 0.6453125 0.40555555555555556 0.059375 0.11666666666666667
2 0.48125 0.38472222222222224 0.04609375 0.09166666666666666
2 0.54453125 0.39166666666666666 0.04296875 0.10277777777777777
2 0.9484375 0.4708333333333333 0.103125 0.19305555555555556
2 0.2875 0.3736111111111111 0.03984375 0.07777777777777778
2 0.39296875 0.37916666666666665 0.04609375 0.08611111111111111
2 0.08046875 0.3638888888888889 0.04140625 0.06944444444444445
2 0.22890625 0.3680555555555556 0.04140625 0.075
2 0.1484375 0.36527777777777776 0.04296875 0.07222222222222222
2 0.01640625 0.3611111111111111 0.0328125 0.06666666666666667