2 0.78671875 0.3888888888888889 0.05859375 0.10555555555555556
2 0.70703125 0.375 0.05078125 0.09166666666666666
2 0.91015625 0.41805555555555557 0.07890625 0.1361111111111111
2 0.475 0.35694444444444445 0.03359375 0.06527777777777778
2 0.63125 0.36527777777777776 0.03984375 0.07777777777777778
2 0.56171875 0.3611111111111111 0.0375 0.07222222222222222
2 0.26640625 0.3486111111111111 0.03125 0.05694444444444444
2 0.39296875 0.35138888888888886 0.03359375 0.059722222222222225
2 0.32890625 0.35 0.02890625 0.058333333333333334
2 0.2140625 0.3458333333333333 0.02890625 0.05416666666666667
0 0.01953125 0.6125 0.0390625 0.058333333333333334
0 0.021875 0.3819444444444444 0.04375 0.09166666666666666
0 0.09140625 0.4722222222222222 0.09296875 0.1597222222222222
0 0.07578125 0.3888888888888889 0.040625 0.09444444444444444
0 0.13125 0.42777777777777776 0.06796875 0.15416666666666667