2 0.0984375 0.4305555555555556 0.078125 0.1527777777777778
2 0.57734375 0.34444444444444444 0.02890625 0.058333333333333334
2 0.315625 0.3611111111111111 0.0390625 0.07916666666666666
2 0.16328125 0.40555555555555556 0.0546875 0.12361111111111112
2 0.66953125 0.3375 0.02265625 0.05277777777777778
2 0.4203125 0.3541666666666667 0.0359375 0.07083333333333333
2 0.2234375 0.37777777777777777 0.0390625 0.09722222222222222
2 0.03984375 0.46944444444444444 0.0796875 0.18888888888888888
2 0.19765625 0.3875 0.0421875 0.10555555555555556
2 0.26640625 0.36527777777777776 0.04375 0.08472222222222223
0 0.76953125 0.41388888888888886 0.0578125 0.12638888888888888
0 0.85703125 0.4625 0.09375 0.14166666666666666