2 0.76171875 0.3333333333333333 0.0234375 0.04583333333333333
2 0.71640625 0.32916666666666666 0.021875 0.043055555555555555
2 0.6390625 0.3263888888888889 0.0171875 0.03888888888888889
2 0.67421875 0.3277777777777778 0.021875 0.04027777777777778
2 0.80625 0.33611111111111114 0.025 0.05138888888888889
2 0.975 0.46111111111111114 0.04765625 0.13194444444444445
2 0.83515625 0.3388888888888889 0.01875 0.05277777777777778
2 0.89921875 0.35694444444444445 0.0328125 0.07361111111111111
2 0.87109375 0.35 0.02734375 0.06527777777777778
2 0.8484375 0.34305555555555556 0.025 0.058333333333333334
2 0.92421875 0.36944444444444446 0.03046875 0.08333333333333333
2 0.95234375 0.42083333333333334 0.06875 0.1388888888888889
0 0.27734375 0.4083333333333333 0.0609375 0.11527777777777778
0 0.4 0.39166666666666666 0.05234375 0.1
0 0.13515625 0.4375 0.08515625 0.14444444444444443
0 0.0328125 0.4777777777777778 0.065625 0.1736111111111111
0 0.48359375 0.3875 0.046875 0.07083333333333333
0 0.5265625 0.38055555555555554 0.0390625 0.05138888888888889
0 0.54453125 0.35694444444444445 0.021875 0.06666666666666667