2 0.73984375 0.5361111111111111 0.13984375 0.26944444444444443
2 0.58671875 0.47638888888888886 0.1046875 0.20694444444444443
2 0.93828125 0.6694444444444444 0.1234375 0.3888888888888889
2 0.1953125 0.37916666666666665 0.053125 0.10416666666666667
2 0.24609375 0.38472222222222224 0.0546875 0.1111111111111111
2 0.47421875 0.4375 0.08359375 0.16527777777777777
2 0.13671875 0.37222222222222223 0.05234375 0.1
2 0.39140625 0.41944444444444445 0.0734375 0.14166666666666666
2 0.021875 0.3611111111111111 0.04140625 0.08611111111111111
2 0.09765625 0.3680555555555556 0.0453125 0.09583333333333334
2 0.28828125 0.39444444444444443 0.05703125 0.11805555555555555
2 0.33515625 0.4027777777777778 0.0640625 0.12916666666666668
2 0.05625 0.36527777777777776 0.0484375 0.08888888888888889