0 0.11640625 0.2708333333333333 0.075 0.19305555555555556
0 0.2421875 0.20555555555555555 0.04140625 0.13472222222222222
0 0.3046875 0.17777777777777778 0.025 0.10138888888888889
0 0.34921875 0.15694444444444444 0.01796875 0.0763888888888889
0 0.371875 0.14444444444444443 0.01640625 0.06527777777777778
0 0.39609375 0.13472222222222222 0.01328125 0.05694444444444444
2 0.90234375 0.25555555555555554 0.071875 0.18888888888888888
2 0.78671875 0.20555555555555555 0.04765625 0.13333333333333333
2 0.71796875 0.1736111111111111 0.03046875 0.10138888888888889
2 0.6484375 0.14722222222222223 0.0171875 0.06527777777777778
2 0.66953125 0.15555555555555556 0.02109375 0.0763888888888889
2 0.61875 0.13194444444444445 0.0140625 0.05138888888888889
2 0.63203125 0.1375 0.01484375 0.058333333333333334