0 0.1921875 0.5347222222222222 0.11328125 0.21944444444444444
0 0.321875 0.4305555555555556 0.05234375 0.11527777777777778
0 0.3546875 0.4041666666666667 0.034375 0.0875
0 0.38046875 0.38333333333333336 0.02265625 0.06388888888888888
0 0.39609375 0.37777777777777777 0.015625 0.043055555555555555
0 0.41484375 0.3597222222222222 0.02265625 0.04583333333333333
2 0.8984375 0.4125 0.0609375 0.1111111111111111
2 0.80625 0.39305555555555555 0.04453125 0.09305555555555556
2 0.73359375 0.3763888888888889 0.0328125 0.06944444444444445
2 0.6875 0.36666666666666664 0.02734375 0.05694444444444444
2 0.65546875 0.35694444444444445 0.021875 0.05555555555555555
2 0.6109375 0.3527777777777778 0.01640625 0.034722222222222224
2 0.63125 0.35 0.01796875 0.05277777777777778
2 0.57734375 0.3388888888888889 0.021875 0.04027777777777778