2 0.12421875 0.5180555555555556 0.11796875 0.2263888888888889
2 0.25703125 0.4388888888888889 0.0671875 0.11944444444444445
2 0.3265625 0.39444444444444443 0.04296875 0.09722222222222222
2 0.37265625 0.3680555555555556 0.021875 0.04861111111111111
2 0.35703125 0.37916666666666665 0.0328125 0.07222222222222222
0 0.796875 0.3861111111111111 0.04375 0.07916666666666666
0 0.9140625 0.41944444444444445 0.06484375 0.1125
0 0.98671875 0.44583333333333336 0.0265625 0.14027777777777778
0 0.6875 0.35833333333333334 0.01875 0.05694444444444444
0 0.7421875 0.3680555555555556 0.0328125 0.07083333333333333
0 0.596875 0.3486111111111111 0.01875 0.058333333333333334
0 0.7171875 0.36666666666666664 0.0203125 0.05138888888888889
0 0.64765625 0.35694444444444445 0.015625 0.04861111111111111
2 0.27109375 0.3597222222222222 0.03046875 0.07083333333333333
2 0.1796875 0.3597222222222222 0.0328125 0.06805555555555555