0 0.24453125 0.2263888888888889 0.04921875 0.13472222222222222
0 0.084375 0.3125 0.09453125 0.21666666666666667
0 0.309375 0.19444444444444445 0.03046875 0.10138888888888889
0 0.35 0.1736111111111111 0.02109375 0.07777777777777778
0 0.37734375 0.16111111111111112 0.015625 0.0625
0 0.39296875 0.15416666666666667 0.01328125 0.05555555555555555
0 0.41640625 0.14027777777777778 0.0125 0.043055555555555555
0 0.42421875 0.1375 0.0109375 0.04027777777777778
0 0.41015625 0.14305555555555555 0.01171875 0.04583333333333333
2 0.95859375 0.2916666666666667 0.0796875 0.20416666666666666
2 0.80859375 0.22361111111111112 0.05 0.1361111111111111
2 0.7234375 0.18888888888888888 0.03359375 0.10277777777777777
2 0.67578125 0.16944444444444445 0.025 0.08194444444444444
2 0.65078125 0.15833333333333333 0.02109375 0.06944444444444445
2 0.6109375 0.14583333333333334 0.01484375 0.04861111111111111
2 0.59140625 0.1361111111111111 0.0140625 0.043055555555555555
2 0.62890625 0.15138888888888888 0.0171875 0.059722222222222225
2 0.58359375 0.13333333333333333 0.009375 0.03611111111111111