2 0.671875 0.4263888888888889 0.05625 0.14305555555555555
2 0.53046875 0.39444444444444443 0.0421875 0.10555555555555556
2 0.84765625 0.49166666666666664 0.059375 0.21388888888888888
2 0.46796875 0.38472222222222224 0.0359375 0.09583333333333334
2 0.74453125 0.44722222222222224 0.06875 0.16944444444444445
2 0.2765625 0.36666666666666664 0.03125 0.07777777777777778
2 0.4171875 0.3819444444444444 0.0328125 0.09027777777777778
2 0.34453125 0.37222222222222223 0.03125 0.08055555555555556
2 0.31484375 0.36944444444444446 0.03125 0.07777777777777778
2 0.140625 0.3638888888888889 0.028125 0.06805555555555555
2 0.234375 0.36527777777777776 0.0328125 0.075
2 0.16953125 0.3638888888888889 0.0296875 0.07083333333333333
2 0.59609375 0.40555555555555556 0.046875 0.11944444444444445
2 0.203125 0.36527777777777776 0.02890625 0.07222222222222222
2 0.37890625 0.375 0.0328125 0.08611111111111111