0 0.7953125 0.49722222222222223 0.11640625 0.21944444444444444
0 0.69140625 0.39861111111111114 0.05625 0.12361111111111112
0 0.62734375 0.36666666666666664 0.04296875 0.09444444444444444
0 0.58984375 0.34444444444444444 0.02578125 0.06527777777777778
0 0.9890625 0.3111111111111111 0.01171875 0.020833333333333332
0 0.94609375 0.30972222222222223 0.009375 0.018055555555555554
2 0.0265625 0.3875 0.05234375 0.12361111111111112
2 0.125 0.3611111111111111 0.05 0.09583333333333334
2 0.18984375 0.3472222222222222 0.03828125 0.07916666666666666
2 0.24140625 0.33611111111111114 0.03203125 0.06388888888888888
2 0.2796875 0.32916666666666666 0.025 0.05694444444444444
2 0.35234375 0.3111111111111111 0.01640625 0.03611111111111111
2 0.31015625 0.32222222222222224 0.01953125 0.043055555555555555
2 0.33359375 0.31527777777777777 0.01796875 0.03888888888888889
2 0.40078125 0.2986111111111111 0.0140625 0.027777777777777776
2 0.3671875 0.3111111111111111 0.01484375 0.025
2 0.38046875 0.30833333333333335 0.01328125 0.022222222222222223
2 0.38359375 0.3055555555555556 0.01640625 0.029166666666666667