0 0.11171875 0.2708333333333333 0.07890625 0.19166666666666668
0 0.2390625 0.20833333333333334 0.04296875 0.13055555555555556
0 0.3046875 0.17777777777777778 0.02578125 0.09722222222222222
0 0.3390625 0.1597222222222222 0.0203125 0.07916666666666666
0 0.36875 0.14444444444444443 0.01484375 0.06527777777777778
0 0.38515625 0.13472222222222222 0.01328125 0.05694444444444444
0 0.42578125 0.11666666666666667 0.00859375 0.03333333333333333
0 0.4109375 0.12361111111111112 0.0109375 0.043055555555555555
0 0.403125 0.13055555555555556 0.01015625 0.044444444444444446
2 0.87421875 0.24722222222222223 0.071875 0.17916666666666667
2 0.70859375 0.17222222222222222 0.03203125 0.10138888888888889
2 0.7671875 0.19583333333333333 0.0421875 0.12916666666666668
2 0.66796875 0.15555555555555556 0.0234375 0.08055555555555556
2 0.63671875 0.14166666666666666 0.01796875 0.06527777777777778
2 0.6203125 0.1361111111111111 0.01484375 0.058333333333333334
2 0.6078125 0.12916666666666668 0.0125 0.05555555555555555
2 0.59765625 0.12638888888888888 0.01171875 0.05
2 0.590625 0.12083333333333333 0.0109375 0.043055555555555555
2 0.58203125 0.11805555555555555 0.009375 0.041666666666666664
2 0.87890625 0.19722222222222222 0.02265625 0.0763888888888889