2 0.83671875 0.4013888888888889 0.06328125 0.11805555555555555
2 0.74609375 0.375 0.04375 0.0875
2 0.4890625 0.3236111111111111 0.01484375 0.034722222222222224
2 0.509375 0.325 0.015625 0.03611111111111111
2 0.54609375 0.32916666666666666 0.0171875 0.03888888888888889
2 0.68828125 0.35833333333333334 0.03125 0.06111111111111111
2 0.59921875 0.3333333333333333 0.02109375 0.044444444444444446
2 0.6578125 0.3458333333333333 0.025 0.05416666666666667
2 0.44921875 0.32083333333333336 0.01328125 0.03194444444444444
2 0.63203125 0.3375 0.02265625 0.04722222222222222
2 0.46640625 0.32083333333333336 0.0140625 0.03333333333333333
2 0.42734375 0.3194444444444444 0.01328125 0.030555555555555555
2 0.3828125 0.31805555555555554 0.01171875 0.027777777777777776
2 0.40546875 0.31805555555555554 0.01015625 0.029166666666666667
2 0.52734375 0.3263888888888889 0.0171875 0.03888888888888889
2 0.5640625 0.33055555555555555 0.0171875 0.04027777777777778
2 0.98515625 0.5138888888888888 0.0296875 0.07222222222222222
0 0.15 0.4166666666666667 0.06640625 0.125
0 0.23046875 0.3861111111111111 0.046875 0.09444444444444444
0 0.0203125 0.5166666666666667 0.040625 0.11388888888888889
0 0.29375 0.3680555555555556 0.03203125 0.0625
0 0.32890625 0.35694444444444445 0.02109375 0.03888888888888889
0 0.346875 0.3458333333333333 0.0171875 0.03888888888888889