2 0.05703125 0.43472222222222223 0.08203125 0.14305555555555555
2 0.38671875 0.39861111111111114 0.0515625 0.10277777777777777
2 0.18671875 0.41805555555555557 0.06953125 0.12361111111111112
2 0.5921875 0.3861111111111111 0.04453125 0.08611111111111111
2 0.4421875 0.39305555555555555 0.0484375 0.09583333333333334
2 0.51640625 0.3902777777777778 0.04609375 0.08888888888888889
2 0.6484375 0.3819444444444444 0.040625 0.07916666666666666
2 0.90625 0.38055555555555554 0.040625 0.075
2 0.7078125 0.37916666666666665 0.040625 0.0763888888888889
2 0.7953125 0.37916666666666665 0.03828125 0.0763888888888889
2 0.99375 0.38055555555555554 0.0125 0.075
2 0.29765625 0.40694444444444444 0.06015625 0.10833333333333334