2 0.08359375 0.4652777777777778 0.09921875 0.19166666666666668
2 0.56953125 0.37916666666666665 0.0453125 0.09305555555555556
2 0.34765625 0.4111111111111111 0.0671875 0.13055555555555556
2 0.44140625 0.3958333333333333 0.05859375 0.1111111111111111
2 0.6390625 0.37222222222222223 0.0453125 0.08333333333333333
2 0.778125 0.3638888888888889 0.04140625 0.0763888888888889
2 0.70625 0.3680555555555556 0.04453125 0.08194444444444444
2 0.26875 0.4263888888888889 0.06171875 0.14444444444444443
2 0.94140625 0.3611111111111111 0.040625 0.07083333333333333
2 0.89375 0.3625 0.0421875 0.07083333333333333
2 0.8421875 0.3638888888888889 0.0421875 0.075
2 0.5140625 0.38472222222222224 0.0515625 0.09861111111111111
2 0.98515625 0.35694444444444445 0.0296875 0.06944444444444445