2 0.93828125 0.5263888888888889 0.1234375 0.2625
2 0.76171875 0.4152777777777778 0.07265625 0.14444444444444443
2 0.65625 0.3527777777777778 0.0328125 0.0763888888888889
2 0.68984375 0.37777777777777777 0.04453125 0.08888888888888889
2 0.61484375 0.3347222222222222 0.01953125 0.041666666666666664
2 0.7625 0.31666666666666665 0.0203125 0.03888888888888889
2 0.69296875 0.3194444444444444 0.01875 0.03611111111111111
2 0.80234375 0.30972222222222223 0.01484375 0.041666666666666664
2 0.8296875 0.30972222222222223 0.015625 0.0375
2 0.62890625 0.3402777777777778 0.025 0.059722222222222225
0 0.22421875 0.3611111111111111 0.04453125 0.07222222222222222
0 0.109375 0.3875 0.06484375 0.11388888888888889
0 0.259375 0.3486111111111111 0.03515625 0.06944444444444445
0 0.31015625 0.3388888888888889 0.0265625 0.05
0 0.36796875 0.3194444444444444 0.0109375 0.044444444444444446
0 0.4 0.31527777777777777 0.0140625 0.04722222222222222
0 0.33671875 0.3263888888888889 0.0171875 0.04722222222222222
0 0.35234375 0.32222222222222224 0.01796875 0.04722222222222222
0 0.24609375 0.30972222222222223 0.0125 0.02638888888888889
0 0.27421875 0.3055555555555556 0.01328125 0.030555555555555555