2 0.8546875 0.4083333333333333 0.05703125 0.12222222222222222
2 0.75625 0.37777777777777777 0.04296875 0.09166666666666666
2 0.696875 0.3597222222222222 0.03046875 0.0625
2 0.63671875 0.3402777777777778 0.01875 0.043055555555555555
2 0.659375 0.3472222222222222 0.021875 0.05
2 0.61953125 0.3347222222222222 0.015625 0.03888888888888889
2 0.609375 0.32916666666666666 0.0140625 0.034722222222222224
2 0.59453125 0.325 0.01328125 0.03333333333333333
0 0.14765625 0.4236111111111111 0.06796875 0.125
0 0.26015625 0.38472222222222224 0.04453125 0.08888888888888889
0 0.315625 0.3625 0.02890625 0.06805555555555555
0 0.3515625 0.35 0.021875 0.05555555555555555
0 0.39296875 0.3375 0.0140625 0.03888888888888889
0 0.37890625 0.34444444444444444 0.015625 0.043055555555555555
0 0.409375 0.33055555555555555 0.0125 0.04027777777777778
0 0.44609375 0.32083333333333336 0.01484375 0.022222222222222223
0 0.43203125 0.3277777777777778 0.01328125 0.02638888888888889
0 0.42265625 0.325 0.01015625 0.03611111111111111