2 0.92265625 0.4013888888888889 0.07109375 0.1361111111111111
2 0.82265625 0.3625 0.04296875 0.09166666666666666
2 0.7671875 0.34444444444444444 0.03203125 0.07361111111111111
2 0.73125 0.3347222222222222 0.02578125 0.05694444444444444
2 0.7046875 0.3263888888888889 0.02109375 0.05138888888888889
2 0.6859375 0.325 0.015625 0.03333333333333333
2 0.6515625 0.31527777777777777 0.01484375 0.022222222222222223
2 0.67265625 0.31527777777777777 0.01328125 0.03611111111111111
2 0.9265625 0.3597222222222222 0.0203125 0.05138888888888889
0 0.0890625 0.48055555555555557 0.11484375 0.1986111111111111
0 0.2421875 0.41388888888888886 0.06875 0.13194444444444445
0 0.34140625 0.37083333333333335 0.03828125 0.09166666666666666
0 0.3875 0.3541666666666667 0.03203125 0.07222222222222222
0 0.41640625 0.34305555555555556 0.0234375 0.05138888888888889