0 0.25 0.49722222222222223 0.103125 0.20833333333333334
0 0.0375 0.725 0.07421875 0.35138888888888886
0 0.38359375 0.3875 0.0328125 0.09444444444444444
0 0.35390625 0.40694444444444444 0.05390625 0.11805555555555555
0 0.409375 0.36527777777777776 0.02890625 0.06805555555555555
0 0.515625 0.3333333333333333 0.02109375 0.05
0 0.4765625 0.33055555555555555 0.01640625 0.06388888888888888
0 0.44609375 0.34305555555555556 0.01640625 0.043055555555555555
0 0.428125 0.35694444444444445 0.021875 0.044444444444444446
2 0.9671875 0.3763888888888889 0.065625 0.14166666666666666
2 0.85078125 0.35555555555555557 0.04921875 0.10555555555555556
2 0.74765625 0.33055555555555555 0.034375 0.07361111111111111
2 0.7859375 0.3458333333333333 0.03203125 0.07916666666666666