0 0.28359375 0.3972222222222222 0.03984375 0.1
0 0.184375 0.4486111111111111 0.06484375 0.1486111111111111
0 0.34296875 0.3680555555555556 0.02578125 0.07361111111111111
0 0.37734375 0.35 0.01875 0.06666666666666667
0 0.396875 0.35 0.01484375 0.043055555555555555
2 0.8171875 0.43333333333333335 0.06328125 0.1486111111111111
2 0.71015625 0.38333333333333336 0.03671875 0.09861111111111111
2 0.65859375 0.3611111111111111 0.02421875 0.06527777777777778
2 0.634375 0.35138888888888886 0.01875 0.05555555555555555
2 0.61484375 0.3416666666666667 0.01640625 0.04722222222222222
2 0.59921875 0.3388888888888889 0.01328125 0.03611111111111111
2 0.57890625 0.3277777777777778 0.01015625 0.02638888888888889
2 0.5875 0.33194444444444443 0.0109375 0.03333333333333333