2 0.953125 0.4875 0.09375 0.2152777777777778
2 0.875 0.43194444444444446 0.07421875 0.15833333333333333
2 0.634375 0.3347222222222222 0.03203125 0.06805555555555555
2 0.503125 0.3236111111111111 0.02109375 0.05555555555555555
2 0.425 0.31805555555555554 0.0203125 0.05
2 0.37265625 0.3138888888888889 0.01796875 0.04583333333333333
2 0.71953125 0.3416666666666667 0.0328125 0.075
2 0.7640625 0.3458333333333333 0.0328125 0.08055555555555556
2 0.3328125 0.3111111111111111 0.015625 0.043055555555555555
2 0.8421875 0.4027777777777778 0.04453125 0.13194444444444445
2 0.290625 0.30694444444444446 0.01484375 0.03888888888888889
2 0.22265625 0.30277777777777776 0.01328125 0.03194444444444444
2 0.7921875 0.35555555555555557 0.03046875 0.09166666666666666
2 0.25703125 0.30416666666666664 0.01484375 0.034722222222222224
2 0.20234375 0.3 0.0125 0.03194444444444444
2 0.18125 0.3 0.01171875 0.03333333333333333
2 0.1609375 0.29583333333333334 0.0109375 0.030555555555555555
2 0.29375 0.35138888888888886 0.0171875 0.044444444444444446
0 0.03515625 0.45694444444444443 0.06953125 0.18055555555555555
0 0.2109375 0.40694444444444444 0.0765625 0.12916666666666668
0 0.2953125 0.3819444444444444 0.0453125 0.10555555555555556
0 0.2453125 0.3541666666666667 0.03046875 0.07916666666666666
0 0.27265625 0.3597222222222222 0.0265625 0.08194444444444444
0 0.184375 0.3402777777777778 0.0234375 0.06527777777777778
0 0.140625 0.33055555555555555 0.01953125 0.05694444444444444
0 0.0890625 0.32222222222222224 0.01640625 0.041666666666666664
0 0.1125 0.3263888888888889 0.01796875 0.043055555555555555