0 0.82109375 0.6763888888888889 0.2 0.38472222222222224
0 0.62890625 0.5138888888888888 0.09609375 0.2111111111111111
0 0.94453125 0.36666666666666664 0.03046875 0.06805555555555555
0 0.88203125 0.36666666666666664 0.0296875 0.06805555555555555
0 0.81015625 0.36944444444444446 0.034375 0.06944444444444445
0 0.7390625 0.36666666666666664 0.03359375 0.0763888888888889
0 0.5984375 0.38472222222222224 0.03125 0.08472222222222223
0 0.69375 0.3736111111111111 0.03671875 0.075
0 0.5484375 0.4708333333333333 0.06796875 0.1
0 0.525 0.41944444444444445 0.03671875 0.12083333333333333
0 0.634375 0.37916666666666665 0.03671875 0.07916666666666666
0 0.57265625 0.39166666666666666 0.03046875 0.09305555555555556
2 0.18828125 0.36527777777777776 0.03828125 0.07361111111111111
2 0.11015625 0.3736111111111111 0.04453125 0.08472222222222223
2 0.34375 0.35555555555555557 0.02890625 0.06388888888888888
2 0.0296875 0.38333333333333336 0.05234375 0.09444444444444444
2 0.2578125 0.3611111111111111 0.03515625 0.06805555555555555
2 0.42421875 0.3541666666666667 0.02734375 0.058333333333333334
2 0.9078125 0.35 0.0234375 0.04722222222222222
2 0.846875 0.35 0.02421875 0.04722222222222222
2 0.4875 0.35138888888888886 0.025 0.05416666666666667
2 0.96484375 0.35 0.02265625 0.04722222222222222
2 0.68671875 0.3458333333333333 0.01796875 0.05138888888888889
2 0.59296875 0.3458333333333333 0.01796875 0.05138888888888889
2 0.54453125 0.3458333333333333 0.0171875 0.04861111111111111
2 0.6390625 0.3458333333333333 0.01796875 0.05277777777777778