1 0.17421875 0.24166666666666667 0.06484375 0.1986111111111111
1 0.9515625 0.22777777777777777 0.06953125 0.18472222222222223
1 0.84921875 0.18333333333333332 0.0453125 0.13472222222222222
1 0.2890625 0.18472222222222223 0.0421875 0.1361111111111111
1 0.3546875 0.15833333333333333 0.028125 0.10416666666666667
1 0.77578125 0.15416666666666667 0.028125 0.10138888888888889
1 0.7375 0.1361111111111111 0.01875 0.07916666666666666
1 0.3984375 0.1361111111111111 0.0203125 0.07777777777777778
1 0.42421875 0.12361111111111112 0.01484375 0.06944444444444445
1 0.70859375 0.12361111111111112 0.0171875 0.06666666666666667
1 0.440625 0.11666666666666667 0.01484375 0.05694444444444444
1 0.6765625 0.10972222222222222 0.01171875 0.04722222222222222
1 0.45390625 0.10694444444444444 0.015625 0.05
1 0.6953125 0.11666666666666667 0.0140625 0.06111111111111111