0 0.18671875 0.5944444444444444 0.1640625 0.2986111111111111
0 0.3765625 0.5208333333333334 0.11640625 0.225
0 0.5546875 0.48055555555555557 0.09375 0.18333333333333332
0 0.74453125 0.4444444444444444 0.078125 0.15
0 0.8609375 0.42083333333333334 0.06953125 0.13055555555555556
0 0.9546875 0.4013888888888889 0.05390625 0.10972222222222222
0 0.02734375 0.3736111111111111 0.02890625 0.07361111111111111
0 0.2296875 0.3541666666666667 0.01875 0.04027777777777778
0 0.6421875 0.3416666666666667 0.01328125 0.030555555555555555
0 0.8046875 0.3402777777777778 0.0171875 0.044444444444444446
0 0.509375 0.3458333333333333 0.01328125 0.027777777777777776
0 0.31875 0.3527777777777778 0.015625 0.030555555555555555
0 0.46640625 0.3388888888888889 0.0140625 0.043055555555555555
0 0.15703125 0.35555555555555557 0.01875 0.05416666666666667
0 0.36328125 0.34444444444444444 0.015625 0.04027777777777778
0 0.109375 0.35694444444444445 0.0203125 0.06944444444444445
0 0.2671875 0.35694444444444445 0.01640625 0.030555555555555555
0 0.08203125 0.36527777777777776 0.02578125 0.06805555555555555
0 0.90859375 0.3388888888888889 0.01875 0.06111111111111111
0 0.99140625 0.3486111111111111 0.0171875 0.06111111111111111
0 0.55234375 0.3375 0.0140625 0.041666666666666664
0 0.68203125 0.3416666666666667 0.015625 0.03611111111111111
0 0.85546875 0.33611111111111114 0.0203125 0.05555555555555555
0 0.184375 0.3527777777777778 0.0203125 0.05694444444444444
0 0.9421875 0.34305555555555556 0.01953125 0.05694444444444444
0 0.71953125 0.3416666666666667 0.0140625 0.03611111111111111
0 0.76484375 0.3416666666666667 0.015625 0.0375
0 0.6046875 0.3416666666666667 0.01484375 0.03333333333333333