0 0.1671875 0.26666666666666666 0.0765625 0.1875
0 0.2828125 0.20833333333333334 0.04140625 0.13194444444444445
0 0.34765625 0.18055555555555555 0.02890625 0.09722222222222222
0 0.3875 0.1597222222222222 0.01953125 0.0763888888888889
0 0.409375 0.15 0.015625 0.06527777777777778
0 0.43359375 0.1375 0.01328125 0.05555555555555555
0 0.4546875 0.12638888888888888 0.0109375 0.044444444444444446
0 0.46640625 0.11944444444444445 0.009375 0.04027777777777778
2 0.9515625 0.2611111111111111 0.07578125 0.19027777777777777
2 0.75078125 0.17777777777777778 0.03046875 0.09166666666666666
2 0.81484375 0.20277777777777778 0.0453125 0.13055555555555556
2 0.6921875 0.14583333333333334 0.01875 0.06944444444444445
2 0.66875 0.1375 0.0171875 0.058333333333333334
2 0.71953125 0.15694444444444444 0.02265625 0.08472222222222223
2 0.646875 0.12638888888888888 0.01328125 0.05416666666666667