2 0.81015625 0.125 0.01953125 0.05694444444444444
2 0.93046875 0.13055555555555556 0.02578125 0.06388888888888888
2 0.84765625 0.125 0.021875 0.059722222222222225
2 0.77578125 0.12361111111111112 0.01875 0.05694444444444444
2 0.9609375 0.13194444444444445 0.0265625 0.06527777777777778
2 0.8859375 0.12638888888888888 0.021875 0.06111111111111111
2 0.98828125 0.1375 0.02109375 0.06805555555555555
0 0.3171875 0.2763888888888889 0.0828125 0.2013888888888889
0 0.078125 0.42083333333333334 0.13984375 0.35
0 0.43671875 0.24027777777777778 0.06484375 0.16666666666666666
0 0.18203125 0.33194444444444443 0.09921875 0.25555555555555554
0 0.52109375 0.21388888888888888 0.0453125 0.1486111111111111
0 0.5859375 0.2013888888888889 0.04921875 0.12638888888888888
0 0.6265625 0.1875 0.0421875 0.1111111111111111
0 0.66328125 0.1763888888888889 0.03828125 0.10138888888888889
0 0.71484375 0.16527777777777777 0.0328125 0.09722222222222222
0 0.7375 0.16111111111111112 0.02421875 0.08333333333333333