2 0.73046875 0.24166666666666667 0.0640625 0.17222222222222222
2 0.64765625 0.21944444444444444 0.05703125 0.14444444444444443
2 0.94140625 0.29444444444444445 0.09609375 0.24444444444444444
2 0.81015625 0.2638888888888889 0.07890625 0.19305555555555556
2 0.50703125 0.2 0.04765625 0.12638888888888888
2 0.44609375 0.19166666666666668 0.04453125 0.11805555555555555
2 0.10625 0.18333333333333332 0.04453125 0.10694444444444444
2 0.175 0.18472222222222223 0.04453125 0.10833333333333334
2 0.5703125 0.20972222222222223 0.05234375 0.1375
2 0.39453125 0.18888888888888888 0.04375 0.11388888888888889
2 0.3171875 0.18472222222222223 0.03984375 0.1111111111111111
2 0.03359375 0.18472222222222223 0.03984375 0.10555555555555556
2 0.24765625 0.18472222222222223 0.04140625 0.10694444444444444