0 0.96015625 0.32222222222222224 0.0796875 0.25
0 0.82109375 0.24305555555555555 0.06015625 0.16666666666666666
0 0.728125 0.19583333333333333 0.03203125 0.1125
0 0.69375 0.1763888888888889 0.02265625 0.09305555555555556
0 0.6640625 0.1597222222222222 0.01640625 0.075
0 0.64296875 0.1486111111111111 0.0140625 0.06111111111111111
0 0.6265625 0.14305555555555555 0.0125 0.05
2 0.13125 0.24861111111111112 0.06640625 0.16666666666666666
2 0.246875 0.1986111111111111 0.04375 0.12361111111111112
2 0.2890625 0.18194444444444444 0.0359375 0.10694444444444444
2 0.33671875 0.1638888888888889 0.02421875 0.08333333333333333
2 0.3875 0.14305555555555555 0.01640625 0.06111111111111111
2 0.3640625 0.1527777777777778 0.0203125 0.07083333333333333
2 0.41015625 0.1361111111111111 0.01484375 0.04722222222222222
2 0.41953125 0.13055555555555556 0.0125 0.04583333333333333
2 0.43125 0.12638888888888888 0.01171875 0.04027777777777778
2 0.43984375 0.12361111111111112 0.0109375 0.0375