2 0.95390625 0.28888888888888886 0.09140625 0.29444444444444445
2 0.79375 0.17916666666666667 0.0640625 0.1875
2 0.85234375 0.10833333333333334 0.03984375 0.1125
0 0.140625 0.2902777777777778 0.1109375 0.2847222222222222
0 0.25 0.19583333333333333 0.0625 0.19305555555555556
0 0.5234375 0.10416666666666667 0.0359375 0.08888888888888889
0 0.46953125 0.11388888888888889 0.03984375 0.09583333333333334
0 0.34765625 0.1375 0.03671875 0.13194444444444445
0 0.321875 0.15694444444444444 0.05234375 0.15416666666666667
0 0.56796875 0.09444444444444444 0.03125 0.0875
0 0.403125 0.12222222222222222 0.04609375 0.11805555555555555
0 0.60078125 0.0875 0.0265625 0.07916666666666666
0 0.63203125 0.08194444444444444 0.02265625 0.07777777777777778
0 0.69609375 0.06666666666666667 0.01796875 0.07222222222222222
0 0.6703125 0.07361111111111111 0.0140625 0.07222222222222222
2 0.81328125 0.12083333333333333 0.0390625 0.1361111111111111
2 0.77734375 0.14166666666666666 0.0453125 0.14722222222222223