0 0.8171875 0.24861111111111112 0.0609375 0.16805555555555557
0 0.74296875 0.20416666666666666 0.0390625 0.12222222222222222
0 0.69296875 0.1763888888888889 0.03125 0.09861111111111111
0 0.65 0.15555555555555556 0.0203125 0.07083333333333333
0 0.62734375 0.14444444444444443 0.0140625 0.05694444444444444
0 0.6046875 0.13472222222222222 0.0125 0.043055555555555555
0 0.61484375 0.1375 0.0140625 0.05416666666666667
2 0.128125 0.24583333333333332 0.0640625 0.16666666666666666
2 0.27578125 0.18472222222222223 0.0375 0.10694444444444444
2 0.3203125 0.1625 0.0265625 0.08472222222222223
2 0.3609375 0.14583333333333334 0.01875 0.06388888888888888
2 0.38359375 0.1388888888888889 0.0171875 0.05138888888888889
2 0.39609375 0.1375 0.0140625 0.03888888888888889