0 0.2109375 0.5125 0.115625 0.22361111111111112
0 0.34296875 0.40555555555555556 0.053125 0.11666666666666667
0 0.3765625 0.37777777777777777 0.03515625 0.08888888888888889
0 0.403125 0.35694444444444445 0.0234375 0.06527777777777778
0 0.41953125 0.35138888888888886 0.01640625 0.044444444444444446
0 0.43828125 0.3333333333333333 0.0234375 0.04583333333333333
2 0.93359375 0.3875 0.0625 0.11388888888888889
2 0.8390625 0.36666666666666664 0.0453125 0.09444444444444444
2 0.7640625 0.3486111111111111 0.0328125 0.07083333333333333
2 0.71796875 0.3402777777777778 0.028125 0.05694444444444444
2 0.68515625 0.32916666666666666 0.02265625 0.05694444444444444
2 0.6390625 0.325 0.0171875 0.03611111111111111
2 0.659375 0.3236111111111111 0.01875 0.05416666666666667
2 0.6046875 0.3111111111111111 0.02265625 0.041666666666666664