0 0.790625 0.4375 0.0578125 0.14166666666666666
0 0.69453125 0.3902777777777778 0.0359375 0.09444444444444444
0 0.628125 0.3527777777777778 0.015625 0.06527777777777778
0 0.61640625 0.3472222222222222 0.01484375 0.05694444444444444
0 0.64921875 0.3763888888888889 0.0234375 0.04861111111111111
2 0.2984375 0.38333333333333336 0.03359375 0.0875
2 0.21640625 0.4166666666666667 0.053125 0.13194444444444445
2 0.365625 0.35138888888888886 0.0203125 0.058333333333333334
2 0.3375 0.3611111111111111 0.025 0.07222222222222222
2 0.496875 0.33055555555555555 0.01328125 0.03888888888888889
2 0.53125 0.3263888888888889 0.01171875 0.03611111111111111
2 0.5171875 0.3277777777777778 0.0125 0.03888888888888889
2 0.446875 0.3347222222222222 0.01484375 0.04722222222222222
2 0.3984375 0.34305555555555556 0.01875 0.05277777777777778
2 0.43125 0.3402777777777778 0.015625 0.04583333333333333
2 0.46328125 0.3333333333333333 0.0140625 0.044444444444444446
2 0.47890625 0.33194444444444443 0.0140625 0.043055555555555555