1 0.90546875 0.28888888888888886 0.0859375 0.2111111111111111
1 0.1828125 0.21666666666666667 0.0515625 0.14027777777777778
1 0.7796875 0.2222222222222222 0.05390625 0.14722222222222223
1 0.02421875 0.30972222222222223 0.0484375 0.20277777777777778
1 0.27734375 0.1763888888888889 0.03046875 0.1
1 0.6984375 0.18055555555555555 0.03359375 0.10694444444444444
1 0.65625 0.1597222222222222 0.021875 0.08333333333333333
1 0.3171875 0.15694444444444444 0.025 0.08472222222222223
1 0.62734375 0.14583333333333334 0.0171875 0.06527777777777778
1 0.34765625 0.14444444444444443 0.015625 0.06666666666666667
1 0.36484375 0.1375 0.015625 0.058333333333333334
1 0.6078125 0.1361111111111111 0.0140625 0.05416666666666667
1 0.38515625 0.13055555555555556 0.0125 0.04861111111111111
1 0.59453125 0.12916666666666668 0.0125 0.05