2 0.9203125 0.5027777777777778 0.121875 0.2263888888888889
2 0.71796875 0.3763888888888889 0.04375 0.09166666666666666
2 0.778125 0.41805555555555557 0.0703125 0.1388888888888889
2 0.86484375 0.36944444444444446 0.0546875 0.08055555555555556
0 0.30859375 0.35833333333333334 0.03828125 0.08333333333333333
0 0.38203125 0.3527777777777778 0.03125 0.07916666666666666
0 0.1890625 0.38055555555555554 0.04453125 0.08611111111111111
0 0.24453125 0.36666666666666664 0.04453125 0.08611111111111111
0 0.55078125 0.3486111111111111 0.03125 0.058333333333333334
0 0.4796875 0.3541666666666667 0.02734375 0.059722222222222225
0 0.13125 0.39166666666666666 0.05703125 0.11944444444444445
0 0.625 0.3458333333333333 0.02890625 0.04861111111111111
0 0.690625 0.33611111111111114 0.0265625 0.05277777777777778