0 0.92265625 0.2652777777777778 0.08046875 0.19722222222222222
0 0.78203125 0.19444444444444445 0.0453125 0.13194444444444445
0 0.7171875 0.1638888888888889 0.0265625 0.1
0 0.65078125 0.13472222222222222 0.01484375 0.0625
0 0.67734375 0.14722222222222223 0.01953125 0.075
0 0.634375 0.12638888888888888 0.01328125 0.05416666666666667
0 0.61484375 0.11805555555555555 0.01171875 0.04722222222222222
0 0.6 0.10833333333333334 0.009375 0.04027777777777778
2 0.13046875 0.24583333333333332 0.0734375 0.18472222222222223
2 0.24765625 0.19027777777777777 0.04375 0.13055555555555556
2 0.31875 0.1597222222222222 0.028125 0.09861111111111111
2 0.3578125 0.14444444444444443 0.02265625 0.075
2 0.3984375 0.12361111111111112 0.01640625 0.05694444444444444
2 0.41484375 0.11666666666666667 0.01484375 0.05277777777777778
2 0.3796875 0.13333333333333333 0.0171875 0.06666666666666667
2 0.434375 0.10555555555555556 0.01484375 0.04722222222222222