0 0.06328125 0.28194444444444444 0.096875 0.23194444444444445
0 0.22421875 0.2013888888888889 0.0515625 0.14722222222222223
0 0.303125 0.1638888888888889 0.0359375 0.10694444444444444
0 0.3484375 0.14305555555555555 0.02421875 0.08055555555555556
0 0.37734375 0.125 0.0171875 0.06944444444444445
0 0.39921875 0.11388888888888889 0.01640625 0.05694444444444444
2 0.86484375 0.21388888888888888 0.065625 0.16527777777777777
2 0.7625 0.16666666666666666 0.0421875 0.11666666666666667
2 0.69609375 0.1361111111111111 0.0265625 0.08611111111111111
2 0.64609375 0.1125 0.01796875 0.0625
2 0.67109375 0.12361111111111112 0.021875 0.075
2 0.62734375 0.10555555555555556 0.01484375 0.05