2 0.97421875 0.6972222222222222 0.05078125 0.2569444444444444
2 0.95 0.5208333333333334 0.1 0.24722222222222223
2 0.828125 0.375 0.03828125 0.11527777777777778
2 0.859375 0.3902777777777778 0.03515625 0.1375
2 0.93515625 0.4777777777777778 0.10859375 0.19305555555555556
2 0.90078125 0.40694444444444444 0.053125 0.1375
2 0.93515625 0.4222222222222222 0.0578125 0.14722222222222223
0 0.04140625 0.4625 0.0828125 0.1736111111111111
0 0.22578125 0.42777777777777776 0.078125 0.1361111111111111
0 0.3171875 0.4125 0.06328125 0.10416666666666667
0 0.36796875 0.4 0.04453125 0.0625
0 0.38046875 0.37083333333333335 0.03828125 0.08611111111111111