2 0.95625 0.6805555555555556 0.0875 0.24166666666666667
2 0.9171875 0.5152777777777777 0.10234375 0.23194444444444445
2 0.7984375 0.37777777777777777 0.0359375 0.10833333333333334
2 0.828125 0.39305555555555555 0.0328125 0.12916666666666668
2 0.89921875 0.4736111111111111 0.10234375 0.18194444444444444
2 0.86640625 0.4083333333333333 0.05 0.12916666666666668
2 0.89921875 0.4222222222222222 0.05390625 0.1388888888888889
0 0.053125 0.46111111111111114 0.08984375 0.1625
0 0.23203125 0.42777777777777776 0.0734375 0.12777777777777777
0 0.31875 0.4125 0.059375 0.09722222222222222
0 0.365625 0.4013888888888889 0.0421875 0.058333333333333334
0 0.37734375 0.3736111111111111 0.0359375 0.08055555555555556