0 0.771875 0.5333333333333333 0.1171875 0.225
0 0.66953125 0.4486111111111111 0.06953125 0.14027777777777778
0 0.609375 0.4 0.0390625 0.09305555555555556
0 0.58046875 0.38333333333333336 0.02578125 0.07083333333333333
2 0.19140625 0.375 0.034375 0.075
2 0.24375 0.36527777777777776 0.025 0.059722222222222225
2 0.28203125 0.35555555555555557 0.021875 0.05277777777777778
2 0.10625 0.39444444444444443 0.04921875 0.09305555555555556
2 0.309375 0.34444444444444444 0.01796875 0.05555555555555555
2 0.3296875 0.3416666666666667 0.015625 0.04861111111111111
2 0.36171875 0.3347222222222222 0.01640625 0.0375
2 0.34609375 0.3402777777777778 0.01484375 0.03888888888888889