0 0.1671875 0.5916666666666667 0.16484375 0.30833333333333335
0 0.32734375 0.4513888888888889 0.0765625 0.15833333333333333
0 0.40078125 0.3861111111111111 0.04609375 0.10138888888888889
0 0.43046875 0.3625 0.03203125 0.07777777777777778
0 0.4515625 0.3472222222222222 0.01953125 0.058333333333333334
2 0.98515625 0.38055555555555554 0.0296875 0.10555555555555556
2 0.878125 0.35555555555555557 0.04296875 0.07777777777777778
2 0.79296875 0.3388888888888889 0.0296875 0.0625
2 0.7234375 0.3236111111111111 0.02109375 0.04583333333333333
2 0.75546875 0.32916666666666666 0.021875 0.05416666666666667
2 0.69765625 0.3194444444444444 0.01796875 0.04027777777777778
2 0.6765625 0.31666666666666665 0.01328125 0.034722222222222224
2 0.6609375 0.3125 0.015625 0.03194444444444444
2 0.65 0.3111111111111111 0.0125 0.029166666666666667