0 0.0875 0.43333333333333335 0.153125 0.36666666666666664
0 0.27421875 0.2972222222222222 0.08671875 0.2263888888888889
0 0.36015625 0.23472222222222222 0.05703125 0.16944444444444445
0 0.45 0.1736111111111111 0.03984375 0.1125
0 0.403125 0.2013888888888889 0.04453125 0.1361111111111111
1 0.4796875 0.15 0.02421875 0.08611111111111111
1 0.70703125 0.1388888888888889 0.02265625 0.075
1 0.49921875 0.1375 0.01875 0.06944444444444445
1 0.515625 0.12777777777777777 0.0140625 0.06388888888888888
1 0.690625 0.12777777777777777 0.015625 0.06527777777777778
2 0.940625 0.30833333333333335 0.096875 0.24583333333333332
2 0.76015625 0.1736111111111111 0.03828125 0.11388888888888889
2 0.84609375 0.2361111111111111 0.0640625 0.17777777777777778
2 0.796875 0.2013888888888889 0.04921875 0.14027777777777778
1 0.73203125 0.15138888888888888 0.028125 0.09444444444444444
1 0.45625 0.16527777777777777 0.0328125 0.09444444444444444