2 0.47421875 0.3958333333333333 0.0359375 0.10555555555555556
2 0.540625 0.4041666666666667 0.04453125 0.11527777777777778
2 0.6015625 0.4166666666666667 0.05078125 0.12916666666666668
2 0.825 0.4847222222222222 0.08828125 0.20972222222222223
2 0.346875 0.38055555555555554 0.02890625 0.08888888888888889
2 0.165625 0.36944444444444446 0.03203125 0.0763888888888889
2 0.68359375 0.44305555555555554 0.05859375 0.15694444444444444
2 0.25625 0.375 0.03515625 0.08055555555555556
2 0.41640625 0.3875 0.03671875 0.09583333333333334
2 0.309375 0.3763888888888889 0.03515625 0.08472222222222223
2 0.20703125 0.37083333333333335 0.03359375 0.0763888888888889