1 0.940625 0.31666666666666665 0.09609375 0.2375
1 0.7828125 0.23055555555555557 0.04609375 0.14583333333333334
1 0.715625 0.19722222222222222 0.0328125 0.11666666666666667
1 0.18359375 0.22083333333333333 0.04921875 0.14305555555555555
1 0.67109375 0.17777777777777778 0.0234375 0.09027777777777778
1 0.29453125 0.175 0.02421875 0.09027777777777778
1 0.23046875 0.2013888888888889 0.040625 0.11388888888888889
1 0.6359375 0.15833333333333333 0.0171875 0.07361111111111111
1 0.33828125 0.15416666666666667 0.01640625 0.07222222222222222
1 0.01015625 0.38472222222222224 0.0203125 0.0875
1 0.61328125 0.1486111111111111 0.015625 0.059722222222222225
1 0.3609375 0.14583333333333334 0.0140625 0.0625
1 0.59609375 0.1375 0.0125 0.05416666666666667
1 0.3765625 0.1375 0.0125 0.05138888888888889