0 0.81796875 0.22916666666666666 0.05703125 0.15416666666666667
0 0.97578125 0.34444444444444444 0.0484375 0.2
0 0.73984375 0.18611111111111112 0.03359375 0.11388888888888889
0 0.6953125 0.16805555555555557 0.02890625 0.08472222222222223
0 0.65703125 0.15 0.021875 0.06805555555555555
0 0.63203125 0.1375 0.01484375 0.05694444444444444
0 0.615625 0.12916666666666668 0.0125 0.05
0 0.59453125 0.11944444444444445 0.01171875 0.041666666666666664
0 0.603125 0.12361111111111112 0.01015625 0.041666666666666664
2 0.18984375 0.21944444444444444 0.05546875 0.15
2 0.02734375 0.3333333333333333 0.05390625 0.19444444444444445
2 0.27109375 0.18333333333333332 0.0390625 0.1125
2 0.3546875 0.14444444444444443 0.021875 0.075
2 0.38125 0.13472222222222222 0.0171875 0.0625
2 0.3234375 0.16111111111111112 0.02734375 0.0875
2 0.4 0.12777777777777777 0.0140625 0.05
2 0.4296875 0.1125 0.0109375 0.04027777777777778
2 0.41953125 0.11805555555555555 0.01171875 0.041666666666666664
2 0.18515625 0.1763888888888889 0.01875 0.06111111111111111