2 0.190625 0.38472222222222224 0.0640625 0.10833333333333334
2 0.05390625 0.41388888888888886 0.07890625 0.1388888888888889
2 0.29296875 0.37083333333333335 0.04609375 0.08472222222222223
2 0.33515625 0.3611111111111111 0.03984375 0.07777777777777778
2 0.51875 0.3375 0.02109375 0.04861111111111111
2 0.45078125 0.34444444444444444 0.028125 0.059722222222222225
2 0.378125 0.35555555555555557 0.03515625 0.07222222222222222
2 0.55 0.3347222222222222 0.02109375 0.04583333333333333
2 0.61640625 0.33194444444444443 0.02109375 0.043055555555555555
2 0.49296875 0.3402777777777778 0.0234375 0.05138888888888889
2 0.58203125 0.33194444444444443 0.01640625 0.044444444444444446
2 0.41328125 0.35 0.03203125 0.06388888888888888
0 0.97265625 0.5125 0.0546875 0.13194444444444445
0 0.76953125 0.3902777777777778 0.04765625 0.12222222222222222
0 0.84375 0.4111111111111111 0.078125 0.1625