1 0.846875 0.21666666666666667 0.059375 0.15833333333333333
1 0.16875 0.2263888888888889 0.0578125 0.16944444444444445
1 0.2671875 0.17916666666666667 0.03828125 0.11944444444444445
1 0.76328125 0.17777777777777778 0.03984375 0.11944444444444445
1 0.7015625 0.15138888888888888 0.02578125 0.09166666666666666
1 0.32265625 0.15694444444444444 0.02421875 0.0875
1 0.66796875 0.1361111111111111 0.01953125 0.075
1 0.38515625 0.12916666666666668 0.01484375 0.06111111111111111
1 0.3609375 0.1388888888888889 0.01796875 0.07083333333333333
1 0.63046875 0.12083333333333333 0.0140625 0.058333333333333334
1 0.64375 0.12777777777777777 0.01484375 0.06527777777777778
1 0.6140625 0.11527777777777778 0.01171875 0.04583333333333333
1 0.39921875 0.11944444444444445 0.0125 0.05277777777777778