2 0.9046875 0.4152777777777778 0.0765625 0.13333333333333333
2 0.59765625 0.3819444444444444 0.04765625 0.09583333333333334
2 0.784375 0.4013888888888889 0.06484375 0.11527777777777778
2 0.40625 0.37083333333333335 0.04140625 0.07916666666666666
2 0.54609375 0.37777777777777777 0.0453125 0.08888888888888889
2 0.47734375 0.375 0.04296875 0.08194444444444444
2 0.9734375 0.44027777777777777 0.05 0.14305555555555555
2 0.35390625 0.36666666666666664 0.03828125 0.07361111111111111
2 0.1140625 0.36527777777777776 0.0375 0.06944444444444445
2 0.2984375 0.3638888888888889 0.0375 0.07083333333333333
2 0.2171875 0.3638888888888889 0.03515625 0.07083333333333333
2 0.01953125 0.36527777777777776 0.0375 0.06944444444444445
2 0.68125 0.3902777777777778 0.05625 0.10138888888888889