2 0.85390625 0.4847222222222222 0.0640625 0.2125
2 0.63515625 0.4236111111111111 0.0515625 0.14305555555555555
2 0.73203125 0.45 0.06328125 0.17083333333333334
2 0.49609375 0.39444444444444443 0.0421875 0.10972222222222222
2 0.54140625 0.4041666666666667 0.03671875 0.11805555555555555
2 0.24765625 0.36666666666666664 0.034375 0.08055555555555556
2 0.29921875 0.3680555555555556 0.03359375 0.08194444444444444
2 0.35 0.3736111111111111 0.03359375 0.08611111111111111
2 0.190625 0.36527777777777776 0.03203125 0.07777777777777778
2 0.38828125 0.37777777777777777 0.03515625 0.09166666666666666
2 0.140625 0.36666666666666664 0.03203125 0.075
2 0.43828125 0.3861111111111111 0.03828125 0.09861111111111111