0 0.06484375 0.31666666666666665 0.09140625 0.23055555555555557
0 0.19453125 0.24861111111111112 0.0609375 0.15416666666666667
0 0.27578125 0.20555555555555555 0.0359375 0.11388888888888889
0 0.32421875 0.18055555555555555 0.02109375 0.08888888888888889
0 0.3546875 0.16527777777777777 0.01640625 0.06944444444444445
0 0.375 0.15416666666666667 0.01328125 0.05694444444444444
0 0.390625 0.14444444444444443 0.0109375 0.04722222222222222
0 0.4 0.1361111111111111 0.01171875 0.04583333333333333
2 0.88984375 0.2625 0.07578125 0.18055555555555555
2 0.7609375 0.20833333333333334 0.0421875 0.12222222222222222
2 0.70234375 0.18055555555555555 0.03046875 0.10416666666666667
2 0.659375 0.16527777777777777 0.0234375 0.08333333333333333
2 0.62578125 0.1527777777777778 0.01953125 0.0625
2 0.61015625 0.14444444444444443 0.01484375 0.06111111111111111
2 0.59375 0.1388888888888889 0.0140625 0.05138888888888889
2 0.58046875 0.13472222222222222 0.01015625 0.044444444444444446