0 0.95859375 0.3055555555555556 0.0828125 0.2375
0 0.78515625 0.21805555555555556 0.05859375 0.15138888888888888
0 0.71015625 0.17222222222222222 0.03046875 0.10138888888888889
0 0.63828125 0.14027777777777778 0.01875 0.06527777777777778
0 0.61484375 0.12777777777777777 0.01328125 0.05555555555555555
0 0.66953125 0.1527777777777778 0.02265625 0.08194444444444444
2 0.0265625 0.3236111111111111 0.053125 0.18611111111111112
2 0.16328125 0.22361111111111112 0.059375 0.15833333333333333
2 0.24296875 0.18888888888888888 0.0421875 0.11666666666666667
2 0.296875 0.16111111111111112 0.03125 0.09444444444444444
2 0.33203125 0.14722222222222223 0.025 0.08194444444444444
2 0.35625 0.1361111111111111 0.021875 0.07083333333333333
2 0.378125 0.12638888888888888 0.01875 0.06111111111111111