2 0.621875 0.48194444444444445 0.0890625 0.18472222222222223
2 0.778125 0.55 0.1375 0.25555555555555554
2 0.9578125 0.65 0.08359375 0.36666666666666664
2 0.23203125 0.39166666666666666 0.0453125 0.09027777777777778
2 0.45234375 0.425 0.05859375 0.12361111111111112
2 0.52109375 0.4486111111111111 0.065625 0.14583333333333334
2 0.303125 0.39861111111111114 0.05 0.09861111111111111
2 0.1078125 0.3875 0.04375 0.0763888888888889
2 0.02578125 0.38333333333333336 0.0421875 0.08055555555555556
2 0.159375 0.3875 0.040625 0.08333333333333333
2 0.375 0.4083333333333333 0.05546875 0.10833333333333334