2 0.315625 0.4236111111111111 0.0625 0.12083333333333333
2 0.0625 0.4652777777777778 0.0984375 0.16527777777777777
2 0.61328125 0.39861111111111114 0.0390625 0.09305555555555556
2 0.2125 0.4361111111111111 0.07421875 0.1375
2 0.51015625 0.40694444444444444 0.0484375 0.1
2 0.87578125 0.3875 0.04765625 0.07777777777777778
2 0.9546875 0.3861111111111111 0.046875 0.0763888888888889
2 0.746875 0.39166666666666666 0.0453125 0.08333333333333333
2 0.66953125 0.3958333333333333 0.04921875 0.08888888888888889
2 0.81875 0.3888888888888889 0.04765625 0.08055555555555556
2 0.41875 0.4152777777777778 0.0546875 0.1111111111111111