2 0.63671875 0.4375 0.07734375 0.14027777777777778
2 0.73203125 0.4791666666666667 0.10078125 0.18888888888888888
2 0.91484375 0.5888888888888889 0.1671875 0.30277777777777776
2 0.57890625 0.40694444444444444 0.0484375 0.11527777777777778
2 0.54609375 0.39444444444444443 0.03828125 0.1
2 0.290625 0.3638888888888889 0.040625 0.06944444444444445
2 0.23515625 0.3597222222222222 0.03828125 0.06666666666666667
2 0.3546875 0.36666666666666664 0.040625 0.07361111111111111
2 0.425 0.375 0.040625 0.08055555555555556
2 0.16796875 0.3597222222222222 0.03515625 0.06388888888888888
2 0.49765625 0.38472222222222224 0.046875 0.09166666666666666
2 0.10625 0.3597222222222222 0.03515625 0.0625
2 0.03046875 0.35833333333333334 0.03203125 0.06388888888888888