2 0.8625 0.41944444444444445 0.08125 0.14305555555555555
2 0.740625 0.39861111111111114 0.0625 0.12083333333333333
2 0.56015625 0.3819444444444444 0.04765625 0.10138888888888889
2 0.47734375 0.3736111111111111 0.04375 0.09305555555555556
2 0.328125 0.36527777777777776 0.0453125 0.08333333333333333
2 0.25390625 0.3638888888888889 0.04296875 0.07777777777777778
2 0.38125 0.3680555555555556 0.03515625 0.08611111111111111
2 0.65234375 0.3875 0.0546875 0.10972222222222222
2 0.053125 0.35833333333333334 0.040625 0.075
2 0.1296875 0.3597222222222222 0.04140625 0.0763888888888889
2 0.18671875 0.3597222222222222 0.04453125 0.07777777777777778