0 0.88203125 0.2263888888888889 0.07109375 0.19583333333333333
0 0.78359375 0.17083333333333334 0.04296875 0.14027777777777778
0 0.71875 0.14027777777777778 0.034375 0.10555555555555556
0 0.6640625 0.11388888888888889 0.01953125 0.0763888888888889
0 0.6375 0.1 0.01484375 0.06388888888888888
0 0.62265625 0.09305555555555556 0.01328125 0.058333333333333334
0 0.61015625 0.0875 0.0125 0.05
0 0.59609375 0.08055555555555556 0.01171875 0.043055555555555555
2 0.11015625 0.2125 0.06484375 0.1875
2 0.265625 0.14722222222222223 0.0390625 0.11527777777777778
2 0.3125 0.11805555555555555 0.028125 0.09583333333333334
2 0.35390625 0.09861111111111111 0.01953125 0.0763888888888889
2 0.39140625 0.08611111111111111 0.015625 0.05416666666666667
2 0.3765625 0.09166666666666666 0.01640625 0.0625
2 0.40546875 0.07777777777777778 0.015625 0.05138888888888889