0 0.1609375 0.24861111111111112 0.06640625 0.17083333333333334
0 0.2578125 0.1986111111111111 0.03828125 0.12083333333333333
0 0.30859375 0.1763888888888889 0.03046875 0.09444444444444444
0 0.3765625 0.14444444444444443 0.01484375 0.059722222222222225
0 0.35 0.15694444444444444 0.021875 0.07083333333333333
0 0.39453125 0.1361111111111111 0.0125 0.05138888888888889
2 0.8578125 0.24166666666666667 0.06640625 0.16944444444444445
2 0.759375 0.19722222222222222 0.04375 0.12361111111111112
2 0.66484375 0.1527777777777778 0.02421875 0.07777777777777778
2 0.69921875 0.17222222222222222 0.02890625 0.09166666666666666
2 0.6359375 0.14027777777777778 0.01796875 0.06527777777777778
2 0.6171875 0.13472222222222222 0.01640625 0.05416666666666667