2 0.91953125 0.4041666666666667 0.084375 0.14722222222222223
2 0.5796875 0.36666666666666664 0.053125 0.10694444444444444
2 0.7859375 0.3875 0.07109375 0.12638888888888888
2 0.36796875 0.3541666666666667 0.04609375 0.0875
2 0.52265625 0.3611111111111111 0.05 0.09861111111111111
2 0.44609375 0.35833333333333334 0.04765625 0.09166666666666666
2 0.98359375 0.4305555555555556 0.03203125 0.15833333333333333
2 0.31015625 0.35 0.0421875 0.08194444444444444
2 0.04453125 0.3472222222222222 0.04140625 0.0763888888888889
2 0.24921875 0.3472222222222222 0.04140625 0.07916666666666666
2 0.15859375 0.3472222222222222 0.0390625 0.07916666666666666
2 0.671875 0.375 0.0625 0.1111111111111111