0 0.10703125 0.47638888888888886 0.10390625 0.18194444444444444
0 0.2453125 0.4125 0.06015625 0.11666666666666667
0 0.33359375 0.3819444444444444 0.046875 0.08194444444444444
0 0.39140625 0.3736111111111111 0.03984375 0.0763888888888889
0 0.5578125 0.3625 0.02734375 0.06111111111111111
0 0.46328125 0.3680555555555556 0.0328125 0.06805555555555555
0 0.28515625 0.39305555555555555 0.04453125 0.08888888888888889
0 0.6265625 0.35833333333333334 0.0296875 0.05694444444444444
0 0.6953125 0.3472222222222222 0.02421875 0.058333333333333334
2 0.8515625 0.37777777777777777 0.05 0.11527777777777778
2 0.97734375 0.44027777777777777 0.0453125 0.13055555555555556
2 0.99609375 0.3597222222222222 0.00078125 0.009722222222222222