0 0.7265625 0.4097222222222222 0.04453125 0.1125
0 0.8375 0.46805555555555556 0.071875 0.16666666666666666
0 0.66015625 0.3763888888888889 0.02890625 0.08194444444444444
0 0.62109375 0.35694444444444445 0.02109375 0.075
0 0.6 0.35694444444444445 0.0171875 0.04861111111111111
2 0.1296875 0.45 0.0703125 0.16666666666666666
2 0.24921875 0.39444444444444443 0.04140625 0.10972222222222222
2 0.30703125 0.36944444444444446 0.02734375 0.07361111111111111
2 0.33359375 0.35833333333333334 0.02109375 0.0625
2 0.35546875 0.3486111111111111 0.01796875 0.05277777777777778
2 0.3734375 0.34444444444444444 0.01484375 0.04027777777777778
2 0.3953125 0.33194444444444443 0.01171875 0.030555555555555555
2 0.3859375 0.33611111111111114 0.0125 0.0375