2 0.21171875 0.48055555555555557 0.06328125 0.19444444444444445
2 0.38515625 0.42916666666666664 0.05390625 0.1388888888888889
2 0.496875 0.4013888888888889 0.0390625 0.1111111111111111
2 0.2953125 0.45416666666666666 0.06640625 0.16527777777777777
2 0.60703125 0.38472222222222224 0.0359375 0.09444444444444444
2 0.66328125 0.37916666666666665 0.03359375 0.0875
2 0.55234375 0.39166666666666666 0.03828125 0.09861111111111111
2 0.81796875 0.36944444444444446 0.03359375 0.07916666666666666
2 0.75078125 0.375 0.03203125 0.07916666666666666
2 0.78515625 0.37083333333333335 0.03203125 0.08055555555555556
2 0.86015625 0.37083333333333335 0.0328125 0.075
2 0.7109375 0.37777777777777777 0.03203125 0.08472222222222223
2 0.45078125 0.4125 0.04453125 0.11944444444444445