2 0.74609375 0.4597222222222222 0.08515625 0.17222222222222222
2 0.6671875 0.4 0.04609375 0.10972222222222222
2 0.61953125 0.3736111111111111 0.0359375 0.08472222222222223
2 0.59296875 0.3541666666666667 0.028125 0.06527777777777778
2 0.57421875 0.3416666666666667 0.01875 0.05277777777777778
2 0.5625 0.3388888888888889 0.01875 0.041666666666666664
0 0.14921875 0.37777777777777777 0.0453125 0.08472222222222223
0 0.22578125 0.35833333333333334 0.0296875 0.06527777777777778
0 0.0203125 0.41944444444444445 0.040625 0.10138888888888889
0 0.275 0.3472222222222222 0.0203125 0.05138888888888889
0 0.31171875 0.3416666666666667 0.01875 0.043055555555555555
0 0.3328125 0.33611111111111114 0.01484375 0.04027777777777778
0 0.35390625 0.33194444444444443 0.0125 0.03194444444444444
0 0.371875 0.33194444444444443 0.009375 0.019444444444444445