0 0.88046875 0.23055555555555557 0.0859375 0.20833333333333334
0 0.72421875 0.15694444444444444 0.046875 0.13333333333333333
0 0.67109375 0.13194444444444445 0.03359375 0.10972222222222222
0 0.62421875 0.11388888888888889 0.02265625 0.08194444444444444
0 0.596875 0.10138888888888889 0.0171875 0.06388888888888888
0 0.559375 0.08472222222222223 0.0140625 0.04861111111111111
0 0.578125 0.09305555555555556 0.0171875 0.05694444444444444
0 0.53671875 0.075 0.0109375 0.0375
0 0.52421875 0.06805555555555555 0.01328125 0.034722222222222224
0 0.54609375 0.07777777777777778 0.0109375 0.041666666666666664
2 0.03203125 0.21666666666666667 0.0640625 0.20555555555555555
2 0.15078125 0.15833333333333333 0.05078125 0.14583333333333334
2 0.21640625 0.12916666666666668 0.03515625 0.1125
2 0.26171875 0.10972222222222222 0.025 0.08611111111111111
2 0.29140625 0.09861111111111111 0.02265625 0.06805555555555555
2 0.346875 0.075 0.01328125 0.04861111111111111
2 0.315625 0.0875 0.0171875 0.06388888888888888
2 0.33125 0.07916666666666666 0.01640625 0.05555555555555555
2 0.359375 0.06944444444444445 0.01328125 0.041666666666666664