2 0.0140625 0.4652777777777778 0.02734375 0.16666666666666666
2 0.16015625 0.4041666666666667 0.0578125 0.11527777777777778
2 0.25234375 0.3736111111111111 0.0390625 0.08333333333333333
2 0.30234375 0.35833333333333334 0.03046875 0.059722222222222225
2 0.32890625 0.35 0.02421875 0.05138888888888889
2 0.35078125 0.34305555555555556 0.02109375 0.04583333333333333
2 0.4203125 0.32222222222222224 0.01328125 0.03194444444444444
2 0.36875 0.3402777777777778 0.01796875 0.03611111111111111
2 0.40234375 0.325 0.01328125 0.034722222222222224
2 0.3828125 0.3333333333333333 0.015625 0.03611111111111111
0 0.81640625 0.4152777777777778 0.06171875 0.11527777777777778
0 0.98203125 0.4888888888888889 0.0359375 0.18472222222222223
0 0.7375 0.3861111111111111 0.0421875 0.08611111111111111
0 0.6796875 0.36666666666666664 0.0296875 0.06388888888888888
0 0.64375 0.35833333333333334 0.0203125 0.04583333333333333
0 0.5828125 0.33055555555555555 0.02109375 0.03194444444444444
0 0.6234375 0.3527777777777778 0.015625 0.03611111111111111
0 0.61015625 0.3416666666666667 0.01640625 0.043055555555555555