0 0.33203125 0.37916666666666665 0.03203125 0.08888888888888889
0 0.26015625 0.4083333333333333 0.0453125 0.11527777777777778
0 0.38125 0.35555555555555557 0.021875 0.06388888888888888
0 0.40078125 0.3458333333333333 0.015625 0.05416666666666667
0 0.42890625 0.33611111111111114 0.0109375 0.03333333333333333
0 0.4171875 0.34305555555555556 0.0125 0.03194444444444444
2 0.68125 0.3736111111111111 0.03203125 0.0875
2 0.7296875 0.3972222222222222 0.04296875 0.11388888888888889
2 0.60703125 0.3458333333333333 0.01640625 0.04861111111111111
2 0.59453125 0.3347222222222222 0.0125 0.043055555555555555
2 0.6234375 0.35138888888888886 0.015625 0.059722222222222225
2 0.5828125 0.3333333333333333 0.0125 0.030555555555555555
2 0.6359375 0.35833333333333334 0.021875 0.07222222222222222
2 0.57421875 0.32916666666666666 0.01015625 0.030555555555555555