2 0.63046875 0.4875 0.09765625 0.19722222222222222
2 0.7421875 0.5541666666666667 0.115625 0.26805555555555555
2 0.5109375 0.44722222222222224 0.0765625 0.15694444444444444
2 0.434375 0.4236111111111111 0.0671875 0.13333333333333333
2 0.37421875 0.40694444444444444 0.05703125 0.1111111111111111
2 0.20546875 0.3861111111111111 0.04921875 0.09027777777777778
2 0.01171875 0.3736111111111111 0.0234375 0.08055555555555556
2 0.30546875 0.3958333333333333 0.0546875 0.10277777777777777
2 0.15625 0.38472222222222224 0.04921875 0.08055555555555556
2 0.07734375 0.37777777777777777 0.05390625 0.08333333333333333
2 0.26171875 0.3902777777777778 0.04765625 0.09583333333333334