2 0.27109375 0.4597222222222222 0.0546875 0.07361111111111111
2 0.32265625 0.40694444444444444 0.0375 0.0875
2 0.1875 0.575 0.05 0.09722222222222222
2 0.353125 0.39305555555555555 0.02890625 0.06527777777777778
2 0.409375 0.35833333333333334 0.01796875 0.044444444444444446
2 0.89140625 0.3472222222222222 0.01328125 0.029166666666666667
2 0.375 0.37916666666666665 0.02421875 0.059722222222222225
2 0.93046875 0.3472222222222222 0.0140625 0.030555555555555555
2 0.98984375 0.3486111111111111 0.0140625 0.029166666666666667
2 0.390625 0.36944444444444446 0.021875 0.05277777777777778
2 0.2984375 0.35 0.0140625 0.029166666666666667
2 0.21015625 0.3458333333333333 0.01484375 0.025
2 0.753125 0.3402777777777778 0.0109375 0.022222222222222223
2 0.26484375 0.3472222222222222 0.01640625 0.03333333333333333
0 0.796875 0.4111111111111111 0.0484375 0.09027777777777778
0 0.9078125 0.44027777777777777 0.0640625 0.12083333333333333
0 0.728125 0.39305555555555555 0.03515625 0.06944444444444445
0 0.6703125 0.37222222222222223 0.015625 0.05416666666666667
0 0.9453125 0.35555555555555557 0.0140625 0.04027777777777778
0 0.69453125 0.375 0.02109375 0.07222222222222222
0 0.6421875 0.36666666666666664 0.01484375 0.044444444444444446
0 0.61328125 0.35833333333333334 0.01171875 0.034722222222222224
0 0.8625 0.3486111111111111 0.01171875 0.03194444444444444
0 0.821875 0.3472222222222222 0.01015625 0.03333333333333333
0 0.909375 0.3527777777777778 0.0125 0.027777777777777776
0 0.63046875 0.3638888888888889 0.01328125 0.043055555555555555
0 0.5828125 0.35555555555555557 0.01484375 0.04583333333333333
0 0.56484375 0.3486111111111111 0.01015625 0.034722222222222224
0 0.76953125 0.3472222222222222 0.0140625 0.03194444444444444
0 0.59921875 0.3541666666666667 0.01484375 0.0375