2 0.62421875 0.4583333333333333 0.10390625 0.20416666666666666
2 0.7859375 0.5222222222222223 0.14453125 0.2722222222222222
2 0.3875 0.39166666666666666 0.06640625 0.13055555555555556
2 0.309375 0.37916666666666665 0.0609375 0.11805555555555555
2 0.2171875 0.35833333333333334 0.0546875 0.09861111111111111
2 0.9640625 0.6972222222222222 0.07109375 0.3125
2 0.51328125 0.42916666666666664 0.08515625 0.17083333333333334
2 0.26484375 0.36666666666666664 0.0546875 0.10694444444444444
2 0.125 0.35555555555555557 0.0515625 0.09444444444444444
2 0.02109375 0.3527777777777778 0.0421875 0.09305555555555556
2 0.46015625 0.40694444444444444 0.0625 0.14722222222222223
0 0.8109375 0.3055555555555556 0.0265625 0.019444444444444445