0 0.32109375 0.25 0.07109375 0.17916666666666667
0 0.1375 0.3527777777777778 0.1109375 0.2833333333333333
0 0.42421875 0.22083333333333333 0.05546875 0.15
0 0.209375 0.2916666666666667 0.08359375 0.2222222222222222
0 0.50078125 0.20416666666666666 0.04609375 0.12361111111111112
0 0.5609375 0.19027777777777777 0.040625 0.1125
0 0.59609375 0.17916666666666667 0.028125 0.1
0 0.6328125 0.17222222222222222 0.03203125 0.0875
0 0.68046875 0.15694444444444444 0.02421875 0.0875
0 0.703125 0.15694444444444444 0.01953125 0.06944444444444445
2 0.93515625 0.3 0.0828125 0.2569444444444444
2 0.91953125 0.12361111111111112 0.02421875 0.06944444444444445
2 0.97734375 0.23194444444444445 0.03984375 0.14027777777777778
2 0.94765625 0.12777777777777777 0.02421875 0.07083333333333333
2 0.978125 0.12916666666666668 0.02421875 0.07361111111111111