2 0.86796875 0.4125 0.071875 0.13055555555555556
2 0.76875 0.37777777777777777 0.03984375 0.09027777777777778
2 0.70703125 0.3611111111111111 0.0328125 0.06805555555555555
2 0.66640625 0.3472222222222222 0.02734375 0.05555555555555555
2 0.6390625 0.3388888888888889 0.01953125 0.04583333333333333
2 0.6203125 0.3347222222222222 0.01640625 0.0375
2 0.5703125 0.31666666666666665 0.015625 0.029166666666666667
2 0.60703125 0.3277777777777778 0.01484375 0.0375
2 0.59296875 0.325 0.01484375 0.03611111111111111
0 0.10078125 0.43472222222222223 0.08359375 0.1375
0 0.2328125 0.3875 0.0484375 0.09166666666666666
0 0.30390625 0.3638888888888889 0.034375 0.07222222222222222
0 0.34296875 0.35 0.01796875 0.05694444444444444
0 0.36953125 0.3416666666666667 0.015625 0.04583333333333333
0 0.390625 0.33611111111111114 0.0125 0.0375
0 0.40234375 0.3347222222222222 0.0125 0.03194444444444444