1 0.9609375 0.2638888888888889 0.06953125 0.19166666666666668
1 0.178125 0.2652777777777778 0.06953125 0.18888888888888888
1 0.7734375 0.18333333333333332 0.03984375 0.10833333333333334
1 0.278125 0.20694444444444443 0.04296875 0.12916666666666668
1 0.81171875 0.2013888888888889 0.04296875 0.125
1 0.3265625 0.18611111111111112 0.0328125 0.09861111111111111
1 0.71953125 0.1638888888888889 0.02578125 0.08472222222222223
1 0.359375 0.16805555555555557 0.02421875 0.08333333333333333
1 0.68046875 0.1486111111111111 0.0203125 0.06944444444444445
1 0.38984375 0.15138888888888888 0.01796875 0.07083333333333333
1 0.41015625 0.14027777777777778 0.0140625 0.05694444444444444
1 0.6578125 0.1388888888888889 0.01484375 0.058333333333333334
1 0.4234375 0.13194444444444445 0.01171875 0.05