0 0.9765625 0.31805555555555554 0.028125 0.06527777777777778
0 0.93984375 0.3125 0.0265625 0.05555555555555555
0 0.91640625 0.30694444444444446 0.02109375 0.05277777777777778
0 0.878125 0.3013888888888889 0.02109375 0.04861111111111111
0 0.85546875 0.30416666666666664 0.0171875 0.03194444444444444
0 0.9046875 0.2972222222222222 0.01484375 0.034722222222222224
0 0.959375 0.2916666666666667 0.01484375 0.034722222222222224
2 0.28984375 0.3638888888888889 0.06015625 0.12222222222222222
2 0.10234375 0.38055555555555554 0.071875 0.14444444444444443
2 0.4953125 0.3458333333333333 0.0515625 0.10277777777777777
2 0.625 0.3388888888888889 0.034375 0.06388888888888888
2 0.8203125 0.28194444444444444 0.01484375 0.03194444444444444
2 0.765625 0.2833333333333333 0.015625 0.03194444444444444
2 0.4203125 0.35 0.0546875 0.10972222222222222
2 0.6890625 0.2847222222222222 0.0140625 0.03611111111111111
2 0.5703125 0.3375 0.04140625 0.08888888888888889
2 0.896875 0.2777777777777778 0.01328125 0.027777777777777776
2 0.65625 0.32083333333333336 0.03046875 0.07222222222222222
2 0.8625 0.2791666666666667 0.0125 0.027777777777777776
2 0.8578125 0.29305555555555557 0.021875 0.05416666666666667