0 0.91015625 0.24861111111111112 0.08203125 0.20416666666666666
0 0.7875 0.18611111111111112 0.04453125 0.14305555555555555
0 0.71796875 0.15416666666666667 0.03515625 0.10694444444444444
0 0.66875 0.13194444444444445 0.0234375 0.08194444444444444
2 0.12890625 0.2152777777777778 0.06484375 0.1736111111111111
2 0.22578125 0.1736111111111111 0.04375 0.13055555555555556
2 0.28203125 0.14722222222222223 0.03359375 0.10416666666666667
2 0.32734375 0.125 0.02734375 0.08333333333333333
1 0.36015625 0.1125 0.01875 0.07222222222222222
1 0.38515625 0.10138888888888889 0.01640625 0.059722222222222225
1 0.40390625 0.09583333333333334 0.01171875 0.04722222222222222