0 0.240625 0.5013888888888889 0.1078125 0.20555555555555555
0 0.3328125 0.4236111111111111 0.06171875 0.12916666666666668
0 0.38828125 0.37916666666666665 0.03515625 0.08472222222222223
0 0.415625 0.3638888888888889 0.02265625 0.06388888888888888
2 0.84765625 0.3736111111111111 0.04609375 0.08472222222222223
2 0.98125 0.42083333333333334 0.0375 0.10833333333333334
2 0.68828125 0.3388888888888889 0.01953125 0.04861111111111111
2 0.7703125 0.35694444444444445 0.0328125 0.06666666666666667
2 0.61484375 0.3194444444444444 0.01484375 0.03333333333333333
2 0.66328125 0.3277777777777778 0.015625 0.05138888888888889
2 0.6453125 0.3263888888888889 0.0125 0.041666666666666664
2 0.72265625 0.3458333333333333 0.0234375 0.05694444444444444
2 0.6296875 0.325 0.01328125 0.034722222222222224