0 0.10546875 0.29583333333333334 0.08359375 0.2125
0 0.24140625 0.2222222222222222 0.040625 0.1375
0 0.309375 0.1875 0.02578125 0.1
0 0.3484375 0.16944444444444445 0.01796875 0.0763888888888889
0 0.375 0.1527777777777778 0.01640625 0.0625
0 0.3953125 0.14444444444444443 0.01171875 0.05277777777777778
0 0.409375 0.14027777777777778 0.01171875 0.04722222222222222
2 0.8328125 0.23333333333333334 0.0578125 0.15416666666666667
2 0.7234375 0.18472222222222223 0.03359375 0.10416666666666667
2 0.68671875 0.16805555555555557 0.0265625 0.08611111111111111
2 0.65234375 0.15416666666666667 0.01953125 0.07083333333333333
2 0.62734375 0.14305555555555555 0.0140625 0.05694444444444444
2 0.61171875 0.1375 0.0125 0.05277777777777778
2 0.59296875 0.13055555555555556 0.01015625 0.04583333333333333
2 0.60234375 0.13333333333333333 0.01171875 0.04583333333333333