0 0.871875 0.26805555555555555 0.07734375 0.2013888888888889
0 0.740625 0.20555555555555555 0.0453125 0.1361111111111111
0 0.675 0.175 0.02578125 0.10416666666666667
0 0.63671875 0.15694444444444444 0.02265625 0.08611111111111111
0 0.60390625 0.14166666666666666 0.0171875 0.06805555555555555
0 0.58203125 0.13194444444444445 0.0140625 0.05694444444444444
0 0.56640625 0.12361111111111112 0.0125 0.05
2 0.0390625 0.26944444444444443 0.078125 0.20277777777777778
2 0.17265625 0.20277777777777778 0.0484375 0.1388888888888889
2 0.2390625 0.1736111111111111 0.034375 0.10694444444444444
2 0.3109375 0.1388888888888889 0.0203125 0.075
2 0.284375 0.15416666666666667 0.025 0.08888888888888889
2 0.3359375 0.12916666666666668 0.0171875 0.06388888888888888
2 0.353125 0.12361111111111112 0.01328125 0.05138888888888889