2 0.96328125 0.45555555555555555 0.0703125 0.175
2 0.8375 0.4027777777777778 0.06484375 0.11805555555555555
2 0.709375 0.3638888888888889 0.03125 0.07361111111111111
2 0.73515625 0.3763888888888889 0.040625 0.0875
2 0.675 0.35555555555555557 0.028125 0.058333333333333334
2 0.65 0.3375 0.02109375 0.06111111111111111
2 0.62890625 0.3375 0.01875 0.044444444444444446
2 0.61484375 0.3347222222222222 0.015625 0.034722222222222224
2 0.57578125 0.31805555555555554 0.01171875 0.029166666666666667
2 0.58828125 0.3236111111111111 0.01328125 0.027777777777777776
2 0.60234375 0.33055555555555555 0.01328125 0.02638888888888889
0 0.20703125 0.4111111111111111 0.06328125 0.11666666666666667
0 0.0375 0.475 0.07421875 0.17777777777777778
0 0.3140625 0.37222222222222223 0.03671875 0.075
0 0.35 0.35833333333333334 0.02734375 0.059722222222222225
0 0.38125 0.35 0.01953125 0.041666666666666664
0 0.40078125 0.34305555555555556 0.015625 0.034722222222222224
0 0.421875 0.33611111111111114 0.01328125 0.02361111111111111
0 0.4375 0.3277777777777778 0.0203125 0.025
0 0.4125 0.3402777777777778 0.01171875 0.022222222222222223