0 0.9609375 0.31666666666666665 0.07734375 0.24027777777777778
0 0.81953125 0.24305555555555555 0.0625 0.16944444444444445
0 0.73203125 0.2013888888888889 0.040625 0.12777777777777777
0 0.665625 0.1763888888888889 0.025 0.08888888888888889
0 0.61015625 0.1486111111111111 0.01640625 0.06388888888888888
0 0.63671875 0.1597222222222222 0.02109375 0.07916666666666666
2 0.121875 0.24166666666666667 0.06015625 0.16944444444444445
2 0.209375 0.20277777777777778 0.0421875 0.12916666666666668
2 0.26875 0.175 0.0296875 0.1
2 0.3234375 0.1486111111111111 0.0203125 0.075
2 0.3578125 0.13472222222222222 0.01484375 0.05555555555555555
2 0.34140625 0.14305555555555555 0.0171875 0.06388888888888888