0 0.140625 0.6583333333333333 0.20234375 0.3888888888888889
0 0.334375 0.49444444444444446 0.09765625 0.21388888888888888
0 0.015625 0.3458333333333333 0.03125 0.06944444444444445
0 0.078125 0.34444444444444444 0.03046875 0.06944444444444445
0 0.1515625 0.3472222222222222 0.034375 0.07083333333333333
0 0.2234375 0.3458333333333333 0.03359375 0.07777777777777778
0 0.365625 0.3625 0.03203125 0.08611111111111111
0 0.26953125 0.35138888888888886 0.03671875 0.075
0 0.415625 0.45 0.06875 0.10138888888888889
0 0.43984375 0.3972222222222222 0.03671875 0.12222222222222222
0 0.32890625 0.35694444444444445 0.03671875 0.08055555555555556
0 0.39140625 0.37083333333333335 0.03125 0.09444444444444444
2 0.78125 0.34444444444444444 0.03828125 0.075
2 0.859375 0.35138888888888886 0.0453125 0.08611111111111111
2 0.6234375 0.3333333333333333 0.0296875 0.06388888888888888
2 0.94140625 0.3611111111111111 0.053125 0.09583333333333334
2 0.7109375 0.3388888888888889 0.03515625 0.06805555555555555
2 0.5421875 0.33194444444444443 0.028125 0.058333333333333334
2 0.05234375 0.3277777777777778 0.0234375 0.04722222222222222
2 0.1140625 0.3277777777777778 0.02421875 0.04722222222222222
2 0.478125 0.32916666666666666 0.02578125 0.05555555555555555
2 0.003125 0.3277777777777778 0.00625 0.04861111111111111
2 0.27578125 0.3236111111111111 0.01796875 0.05277777777777778
2 0.37109375 0.3236111111111111 0.01796875 0.05277777777777778
2 0.4203125 0.3236111111111111 0.0171875 0.04861111111111111
2 0.32421875 0.325 0.01796875 0.05277777777777778