0 0.8828125 0.25555555555555554 0.06640625 0.18888888888888888
0 0.7609375 0.1986111111111111 0.03984375 0.12777777777777777
0 0.69765625 0.16805555555555557 0.025 0.09861111111111111
0 0.6625 0.15 0.01953125 0.07916666666666666
0 0.63203125 0.1361111111111111 0.015625 0.0625
0 0.61171875 0.12777777777777777 0.0140625 0.05277777777777778
0 0.59765625 0.11944444444444445 0.01171875 0.04861111111111111
0 0.58671875 0.11388888888888889 0.01015625 0.041666666666666664
2 0.22421875 0.19305555555555556 0.04375 0.12916666666666668
2 0.10078125 0.25277777777777777 0.0765625 0.18611111111111112
2 0.2859375 0.16805555555555557 0.03046875 0.09861111111111111
2 0.35390625 0.1361111111111111 0.01796875 0.06805555555555555
2 0.32734375 0.1486111111111111 0.021875 0.08055555555555556
2 0.37734375 0.12638888888888888 0.01328125 0.06111111111111111
2 0.39296875 0.11944444444444445 0.0140625 0.05
2 0.41171875 0.10972222222222222 0.0109375 0.04583333333333333