0 0.1125 0.24305555555555555 0.0765625 0.19305555555555556
2 0.86484375 0.2222222222222222 0.071875 0.17777777777777778
1 0.7375 0.17083333333333334 0.0359375 0.12222222222222222
1 0.67265625 0.14305555555555555 0.02578125 0.09444444444444444
1 0.28984375 0.14722222222222223 0.025 0.09861111111111111
1 0.6515625 0.13333333333333333 0.021875 0.08194444444444444
1 0.62109375 0.12083333333333333 0.01796875 0.07361111111111111
1 0.240625 0.1736111111111111 0.040625 0.12222222222222222
1 0.3375 0.125 0.0171875 0.06666666666666667
1 0.58125 0.10416666666666667 0.0125 0.05277777777777778
1 0.59609375 0.1111111111111111 0.015625 0.058333333333333334
1 0.31640625 0.1361111111111111 0.0203125 0.07777777777777778
1 0.3578125 0.11388888888888889 0.01484375 0.05555555555555555