2 0.83203125 0.5111111111111111 0.1046875 0.23194444444444445
2 0.684375 0.41944444444444445 0.0640625 0.1361111111111111
2 0.62265625 0.3763888888888889 0.040625 0.08888888888888889
2 0.58984375 0.35694444444444445 0.02734375 0.06111111111111111
2 0.55625 0.3347222222222222 0.01640625 0.04861111111111111
2 0.56953125 0.3458333333333333 0.02109375 0.05277777777777778
0 0.09609375 0.38333333333333336 0.05 0.09027777777777778
0 0.190625 0.3611111111111111 0.0328125 0.07083333333333333
0 0.25234375 0.35 0.02578125 0.05555555555555555
0 0.2859375 0.3416666666666667 0.0171875 0.044444444444444446
0 0.3171875 0.3333333333333333 0.015625 0.041666666666666664
0 0.340625 0.33055555555555555 0.0125 0.03333333333333333
0 0.35546875 0.325 0.0140625 0.03194444444444444