2 0.25625 0.4444444444444444 0.0734375 0.15
2 0.059375 0.5777777777777777 0.11875 0.29305555555555557
2 0.334375 0.39861111111111114 0.046875 0.10138888888888889
2 0.403125 0.3611111111111111 0.02578125 0.07777777777777778
2 0.9578125 0.3277777777777778 0.0125 0.029166666666666667
2 0.3171875 0.3263888888888889 0.01484375 0.04027777777777778
2 0.2828125 0.3277777777777778 0.0140625 0.029166666666666667
2 0.3765625 0.37777777777777777 0.034375 0.06944444444444445
2 0.9984375 0.3277777777777778 0.003125 0.027777777777777776
2 0.22890625 0.32222222222222224 0.01484375 0.027777777777777776
2 0.78515625 0.32083333333333336 0.0109375 0.022222222222222223
2 0.2609375 0.3236111111111111 0.0140625 0.03194444444444444
2 0.2421875 0.32222222222222224 0.0125 0.027777777777777776
2 0.921875 0.3263888888888889 0.0125 0.027777777777777776
2 0.37421875 0.33055555555555555 0.01328125 0.03611111111111111
2 0.86328125 0.3236111111111111 0.0109375 0.02638888888888889
2 0.41796875 0.3486111111111111 0.01953125 0.05555555555555555
2 0.840625 0.3236111111111111 0.0125 0.025
2 0.43125 0.3388888888888889 0.01875 0.05555555555555555
2 0.4359375 0.3375 0.021875 0.04583333333333333
0 0.890625 0.4027777777777778 0.05859375 0.10555555555555556
0 0.81015625 0.38055555555555554 0.0453125 0.08194444444444444
0 0.7625 0.37083333333333335 0.03203125 0.058333333333333334
0 0.7171875 0.35138888888888886 0.0171875 0.05694444444444444
0 0.67109375 0.3402777777777778 0.01484375 0.04583333333333333
0 0.6953125 0.3458333333333333 0.01875 0.05416666666666667
0 0.63046875 0.32916666666666666 0.01328125 0.043055555555555555
0 0.57890625 0.33055555555555555 0.01171875 0.03194444444444444
0 0.93515625 0.33055555555555555 0.01171875 0.0375
0 0.609375 0.33194444444444443 0.01171875 0.03194444444444444
0 0.8546875 0.33055555555555555 0.0109375 0.030555555555555555
0 0.88984375 0.3263888888888889 0.01171875 0.0375
0 0.98828125 0.32916666666666666 0.01484375 0.043055555555555555
0 0.79609375 0.3263888888888889 0.01171875 0.030555555555555555
0 0.7671875 0.3236111111111111 0.0140625 0.0375
0 0.6453125 0.3333333333333333 0.009375 0.044444444444444446
0 0.65390625 0.3333333333333333 0.009375 0.041666666666666664
0 0.74296875 0.3236111111111111 0.01015625 0.029166666666666667
0 0.82734375 0.325 0.0140625 0.034722222222222224