0 0.9296875 0.30277777777777776 0.0890625 0.225
0 0.69296875 0.18472222222222223 0.03359375 0.10555555555555556
0 0.77890625 0.2263888888888889 0.05390625 0.1486111111111111
1 0.64296875 0.16111111111111112 0.0203125 0.07361111111111111
1 0.37421875 0.13472222222222222 0.01484375 0.058333333333333334
1 0.34609375 0.14444444444444443 0.01640625 0.06666666666666667
1 0.35703125 0.14027777777777778 0.0140625 0.06527777777777778
1 0.60546875 0.14166666666666666 0.015625 0.05694444444444444
1 0.6203125 0.14583333333333334 0.0171875 0.06944444444444445
2 0.0640625 0.26805555555555555 0.07734375 0.19583333333333333
2 0.18359375 0.21388888888888888 0.05234375 0.14166666666666666
2 0.2640625 0.17777777777777778 0.0359375 0.10694444444444444
1 0.3140625 0.15833333333333333 0.02421875 0.08472222222222223