2 0.16640625 0.3875 0.05703125 0.10694444444444444
2 0.23515625 0.36666666666666664 0.03828125 0.08055555555555556
2 0.0125 0.5 0.025 0.07777777777777778
2 0.28515625 0.3527777777777778 0.03125 0.0625
2 0.31875 0.34305555555555556 0.025 0.05138888888888889
2 0.34453125 0.3375 0.01875 0.0375
2 0.3984375 0.31805555555555554 0.01328125 0.034722222222222224
2 0.4375 0.31666666666666665 0.0140625 0.03194444444444444
2 0.359375 0.33194444444444443 0.0171875 0.030555555555555555
2 0.4234375 0.31666666666666665 0.01328125 0.030555555555555555
2 0.375 0.32222222222222224 0.015625 0.0375
0 0.7953125 0.4 0.05703125 0.10972222222222222
0 0.70859375 0.37222222222222223 0.04140625 0.08333333333333333
0 0.97265625 0.5027777777777778 0.0546875 0.13472222222222222
0 0.665625 0.3597222222222222 0.03203125 0.06388888888888888
0 0.6390625 0.35 0.02421875 0.05138888888888889
0 0.6140625 0.3458333333333333 0.0171875 0.030555555555555555