2 0.85390625 0.40555555555555556 0.06796875 0.12083333333333333
2 0.746875 0.37222222222222223 0.04140625 0.08055555555555556
2 0.69140625 0.35833333333333334 0.034375 0.058333333333333334
2 0.64609375 0.3458333333333333 0.02265625 0.04583333333333333
2 0.62890625 0.3402777777777778 0.01953125 0.0375
2 0.6109375 0.3333333333333333 0.015625 0.0375
2 0.59609375 0.32916666666666666 0.01484375 0.034722222222222224
2 0.58515625 0.325 0.01484375 0.03194444444444444
0 0.1515625 0.4222222222222222 0.0640625 0.11805555555555555
0 0.2609375 0.37916666666666665 0.04296875 0.08194444444444444
0 0.3109375 0.3625 0.034375 0.06527777777777778
0 0.01875 0.5513888888888889 0.03671875 0.05416666666666667
0 0.34765625 0.35 0.02109375 0.05138888888888889
0 0.371875 0.3388888888888889 0.01640625 0.04722222222222222
0 0.40234375 0.3277777777777778 0.0125 0.03611111111111111
0 0.390625 0.33611111111111114 0.0140625 0.0375
0 0.4125 0.32916666666666666 0.009375 0.03611111111111111
0 0.42265625 0.3277777777777778 0.0078125 0.022222222222222223
0 0.428125 0.3263888888888889 0.00625 0.025
0 0.43515625 0.3236111111111111 0.0078125 0.022222222222222223
0 0.44921875 0.3194444444444444 0.01640625 0.018055555555555554