2 0.83515625 0.4027777777777778 0.06953125 0.13055555555555556
2 0.7203125 0.36944444444444446 0.0421875 0.09166666666666666
2 0.6765625 0.35 0.03046875 0.06944444444444445
2 0.63359375 0.3375 0.0234375 0.05694444444444444
2 0.60625 0.33055555555555555 0.01875 0.043055555555555555
2 0.59453125 0.3277777777777778 0.0140625 0.0375
2 0.57578125 0.3236111111111111 0.015625 0.03611111111111111
2 0.5625 0.32083333333333336 0.01484375 0.027777777777777776
0 0.12578125 0.4263888888888889 0.0734375 0.14027777777777778
0 0.23984375 0.37777777777777777 0.04296875 0.09166666666666666
0 0.009375 0.5444444444444444 0.01875 0.15694444444444444
0 0.29296875 0.35694444444444445 0.02734375 0.06805555555555555
0 0.33359375 0.34305555555555556 0.0203125 0.05277777777777778
0 0.3515625 0.3347222222222222 0.01640625 0.043055555555555555
0 0.39296875 0.3277777777777778 0.0125 0.02361111111111111
0 0.37421875 0.3277777777777778 0.0140625 0.04027777777777778