2 0.78046875 0.4388888888888889 0.084375 0.1763888888888889
2 0.6875 0.38333333333333336 0.05234375 0.11388888888888889
2 0.640625 0.3541666666666667 0.0359375 0.08472222222222223
2 0.98046875 0.7125 0.03828125 0.13333333333333333
2 0.5828125 0.3236111111111111 0.01640625 0.044444444444444446
2 0.61640625 0.3388888888888889 0.0265625 0.06666666666666667
2 0.5953125 0.33055555555555555 0.0234375 0.05277777777777778
0 0.06484375 0.39444444444444443 0.0703125 0.12083333333333333
0 0.2359375 0.3388888888888889 0.028125 0.08055555555555556
0 0.303125 0.32222222222222224 0.0203125 0.05555555555555555
0 0.26484375 0.3333333333333333 0.02421875 0.06527777777777778
0 0.38359375 0.30972222222222223 0.01328125 0.043055555555555555
0 0.3546875 0.3138888888888889 0.009375 0.0375
0 0.14921875 0.37083333333333335 0.04296875 0.1111111111111111
0 0.328125 0.32222222222222224 0.0140625 0.0375
0 0.33828125 0.3194444444444444 0.01640625 0.0375