0 0.77578125 0.5402777777777777 0.12578125 0.24861111111111112
0 0.6390625 0.41944444444444445 0.06015625 0.125
0 0.596875 0.3819444444444444 0.0359375 0.0875
0 0.5625 0.36527777777777776 0.025 0.05555555555555555
0 0.5578125 0.35 0.0203125 0.04722222222222222
0 0.5390625 0.34305555555555556 0.01484375 0.043055555555555555
2 0.11875 0.375 0.046875 0.0875
2 0.21328125 0.35555555555555557 0.03125 0.06527777777777778
2 0.26875 0.34305555555555556 0.0234375 0.05277777777777778
2 0.29296875 0.3416666666666667 0.01953125 0.03888888888888889
2 0.34609375 0.3236111111111111 0.0140625 0.044444444444444446
2 0.3125 0.32916666666666666 0.0171875 0.05277777777777778
2 0.36875 0.32222222222222224 0.01328125 0.03333333333333333
2 0.33046875 0.3277777777777778 0.01640625 0.04583333333333333
2 0.35703125 0.3236111111111111 0.01171875 0.0375