0 0.1671875 0.29444444444444445 0.09296875 0.21944444444444444
0 0.05390625 0.35 0.10625 0.26944444444444443
0 0.26640625 0.2652777777777778 0.078125 0.2
0 0.3859375 0.23333333333333334 0.0609375 0.15555555555555556
0 0.4515625 0.22083333333333333 0.05234375 0.14305555555555555
0 0.703125 0.1875 0.04609375 0.11388888888888889
0 0.51171875 0.20972222222222223 0.05078125 0.13194444444444445
0 0.83515625 0.17777777777777778 0.04296875 0.10694444444444444
0 0.6296875 0.19166666666666668 0.04296875 0.11805555555555555
0 0.33515625 0.24444444444444444 0.06640625 0.16944444444444445
0 0.896875 0.1763888888888889 0.040625 0.09444444444444444
0 0.5625 0.2 0.04765625 0.12361111111111112
0 0.9546875 0.17083333333333334 0.0453125 0.10138888888888889
0 0.76796875 0.18333333333333332 0.04453125 0.1125