2 0.1984375 0.3763888888888889 0.04921875 0.09722222222222222
2 0.121875 0.4041666666666667 0.065625 0.12638888888888888
2 0.2671875 0.3597222222222222 0.0328125 0.0763888888888889
2 0.33046875 0.3333333333333333 0.0203125 0.05
2 0.2859375 0.35 0.02265625 0.06805555555555555
2 0.31171875 0.34444444444444444 0.0234375 0.05694444444444444
2 0.3625 0.3236111111111111 0.01484375 0.03611111111111111
2 0.34765625 0.3277777777777778 0.0171875 0.04583333333333333
0 0.82421875 0.4166666666666667 0.06796875 0.12916666666666668
0 0.71484375 0.38333333333333336 0.05 0.09583333333333334
0 0.6421875 0.35694444444444445 0.03203125 0.06944444444444445
0 0.58828125 0.3458333333333333 0.01875 0.03194444444444444
0 0.61484375 0.3472222222222222 0.021875 0.05694444444444444
0 0.57109375 0.3347222222222222 0.0140625 0.034722222222222224
0 0.55703125 0.33055555555555555 0.01953125 0.025
0 0.5390625 0.32222222222222224 0.01796875 0.02361111111111111