0 0.121875 0.6875 0.1921875 0.3597222222222222
0 0.3640625 0.4861111111111111 0.0765625 0.1597222222222222
0 0.40703125 0.4263888888888889 0.04375 0.10138888888888889
0 0.44921875 0.40555555555555556 0.034375 0.08333333333333333
0 0.0796875 0.3611111111111111 0.0140625 0.020833333333333332
0 0.0296875 0.3625 0.0125 0.025
0 0.1203125 0.35694444444444445 0.01171875 0.019444444444444445
0 0.47578125 0.3861111111111111 0.0203125 0.058333333333333334
2 0.8828125 0.39861111111111114 0.040625 0.08055555555555556
2 0.83125 0.3875 0.03203125 0.06805555555555555
2 0.78828125 0.38055555555555554 0.02890625 0.05694444444444444
2 0.728125 0.36666666666666664 0.01875 0.044444444444444446
2 0.96171875 0.4166666666666667 0.0546875 0.10416666666666667
2 0.70625 0.3638888888888889 0.0171875 0.04027777777777778
2 0.75546875 0.3680555555555556 0.0234375 0.06527777777777778
2 0.68984375 0.35833333333333334 0.015625 0.03611111111111111
2 0.140625 0.35 0.0125 0.02638888888888889
2 0.01640625 0.3472222222222222 0.0125 0.03333333333333333
2 0.96328125 0.43472222222222223 0.04609375 0.06111111111111111
2 0.6421875 0.3472222222222222 0.01484375 0.029166666666666667