0 0.45625 0.37083333333333335 0.04921875 0.1388888888888889
0 0.8078125 0.4708333333333333 0.096875 0.2388888888888889
0 0.58046875 0.40555555555555556 0.06640625 0.1736111111111111
0 0.3625 0.3416666666666667 0.03515625 0.1111111111111111
0 0.29921875 0.32083333333333336 0.02578125 0.09027777777777778
0 0.25703125 0.30833333333333335 0.025 0.0763888888888889
0 0.1828125 0.2875 0.015625 0.05277777777777778
0 0.21171875 0.29583333333333334 0.01875 0.06388888888888888
0 0.14453125 0.2833333333333333 0.01328125 0.03333333333333333
0 0.11640625 0.2652777777777778 0.01015625 0.041666666666666664
0 0.1328125 0.2791666666666667 0.01015625 0.027777777777777776
0 0.1046875 0.2638888888888889 0.00859375 0.03333333333333333
0 0.0890625 0.2611111111111111 0.01171875 0.02638888888888889