2 0.8390625 0.4777777777777778 0.10859375 0.20972222222222223
2 0.734375 0.4041666666666667 0.0671875 0.13333333333333333
2 0.68125 0.3763888888888889 0.04375 0.10277777777777777
2 0.64453125 0.35555555555555557 0.03515625 0.08194444444444444
2 0.6078125 0.32916666666666666 0.0203125 0.06388888888888888
2 0.62109375 0.3402777777777778 0.02890625 0.0763888888888889
0 0.034375 0.4111111111111111 0.06875 0.13333333333333333
0 0.2078125 0.3625 0.04453125 0.08472222222222223
0 0.265625 0.3458333333333333 0.0328125 0.06944444444444445
0 0.3171875 0.33055555555555555 0.01875 0.05694444444444444
0 0.3484375 0.3236111111111111 0.0171875 0.04722222222222222
0 0.36875 0.3138888888888889 0.0140625 0.04861111111111111
0 0.3828125 0.3138888888888889 0.01171875 0.04861111111111111
0 0.39140625 0.3125 0.01328125 0.05277777777777778