0 0.68671875 0.3013888888888889 0.0296875 0.05
0 0.7703125 0.3 0.03828125 0.075
0 0.6140625 0.2972222222222222 0.0203125 0.03611111111111111
0 0.55859375 0.2875 0.0171875 0.043055555555555555
0 0.4671875 0.2777777777777778 0.015625 0.03611111111111111
0 0.4296875 0.275 0.0125 0.029166666666666667
0 0.86484375 0.3125 0.02890625 0.075
2 0.09140625 0.37777777777777777 0.08828125 0.16111111111111112
2 0.5140625 0.3263888888888889 0.059375 0.08888888888888889
2 0.28828125 0.35138888888888886 0.06796875 0.12777777777777777
2 0.4421875 0.35555555555555557 0.04921875 0.06805555555555555
2 0.35546875 0.3472222222222222 0.06015625 0.10694444444444444
2 0.4109375 0.30694444444444446 0.0328125 0.06944444444444445
2 0.31796875 0.2861111111111111 0.02265625 0.05277777777777778
2 0.378125 0.3 0.02734375 0.0625
2 0.26875 0.2791666666666667 0.01640625 0.0375
2 0.21875 0.26805555555555555 0.015625 0.03194444444444444
2 0.340625 0.29444444444444445 0.0234375 0.05277777777777778
2 0.4390625 0.3111111111111111 0.0296875 0.06388888888888888
2 0.24375 0.275 0.01640625 0.03194444444444444