0 0.9171875 0.24166666666666667 0.08671875 0.2125
0 0.79765625 0.18333333333333332 0.0515625 0.1527777777777778
0 0.72578125 0.15 0.03671875 0.11805555555555555
0 0.62265625 0.10277777777777777 0.01484375 0.059722222222222225
0 0.6703125 0.12638888888888888 0.0234375 0.08194444444444444
0 0.6453125 0.1125 0.01796875 0.07222222222222222
0 0.60625 0.09305555555555556 0.0125 0.05555555555555555
0 0.59375 0.08888888888888889 0.0125 0.04722222222222222
2 0.16875 0.18194444444444444 0.05234375 0.15
2 0.3015625 0.12361111111111112 0.02578125 0.09583333333333334
2 0.35390625 0.10138888888888889 0.01875 0.07222222222222222
2 0.3875 0.08888888888888889 0.0140625 0.05277777777777778
2 0.246875 0.1486111111111111 0.0390625 0.12222222222222222
2 0.321875 0.11388888888888889 0.0234375 0.08611111111111111
2 0.37109375 0.09583333333333334 0.01640625 0.06111111111111111
2 0.40546875 0.08055555555555556 0.015625 0.04583333333333333
2 0.2453125 0.1111111111111111 0.01484375 0.04861111111111111