2 0.8515625 0.3958333333333333 0.0625 0.12083333333333333
2 0.97109375 0.4388888888888889 0.05625 0.16527777777777777
2 0.7625 0.3611111111111111 0.03828125 0.08194444444444444
2 0.7125 0.3472222222222222 0.03046875 0.06388888888888888
2 0.68125 0.33611111111111114 0.02265625 0.05277777777777778
2 0.63984375 0.3236111111111111 0.015625 0.0375
2 0.65703125 0.32916666666666666 0.01875 0.04583333333333333
2 0.7625 0.3013888888888889 0.009375 0.022222222222222223
2 0.628125 0.32083333333333336 0.0109375 0.03194444444444444
2 0.98359375 0.4305555555555556 0.0296875 0.14722222222222223
0 0.10859375 0.4666666666666667 0.10234375 0.1763888888888889
0 0.24375 0.40694444444444444 0.06171875 0.11805555555555555
0 0.3328125 0.3680555555555556 0.034375 0.08194444444444444
0 0.37421875 0.3541666666666667 0.02890625 0.06527777777777778
0 0.4 0.3416666666666667 0.01953125 0.05138888888888889