0 0.7921875 0.5 0.11953125 0.23055555555555557
0 0.63984375 0.38333333333333336 0.0453125 0.1125
0 0.61796875 0.35555555555555557 0.02734375 0.08472222222222223
0 0.9953125 0.30416666666666664 0.009375 0.027777777777777776
0 0.5953125 0.3347222222222222 0.021875 0.06111111111111111
0 0.53984375 0.3013888888888889 0.0203125 0.03194444444444444
0 0.58203125 0.32222222222222224 0.01484375 0.04861111111111111
0 0.884375 0.2972222222222222 0.009375 0.020833333333333332
0 0.9125 0.3013888888888889 0.01015625 0.018055555555555554
0 0.95234375 0.3055555555555556 0.01171875 0.018055555555555554
0 0.565625 0.3138888888888889 0.01328125 0.044444444444444446
2 0.02265625 0.38055555555555554 0.0453125 0.12777777777777777
2 0.1796875 0.3458333333333333 0.03828125 0.08333333333333333
2 0.2546875 0.32916666666666666 0.03046875 0.06666666666666667
2 0.32890625 0.30972222222222223 0.0171875 0.04722222222222222
2 0.98203125 0.29444444444444445 0.0125 0.02638888888888889
2 0.29140625 0.31805555555555554 0.0234375 0.05277777777777778
2 0.35546875 0.3111111111111111 0.01484375 0.030555555555555555
2 0.9015625 0.2902777777777778 0.009375 0.020833333333333332
2 0.92734375 0.2902777777777778 0.00859375 0.020833333333333332
2 0.3796875 0.2986111111111111 0.01484375 0.04027777777777778
2 0.95625 0.2902777777777778 0.0109375 0.016666666666666666