2 0.77265625 0.4375 0.0828125 0.17222222222222222
2 0.68125 0.3819444444444444 0.0515625 0.1111111111111111
2 0.63515625 0.35555555555555557 0.03515625 0.08333333333333333
2 0.97421875 0.7041666666666667 0.0515625 0.13055555555555556
2 0.57890625 0.3236111111111111 0.015625 0.043055555555555555
2 0.61171875 0.3402777777777778 0.02578125 0.06527777777777778
2 0.59140625 0.33194444444444443 0.02265625 0.05277777777777778
0 0.071875 0.39305555555555555 0.06875 0.11805555555555555
0 0.2390625 0.3388888888888889 0.028125 0.07916666666666666
0 0.30546875 0.3236111111111111 0.01953125 0.05555555555555555
0 0.26796875 0.3347222222222222 0.0234375 0.06388888888888888
0 0.38359375 0.3111111111111111 0.0125 0.041666666666666664
0 0.35546875 0.31527777777777777 0.00859375 0.03611111111111111
0 0.1546875 0.37083333333333335 0.04140625 0.10972222222222222
0 0.3296875 0.32222222222222224 0.01328125 0.0375
0 0.33984375 0.3194444444444444 0.015625 0.0375