0 0.11875 0.2125 0.0828125 0.20555555555555555
0 0.24296875 0.1486111111111111 0.04453125 0.14444444444444443
0 0.3125 0.11666666666666667 0.03515625 0.10694444444444444
0 0.3625 0.09583333333333334 0.0234375 0.08194444444444444
2 0.9046875 0.17777777777777778 0.065625 0.1736111111111111
2 0.80703125 0.1361111111111111 0.04375 0.13055555555555556
2 0.75078125 0.10972222222222222 0.03359375 0.10416666666666667
2 0.70546875 0.0875 0.02734375 0.08333333333333333
1 0.67265625 0.075 0.01875 0.07222222222222222
1 0.64765625 0.06388888888888888 0.01640625 0.059722222222222225
1 0.628125 0.058333333333333334 0.01171875 0.04722222222222222