1 0.95234375 0.26666666666666666 0.075 0.16944444444444445
1 0.23125 0.2611111111111111 0.06015625 0.16666666666666666
1 0.04375 0.37916666666666665 0.08671875 0.2847222222222222
1 0.81640625 0.2125 0.040625 0.11944444444444445
1 0.3171875 0.21666666666666667 0.0421875 0.12083333333333333
1 0.7515625 0.18333333333333332 0.03046875 0.09722222222222222
1 0.36328125 0.1875 0.028125 0.09861111111111111
1 0.39375 0.175 0.02265625 0.07361111111111111
1 0.7203125 0.17222222222222222 0.02421875 0.07777777777777778
1 0.68828125 0.16111111111111112 0.0171875 0.0625
1 0.41875 0.1638888888888889 0.0171875 0.06388888888888888
1 0.6703125 0.15416666666666667 0.01484375 0.05555555555555555
1 0.43828125 0.15416666666666667 0.0125 0.05138888888888889