2 0.01015625 0.4125 0.0203125 0.18472222222222223
2 0.1234375 0.3638888888888889 0.07109375 0.1361111111111111
2 0.2234375 0.325 0.04296875 0.09166666666666666
2 0.27890625 0.30694444444444446 0.03203125 0.07361111111111111
2 0.31484375 0.2972222222222222 0.02578125 0.05694444444444444
2 0.340625 0.28888888888888886 0.02109375 0.05138888888888889
2 0.36015625 0.2875 0.015625 0.034722222222222224
2 0.3953125 0.2777777777777778 0.0140625 0.022222222222222223
2 0.37265625 0.2791666666666667 0.01328125 0.03611111111111111
2 0.39140625 0.2708333333333333 0.0203125 0.04027777777777778
2 0.11875 0.3236111111111111 0.0203125 0.05277777777777778
0 0.94921875 0.4444444444444444 0.10078125 0.19722222222222222
0 0.80390625 0.3763888888888889 0.06875 0.13194444444444445
0 0.70390625 0.3333333333333333 0.03828125 0.09166666666666666
0 0.65859375 0.31666666666666665 0.03203125 0.07222222222222222
0 0.6296875 0.3055555555555556 0.0234375 0.05277777777777778