2 0.75703125 0.3486111111111111 0.04765625 0.09583333333333334
2 0.91171875 0.4013888888888889 0.0859375 0.1527777777777778
2 0.6859375 0.32916666666666666 0.03203125 0.075
2 0.65859375 0.31805555555555554 0.02421875 0.05555555555555555
2 0.62734375 0.30972222222222223 0.0203125 0.044444444444444446
2 0.60625 0.3 0.01796875 0.044444444444444446
2 0.58203125 0.29444444444444445 0.01484375 0.034722222222222224
0 0.1640625 0.4027777777777778 0.0671875 0.1388888888888889
0 0.23828125 0.3611111111111111 0.0515625 0.1
0 0.30390625 0.3347222222222222 0.034375 0.07361111111111111
0 0.3375 0.3194444444444444 0.021875 0.06111111111111111
0 0.3671875 0.3125 0.01796875 0.04861111111111111
0 0.38046875 0.30694444444444446 0.0140625 0.03611111111111111
0 0.39765625 0.30277777777777776 0.01328125 0.030555555555555555
0 0.44296875 0.2875 0.02265625 0.02638888888888889