2 0.021875 0.44166666666666665 0.04375 0.18472222222222223
2 0.20390625 0.3680555555555556 0.0546875 0.10833333333333334
2 0.290625 0.3388888888888889 0.03515625 0.07777777777777778
2 0.33984375 0.3263888888888889 0.02578125 0.0625
2 0.35859375 0.31805555555555554 0.01953125 0.05138888888888889
2 0.38203125 0.31666666666666665 0.0171875 0.03333333333333333
2 0.40078125 0.30694444444444446 0.01796875 0.029166666666666667
2 0.41875 0.30277777777777776 0.01328125 0.027777777777777776
0 0.92890625 0.4486111111111111 0.1 0.175
0 0.7359375 0.37222222222222223 0.04296875 0.1
0 0.696875 0.35 0.03671875 0.08055555555555556
0 0.6546875 0.33194444444444443 0.025 0.06111111111111111
0 0.63203125 0.32222222222222224 0.0171875 0.04861111111111111
0 0.61015625 0.31666666666666665 0.01484375 0.0375
0 0.58515625 0.30277777777777776 0.0125 0.03888888888888889
0 0.60078125 0.3125 0.01328125 0.03194444444444444