0 0.76484375 0.49166666666666664 0.10859375 0.20833333333333334
0 0.67265625 0.4125 0.06171875 0.12916666666666668
0 0.61640625 0.3680555555555556 0.03515625 0.08472222222222223
0 0.5890625 0.3541666666666667 0.02265625 0.06388888888888888
2 0.15390625 0.3638888888888889 0.0453125 0.08472222222222223
2 0.01953125 0.4097222222222222 0.03828125 0.10972222222222222
2 0.23203125 0.3472222222222222 0.03203125 0.06805555555555555
2 0.315625 0.32916666666666666 0.0203125 0.04722222222222222
2 0.28046875 0.3375 0.02265625 0.05416666666666667
2 0.38828125 0.30833333333333335 0.0140625 0.03333333333333333
2 0.340625 0.31805555555555554 0.015625 0.05138888888888889
2 0.3578125 0.31666666666666665 0.0125 0.041666666666666664
2 0.37421875 0.31527777777777777 0.0125 0.034722222222222224