0 0.18203125 0.24305555555555555 0.0671875 0.1638888888888889
0 0.03828125 0.325 0.07578125 0.24166666666666667
0 0.27734375 0.19722222222222222 0.03984375 0.11805555555555555
0 0.3328125 0.17083333333333334 0.0265625 0.09166666666666666
0 0.3671875 0.15694444444444444 0.01875 0.06944444444444445
0 0.3921875 0.14305555555555555 0.01484375 0.06111111111111111
2 0.928125 0.2652777777777778 0.08203125 0.19583333333333333
2 0.78125 0.20277777777777778 0.04453125 0.12916666666666668
2 0.72109375 0.175 0.03359375 0.1
2 0.6796875 0.15416666666666667 0.02421875 0.07916666666666666
2 0.64609375 0.14027777777777778 0.01796875 0.06388888888888888