0 0.096875 0.25416666666666665 0.08515625 0.20833333333333334
2 0.93203125 0.23333333333333334 0.08359375 0.1986111111111111
1 0.77421875 0.1736111111111111 0.040625 0.12777777777777777
1 0.69921875 0.14027777777777778 0.02734375 0.09444444444444444
1 0.30078125 0.14166666666666666 0.03515625 0.1
1 0.35078125 0.11944444444444445 0.01796875 0.06805555555555555
1 0.3296875 0.13055555555555556 0.02109375 0.08055555555555556
1 0.675 0.13055555555555556 0.02578125 0.08333333333333333
1 0.64140625 0.11805555555555555 0.02109375 0.07083333333333333
1 0.24921875 0.1736111111111111 0.04140625 0.125
1 0.5984375 0.1 0.01171875 0.05
1 0.61328125 0.10555555555555556 0.01640625 0.059722222222222225
1 0.371875 0.10972222222222222 0.0140625 0.05416666666666667
1 0.3859375 0.10555555555555556 0.0109375 0.03888888888888889