0 0.1625 0.45416666666666666 0.06875 0.16527777777777777
0 0.271875 0.39166666666666666 0.0390625 0.10555555555555556
0 0.33203125 0.36944444444444446 0.0296875 0.08055555555555556
0 0.37265625 0.3486111111111111 0.01796875 0.059722222222222225
0 0.40625 0.33611111111111114 0.01171875 0.03611111111111111
0 0.38984375 0.34305555555555556 0.01484375 0.05
0 0.41796875 0.33055555555555555 0.01015625 0.03194444444444444
2 0.81875 0.4375 0.065625 0.1625
2 0.66015625 0.3625 0.03046875 0.08333333333333333
2 0.5953125 0.3402777777777778 0.0171875 0.04722222222222222
2 0.6203125 0.35138888888888886 0.02109375 0.06666666666666667
2 0.58359375 0.33194444444444443 0.01328125 0.04027777777777778
2 0.6109375 0.34305555555555556 0.01484375 0.059722222222222225
2 0.69765625 0.38333333333333336 0.0359375 0.10416666666666667