0 0.15 0.25277777777777777 0.0609375 0.175
0 0.27109375 0.19444444444444445 0.03203125 0.11527777777777778
0 0.31328125 0.1736111111111111 0.025 0.09444444444444444
0 0.35 0.15555555555555556 0.01875 0.07777777777777778
0 0.375 0.14583333333333334 0.01484375 0.0625
0 0.39296875 0.13472222222222222 0.01328125 0.05694444444444444
0 0.40703125 0.12916666666666668 0.01171875 0.04722222222222222
0 0.41640625 0.12361111111111112 0.01015625 0.041666666666666664
2 0.8828125 0.25416666666666665 0.071875 0.1763888888888889
2 0.72421875 0.18055555555555555 0.03203125 0.10416666666666667
2 0.6734375 0.1597222222222222 0.02421875 0.08472222222222223
2 0.646875 0.1486111111111111 0.01953125 0.06805555555555555
2 0.625 0.1388888888888889 0.015625 0.059722222222222225
2 0.6046875 0.12777777777777777 0.01484375 0.05277777777777778
2 0.76171875 0.19722222222222222 0.040625 0.125
2 0.5953125 0.125 0.01328125 0.04861111111111111
2 0.58515625 0.11944444444444445 0.0109375 0.043055555555555555