0 0.0875 0.3013888888888889 0.096875 0.23194444444444445
0 0.22578125 0.23055555555555557 0.053125 0.15138888888888888
0 0.3109375 0.1875 0.0359375 0.10833333333333334
0 0.35078125 0.16666666666666666 0.0234375 0.08888888888888889
0 0.3859375 0.15 0.01796875 0.07361111111111111
0 0.43046875 0.12638888888888888 0.01171875 0.04583333333333333
0 0.44375 0.12083333333333333 0.01015625 0.03888888888888889
0 0.41875 0.13194444444444445 0.0125 0.05138888888888889
0 0.40390625 0.1361111111111111 0.01484375 0.059722222222222225
2 0.98828125 0.29444444444444445 0.0234375 0.2263888888888889
2 0.8515625 0.21666666666666667 0.05546875 0.14722222222222223
2 0.76015625 0.18055555555555555 0.034375 0.10555555555555556
2 0.72265625 0.1638888888888889 0.02890625 0.09305555555555556
2 0.69296875 0.15 0.02265625 0.07916666666666666
2 0.65546875 0.13472222222222222 0.0140625 0.05694444444444444
2 0.64140625 0.12916666666666668 0.01484375 0.05416666666666667
2 0.6296875 0.12361111111111112 0.01171875 0.04861111111111111
2 0.67265625 0.14305555555555555 0.01875 0.06805555555555555
2 0.61953125 0.11805555555555555 0.0109375 0.04583333333333333