2 0.7734375 0.5513888888888889 0.140625 0.27361111111111114
2 0.63671875 0.49166666666666664 0.10234375 0.20416666666666666
2 0.56328125 0.45416666666666666 0.08125 0.16527777777777777
2 0.50859375 0.43333333333333335 0.06796875 0.14305555555555555
2 0.3578125 0.3972222222222222 0.05234375 0.10416666666666667
2 0.14921875 0.3680555555555556 0.04296875 0.0763888888888889
2 0.4625 0.41944444444444445 0.059375 0.12638888888888888
2 0.0546875 0.36527777777777776 0.0421875 0.07083333333333333
2 0.321875 0.3902777777777778 0.04375 0.09861111111111111
2 0.28828125 0.38333333333333336 0.0421875 0.09305555555555556
2 0.21171875 0.37222222222222223 0.0484375 0.07916666666666666
2 0.4125 0.40694444444444444 0.053125 0.11527777777777778
2 0.090625 0.3680555555555556 0.0421875 0.07222222222222222
2 0.26171875 0.37777777777777777 0.03515625 0.08472222222222223
2 0.00859375 0.3819444444444444 0.0171875 0.03194444444444444
2 0.9890625 0.8222222222222222 0.0203125 0.029166666666666667