1 0.0296875 0.2361111111111111 0.059375 0.24444444444444444
1 0.95390625 0.21944444444444444 0.0921875 0.22083333333333333
1 0.81953125 0.15694444444444444 0.0578125 0.1625
1 0.22890625 0.11944444444444445 0.034375 0.12916666666666668
1 0.58046875 0.12361111111111112 0.03671875 0.11805555555555555
1 0.1625 0.1527777777777778 0.04921875 0.15694444444444444
1 0.5140625 0.12083333333333333 0.040625 0.125
1 0.65234375 0.11805555555555555 0.03671875 0.11805555555555555
1 0.4390625 0.12083333333333333 0.0359375 0.125
1 0.7296875 0.11805555555555555 0.03984375 0.12222222222222222
1 0.3640625 0.125 0.03671875 0.11805555555555555
1 0.29296875 0.12361111111111112 0.0375 0.12222222222222222